-11 -8 -2 -9
-7 5 5 1
11 9 2 10
0 -4 3 -2
-2 7 -2 8
16 10 11 6
7 -1 -23 -12
-16 -31 -13 -8
-35 -24 -11 -13
4 25 19 6
27 15 -13 2
-11 -15 -4 -11
3 22 0 4
11 -2 -3 -2
-2 -4 -11 5
12 -12 1 15
4 18 9 -15
-11 -4 -17 -30
-2 0 -13 11
10 7 9 5
-10 8 -14 -6
11 4 -5 16
17 10 8 4
22 -5 -11 19
15 27 19 -14
-10 -5 -25 -33
-11 -11 -16 3
7 5 2 9
8 18 3 -8
-6 -6 -28 -6
-2 -3 15 18
41 19 11 32
-21 -17 4 -12
12 28 8 7
19 0 -18 -13
-18 -17 -21 -4
-7 -2 2 0
5 22 1 9
13 -5 -9 -13
-8 -24 -15 -1
-3 -7 5 -16
-7 0 -5 -2
11 7 8 21
9 10 3 11
-14 -6 -3 8
7 25 15 7
11 -5 -20 -25
-27 -33 -17 -19
-11 -10 -8 0
16 -1 14 13
8 8 -1 6
-1 3 -6 5
17 21 4 0
-25 -21 -21 -31
-21 -5 8 15
23 23 32 2
19 19 0 10
14 -26 4 2
-17 0 -3 2
-1 2 -3 5
-9 -13 -14 -2
-17 -2 1 -1
2 12 16 1
7 10 15 -16
31 19 9 14
8 -30 -4 -4
-28 -8 1 4
2 11 7 7
-11 -22 -4 6
-15 11 9 4
-2 -2 11 -8
-10 2 11 -18
-10 -31 -7 10
17 8 26 31
9 4 6 -11
-25 -5 -17 -11
6 -12 4 14
-10 9 6 4
-4 -11 2 -21
-26 -11 -5 -22
-2 -24 0 -3
-5 -5 9 15
3 6 23 9
-6 18 -2 1
13 1 2 15
-1 -3 -2 2
-13 -11 4 -16
-8 2 -1 -8
5 -8 3 -1
0 -10 -1 -4
-11 0 5 2
-2 20 5 -2
14 13 -3 5
-6 -23 -12 0
-16 0 21 12
26 20 16 14
21 18 12 -2
-10 -19 -12 -27
-20 -4 -10 2
-3 8 11 -8
-15 -9 -20 5
12 4 14 26
15 14 9 0
7 -10 -5 1
-10 -2 4 -3
-3 11 10 -14
2 -1 -21 -4
-19 -14 2 -15
0 12 -4 8
8 1 1 3
3 -3 -5 5
9 -10 3 10
-35 -27 -10 -13
3 31 19 9
31 12 -12 -5
-18 -19 -13 -14
3 16 3 3
13 9 0 5
6 -6 -16 -11
-7 -25 -19 5
8 14 11 -22
-19 -10 -30 -22
-1 2 12 26
34 27 16 23
0 11 6 -8
9 7 -13 -3
1 -5 -9 -5
10 -2 -10 15
