-512 -512 -512 -512
-512 -141 -43 -512
-512 -512 -512 511
511 511 511 511
-512 -512 -512 -512
511 511 511 -512
-512 -512 -512 511
511 511 511 64
-512 -512 -512 511
511 511 511 -512
-512 -512 -512 62
-131 -512 -512 -512
-512 -512 282 511
511 511 -512 -512
-512 -512 -512 -362
-512 -512 -512 -512
-512 -512 -36 -67
-512 -512 -512 -512
-512 -512 265 511
511 -512 -512 -512
-512 -512 -512 -512
-512 -512 -512 -512
-512 -512 87 511
511 511 511 511
439 511 511 511
-194 -512 -512 -512
-512 -512 -512 511
511 511 511 511
511 511 511 511
511 511 -512 -512
-512 -512 511 511
511 511 511 511
