-512 -512 -114 511
511 511 511 511
511 511 511 511
511 511 511 511
-512 -512 -512 -339
508 511 511 511
511 511 511 511
511 511 511 511
-512 -512 -512 -512
-512 -512 -15 511
511 511 511 511
511 511 511 511
-512 -512 -512 -512
-512 -512 -512 -512
-500 349 511 511
511 511 511 511
-512 -512 -512 -512
-512 -512 -512 -512
-512 -512 -512 -37
511 511 511 205
-512 -512 -512 -512
-512 -512 -512 -512
-512 -512 -248 359
511 511 329 -257
-512 -512 -512 -512
-512 -512 -512 -512
-146 511 511 511
511 511 511 511
-37 -495 -512 -512
-512 -512 -512 -512
-113 511 511 511
511 511 511 511
511 511 229 61
16 -66 -158 -433
-481 -427 78 511
511 511 511 511
463 384 450 511
511 511 511 511
511 -37 -457 2
511 511 511 511
511 380 333 511
511 511 511 511
511 511 511 247
208 511 511 511
511 511 255 -328
-168 511 511 511
511 511 511 511
511 -83 -406 -457
511 511 511 -327
-512 -512 -512 511
511 511 511 511
511 511 -81 -512
511 511 511 511
-512 -512 -512 -512
-512 511 511 511
511 511 511 511
511 511 511 511
511 511 -512 -512
-512 -512 -166 511
511 511 511 511
511 511 511 511
511 511 511 -512
-512 -512 -512 -512
511 511 511 511
