511 511 511 511
511 511 511 511
511 511 -462 -512
-512 -512 -512 -353
437 424 504 511
511 511 511 511
511 511 511 511
338 -512 -512 -512
-512 -512 -512 -512
-512 -501 -275 -66
69 122 138 55
-375 -512 -512 -512
-512 -512 -512 -512
-512 -512 -55 511
511 511 511 511
511 132 -512 -512
13 68 297 511
511 511 511 511
511 511 511 511
511 511 511 511
-512 -512 -415 511
511 511 511 511
511 511 511 285
463 511 511 511
511 511 511 -512
-512 -512 80 511
511 511 511 511
511 47 -512 -480
511 511 511 511
511 358 -512 -512
-512 -512 511 511
511 511 511 428
