-351 511 511 511
511 511 -416 -280
-393 267 511 511
511 511 511 -235
-512 -512 -353 511
511 511 511 -151
-512 -512 -512 -512
511 511 511 511
-512 -512 -512 -512
-221 511 511 511
-512 -512 -512 -479
511 511 511 511
-262 -512 -512 511
511 511 511 511
511 511 48 511
511 511 511 511
511 511 511 511
511 511 511 511
511 511 511 511
-232 -512 511 511
511 511 511 511
511 -512 -512 -512
511 511 -512 -83
511 511 -512 -512
511 511 -512 -512
305 511 -188 -512
511 511 -347 -512
-512 511 511 -330
511 511 511 -512
-512 -512 511 511
511 511 511 -512
-512 -512 241 511
