148 228 221 105
-98 -346 -512 -512
-512 -512 -512 -512
-512 -509 -466 -467
-512 -512 -512 -512
-512 -512 -512 -512
-512 -455 -228 -30
103 188 218 236
211 299 233 -21
-421 -512 -512 -512
-512 -512 -512 -512
-512 -512 -512 -512
-512 -512 -512 -512
-512 -512 -512 -512
-512 -512 -412 -14
250 416 471 507
199 234 66 -337
-512 -512 -512 -512
-512 -512 -512 -512
-512 -512 -512 -512
-512 -512 -512 -512
-512 -512 -512 -512
-512 -512 -512 36
424 511 511 511
27 -123 -481 -512
-512 -512 -512 -512
-512 -512 -512 -512
-512 -512 -512 -512
-512 -512 -512 -512
-512 -512 -512 -512
-512 -512 -512 109
511 511 511 511
-248 -512 -512 -512
-512 -512 -512 -512
-512 -512 -512 -512
-512 -235 -167 -439
-512 -512 -512 -512
-512 -512 -512 -512
-512 -512 -512 188
511 511 511 511
-512 -512 -512 -512
-512 -512 -512 -512
-512 -512 -512 -512
30 511 511 98
-512 -512 -512 -512
-512 -512 -512 -512
-512 -512 -512 224
511 511 511 511
-512 -512 -512 -512
-512 -512 -512 -512
-512 -512 -512 -362
511 511 511 470
-416 -512 -512 -512
-512 -512 -512 -512
-512 -512 -476 136
409 451 284 235
-512 -512 -512 -512
-512 -512 -512 -512
-512 -512 -512 232
511 511 511 511
-187 -512 -512 -512
-512 -512 -512 -512
-512 -512 -299 -8
-62 -321 -512 -512
-512 -512 -512 -512
-512 -512 -512 -512
-512 -512 -390 511
511 511 511 511
28 -512 -512 -512
-512 -512 -512 -512
-512 -512 -187 -239
-512 -512 -512 -512
-512 -512 -512 -512
-512 -512 -512 -512
-512 -512 511 511
511 511 511 511
176 -512 -512 -512
-512 -512 -512 -512
-512 -233 -146 -512
-512 -512 -512 -512
-512 -512 -512 -512
-512 -512 -512 -512
-512 -176 511 511
511 511 511 511
213 -512 -512 -512
-512 -512 -512 -512
-313 -18 -170 -512
-512 -512 -512 -512
-512 -512 -512 -512
-512 -512 -512 -512
-512 511 511 511
511 511 511 511
85 -512 -512 -512
-512 -512 -512 -512
-236 -53 -346 -512
-512 -512 -512 -512
-512 -512 -512 -512
-512 -512 -512 -512
-328 511 511 511
511 511 511 511
24 -512 -512 -512
-512 -512 -512 -512
-512 -507 -512 -512
-512 -512 -512 -512
-512 -512 -512 -512
-512 -512 -512 -512
511 511 511 511
511 511 511 511
-342 -512 -512 -512
-512 -512 -512 -512
-512 -512 -512 -512
-512 -512 -512 -512
-512 -512 -512 -512
-512 -512 -512 -508
511 511 511 511
511 511 511 511
-512 -512 -512 -512
-512 -512 -512 -512
-512 -512 -512 -512
-512 -512 -512 -512
-512 -512 -512 -512
-512 -512 -512 511
511 511 511 511
511 511 511 -512
-512 -512 -512 -512
-512 -512 -512 -512
-512 -512 -512 -512
-512 -512 -512 -512
-512 -512 -512 -512
-512 -512 18 511
511 511 511 511
511 511 -391 -512
-512 -512 -512 -512
-512 -512 -512 -512
-512 -512 -512 -512
-512 -512 -512 -512
-512 -512 -512 -512
-512 -312 511 511
511 511 511 511
511 240 -512 -512
-512 -512 -512 -512
-512 -512 -512 -512
-512 -512 -512 -512
-512 -512 -512 -512
-512 -512 -512 -512
-272 511 511 511
511 511 511 511
511 -512 -512 -512
-512 -512 -512 -512
-512 -512 -512 -512
-512 -512 -512 -512
-512 -512 -512 -512
-370 -512 -483 -121
490 511 511 511
511 511 511 511
-184 -512 -512 -512
-512 -512 -512 -512
-512 -512 -512 -512
-512 -512 -512 -512
-512 -512 -512 -512
-205 -258 -100 273
511 511 511 511
511 511 511 400
-512 -512 -512 -512
-512 -512 -512 -512
-512 -512 -512 -512
-512 -512 -512 -512
-512 -512 -512 -512
-105 -84 109 463
511 511 511 511
511 511 511 -64
-512 -512 -512 -512
-512 -512 -512 -512
-512 -512 -512 -512
-512 -512 -512 -512
-512 -512 -512 -512
-77 -40 144 471
511 511 511 511
511 511 511 -164
-512 -512 -512 -512
-512 -512 -512 -512
-512 -512 -512 -512
-512 -512 -512 -512
-512 -512 -301 -81
-102 -90 61 368
511 511 511 511
511 511 511 112
-512 -512 -512 -512
-512 -512 -512 -512
-512 -512 -512 -512
-512 -512 -512 -512
-512 -329 151 440
-139 -155 -34 269
511 511 511 511
511 511 511 511
-20 -512 -512 -512
-512 -512 -512 -512
-512 -512 -512 -512
-512 -512 -512 -512
-512 195 511 511
-154 -166 -42 297
511 511 511 511
511 511 511 511
511 121 -512 -512
-512 -512 -512 -512
-512 -512 -512 -512
-512 -512 -512 -512
125 511 511 511
-154 -144 3 399
511 511 511 511
511 511 511 511
511 511 57 -512
-512 -512 -512 -512
-512 -512 -512 -512
-512 -512 -512 -80
511 511 511 511
-128 -72 121 511
511 511 511 511
511 511 511 511
511 511 511 -261
-512 -512 -512 -512
-512 -512 -512 -512
-512 -512 -112 511
511 511 511 511
-103 -2 238 511
511 511 511 511
511 511 511 511
511 511 511 494
-512 -512 -512 -512
-512 -512 -512 -512
-512 72 511 511
511 511 511 511
-53 114 420 511
511 511 511 511
511 511 511 511
511 511 511 511
-250 -512 -512 -512
-512 -512 -512 -404
333 511 511 511
511 511 511 511
-17 194 511 511
511 511 511 511
511 511 511 511
511 511 511 511
74 -512 -512 -512
-512 -512 -492 301
511 511 511 511
511 511 511 511
19 272 511 511
511 511 511 511
511 511 511 511
511 511 511 511
279 -512 -512 -512
-512 -512 -71 511
511 511 511 511
511 511 511 511
