-7 5 9 -18
15 62 34 -28
-21 6 3 -20
-23 0 -3 15
-18 -21 -6 46
6 4 -20 10
-21 11 9 5
-11 36 10 -43
1 17 -6 11
26 34 -7 -20
-25 -6 -33 7
27 -12 -18 -5
5 -45 -16 36
78 -4 21 2
21 -22 -5 -13
11 -7 2 -34
5 -14 11 -8
26 39 45 -7
10 -12 28 -30
-26 -8 5 -17
-27 -17 12 8
-16 18 -11 9
-8 17 18 18
0 21 -17 -26
8 22 -23 0
-13 -6 -14 4
-36 21 -6 24
-24 -16 4 20
-10 4 -16 17
34 6 9 3
37 30 -23 -32
-2 -9 0 -29
32 12 19 -6
3 11 -13 -5
44 14 20 -12
1 -3 -19 0
18 -24 -5 -16
-28 -23 -17 23
14 -19 6 0
-11 6 5 40
-65 0 25 -22
-47 -51 9 -7
13 12 -33 -29
24 -10 4 11
54 63 18 -5
-27 -32 31 0
-42 7 27 6
-39 -23 29 -9
6 14 33 22
-19 16 -54 3
22 21 -15 31
40 49 -48 -1
8 -30 -24 -15
-24 -14 -3 16
-19 -63 10 2
-12 9 27 68
-40 -37 -44 -41
-3 -33 28 -11
-1 -14 -15 -19
17 -9 34 16
20 46 10 18
-4 -14 -14 -16
-34 26 0 36
12 -10 -11 -37
0 -14 26 37
-3 15 -13 13
-13 -19 29 40
27 44 -2 -45
-43 -54 2 -43
5 30 22 -29
-4 -41 17 -13
17 21 7 28
-12 -18 -52 -17
27 -4 8 -3
-6 -7 -44 -12
7 -10 1 14
3 34 -7 43
21 1 -8 12
-13 17 -15 43
19 -30 -34 -36
14 24 47 5
3 59 24 -15
-11 5 31 -7
-30 -10 -16 4
-13 -52 -10 13
9 8 -15 5
14 6 12 -37
-22 52 27 -19
24 44 -10 -16
9 11 -3 -30
-14 28 -9 -28
-26 -41 12 13
18 -2 11 27
37 -29 28 21
39 8 -11 -28
-14 -26 5 -24
28 1 18 12
10 -6 11 32
40 -8 14 -9
-33 -27 -28 10
10 10 -15 -10
-29 15 -38 22
27 35 -10 0
-9 10 -20 13
15 20 -14 11
-22 -22 -17 8
-39 22 22 19
-38 5 35 -8
-36 18 21 -24
-2 15 38 -10
25 15 -13 -32
0 -20 -1 5
13 -30 -21 -8
22 -17 9 9
29 -32 14 0
18 -10 8 0
17 -6 -5 -12
0 -3 -39 -16
6 2 -12 18
28 9 -18 12
-39 -22 2 13
-13 -11 -12 4
-15 -12 -25 17
37 45 2 -13
-10 18 7 -7
-12 9 16 -21
-53 -33 12 25
8 -4 8 17
