-1 14 -3 -9
7 -17 33 -23
-3 -22 -1 25
-13 -3 8 7
1 16 -12 -5
20 -18 -17 15
10 -2 18 -27
30 26 -51 -5
-13 35 0 -22
0 -4 5 -1
8 8 -10 -7
2 19 -5 -17
15 32 -28 -19
44 -3 -14 -27
21 -11 13 -23
25 1 -38 12
-1 17 13 -29
7 -27 13 7
6 -10 11 -8
16 12 9 -37
4 18 -19 -3
-6 -7 30 -17
8 -27 10 9
-23 7 -23 39
-17 -3 12 8
1 -3 -15 17
-4 -12 5 11
-6 14 -5 -3
-9 31 -40 18
-39 -11 58 -8
-11 -16 -11 38
-13 19 -2 -3
2 -7 3 1
7 7 -15 1
32 -37 30 -24
0 6 -24 18
0 -2 -5 7
-5 -18 50 -26
-1 -6 -15 22
10 2 25 -37
14 32 -33 -14
-2 -5 12 -5
0 -19 28 -9
0 18 -57 38
-16 -7 16 8
-6 5 -13 14
9 -2 -4 -3
-4 7 1 -3
-13 35 -35 13
-9 -23 41 -9
-40 0 22 17
8 -13 -20 26
-3 10 15 -22
14 -18 -13 16
20 -23 32 -29
18 8 -26 0
1 -5 -6 11
-2 -8 31 -21
8 6 5 -19
21 8 -13 -16
20 44 -23 -42
42 -1 -16 -25
4 11 8 -23
26 16 -40 -2
