89 -512 173 511
182 -512 309 511
-283 -512 511 511
-512 -512 511 511
-512 -512 511 511
-512 -512 492 511
-512 -512 -41 511
-512 -512 -512 511
-512 -512 -512 511
-512 -512 -512 511
-512 -331 -512 511
-512 511 -512 511
-512 511 -512 127
-512 511 -512 -512
-512 511 -512 -512
-512 511 -512 -512
-512 511 -512 -512
-512 511 -512 -512
-512 511 -512 -512
-350 511 129 -512
67 511 511 -512
511 511 511 -512
511 511 511 -512
511 511 511 -512
511 511 511 -512
511 511 511 -512
511 511 511 -512
511 511 511 -512
511 511 511 -512
511 511 511 -512
511 511 511 -512
511 511 511 -512
