323 511 511 -512
4 511 403 -512
-512 511 37 -512
-512 511 -471 -512
-512 511 -512 -512
-512 511 -512 -512
-512 511 -512 -512
-512 511 -512 -512
-512 511 -512 -512
-512 511 -512 -225
-512 511 -512 119
-512 511 -512 367
-512 511 -512 511
-512 511 -512 511
-512 511 -512 511
39 511 -512 511
511 511 -512 191
511 511 -168 -512
511 511 253 -512
511 511 511 -512
511 511 511 -512
511 511 511 -512
511 511 511 -512
511 511 511 -512
511 511 511 -512
511 511 511 -512
511 0 511 -512
511 -512 511 -512
511 -512 445 -512
511 -512 37 -512
511 -512 -258 -512
511 -512 -441 -512
