-11 -11 -12 -13
-12 -12 -11 -10
-9 -8 -7 -5
-4 -3 -2 -1
-11 -12 -13 -13
-13 -12 -11 -10
-9 -8 -7 -5
-4 -3 -2 -1
-12 -12 -13 -14
-13 -12 -12 -11
-10 -8 -7 -5
-4 -3 -2 -1
-12 -13 -14 -14
-13 -13 -12 -11
-10 -9 -7 -6
-4 -3 -2 -1
-12 -13 -14 -14
-14 -13 -12 -11
-10 -9 -7 -6
-4 -3 -2 -1
-12 -12 -13 -13
-13 -12 -11 -11
-9 -8 -7 -5
-4 -3 -2 -1
-11 -11 -12 -12
-11 -11 -10 -10
-9 -7 -6 -5
-4 -2 -1 -1
-9 -9 -10 -10
-9 -9 -8 -8
-7 -6 -5 -4
-3 -2 -1 0
-6 -7 -7 -7
-7 -6 -6 -6
-5 -4 -3 -3
-2 -1 -1 0
-4 -4 -4 -4
-4 -4 -4 -3
-3 -2 -2 -2
-1 -1 0 0
-2 -2 -2 -2
-2 -2 -2 -2
-1 -1 -1 0
0 0 0 0
0 -1 -1 -1
0 0 0 0
0 0 0 0
0 0 0 0
1 1 1 1
1 1 1 1
1 1 1 1
1 1 0 0
1 1 1 1
1 1 1 1
1 1 1 1
1 1 1 0
1 1 1 1
1 1 1 1
1 1 1 1
1 1 1 0
1 1 1 1
1 0 0 0
0 0 0 0
0 0 0 0
1 1 0 0
0 0 0 -1
-1 -1 -1 0
0 0 0 0
0 0 0 0
-1 -1 -1 -1
-1 -1 -1 -1
-1 0 0 0
0 0 0 -1
-1 -1 -2 -2
-2 -2 -2 -2
-1 -1 0 0
0 0 0 -1
-1 -1 -2 -2
-2 -2 -2 -2
-2 -1 -1 0
0 0 0 -1
-1 -1 -2 -2
-2 -3 -3 -2
-2 -1 -1 0
1 0 0 0
-1 -1 -1 -2
-2 -2 -3 -2
-2 -2 -1 -1
1 1 1 0
0 -1 -1 -2
-2 -2 -2 -2
-2 -2 -1 -1
1 1 1 1
0 0 -1 -1
-2 -2 -2 -2
-2 -2 -1 -1
1 1 1 1
1 0 0 -1
-1 -2 -2 -2
-2 -2 -1 -1
1 1 1 1
1 0 0 0
-1 -1 -2 -2
-2 -2 -1 -1
1 1 1 1
1 1 0 0
-1 -1 -1 -2
-2 -1 -1 -1
1 1 1 1
1 1 0 0
0 -1 -1 -1
-1 -1 -1 0
1 1 1 1
1 0 0 0
0 -1 -1 -1
-1 -1 -1 0
1 1 1 1
0 0 0 0
0 0 -1 -1
-1 -1 0 0
0 0 0 0
0 0 0 0
0 0 0 0
0 0 0 0
0 0 0 0
0 0 0 0
0 0 0 0
0 0 0 0
