511 511 511 511
511 511 511 511
511 511 511 511
511 511 511 511
511 511 511 511
314 114 61 178
511 511 511 511
511 511 511 511
511 511 511 511
511 511 511 511
511 511 511 511
511 511 511 511
511 511 511 511
511 511 511 511
511 511 511 511
511 -512 -512 -512
-512 -512 -512 -512
-512 -512 -512 -512
-512 -472 -512 -512
-512 -512 -512 -512
-512 -512 -295 34
511 511 511 511
511 511 511 511
-512 -512 -512 -512
-512 -512 -512 -512
78 511 511 511
511 511 511 511
-512 -512 -512 -512
-512 -512 -512 -512
-512 -512 353 511
511 511 511 511
511 511 511 320
