-309 -407 -512 -512
-512 -512 -512 -512
-512 -512 -512 -458
-363 -317 -323 -373
-465 -512 -512 -512
-512 -512 -512 -470
-268 -65 127 262
352 399 419 417
-512 -512 -512 -512
-512 -512 -512 -512
-512 -512 -512 -512
-512 -478 -512 -512
-512 -512 -512 -512
-512 -512 -512 -512
-512 -103 283 511
511 511 511 511
-512 -512 -512 -512
-512 -512 -512 -512
-512 -512 -512 -512
-498 -461 -512 -512
-512 -512 -512 -512
-512 -512 -512 -512
-512 -122 444 511
511 511 511 511
-512 -512 -512 -512
-512 -512 -512 -512
-512 -512 -512 -306
-109 -153 -427 -512
-512 -512 -512 -512
-512 -512 -512 -512
-512 -107 511 511
511 511 511 511
-512 -512 -512 -512
-512 -512 -512 -512
-512 -512 -159 352
501 337 -113 -512
-512 -512 -512 -512
-512 -512 -512 -512
-512 -84 511 511
511 511 511 511
-512 -512 -512 -512
-512 -512 -512 -512
-512 -17 511 511
511 511 286 -512
-512 -512 -512 -512
-512 -512 -512 -512
-512 -68 511 511
511 511 511 511
-512 -512 -512 -512
-512 -512 -512 -512
-424 511 511 511
511 511 511 -413
-512 -512 -512 -512
-512 -512 -512 -512
-512 51 511 511
511 511 511 511
-512 -512 -512 -512
-512 -512 -512 -512
339 511 511 511
511 511 511 -282
-512 -512 -512 -512
-512 -512 -512 -512
-495 204 511 511
511 241 -77 -292
-512 -512 -512 -512
-512 -512 -512 -234
511 511 511 511
511 511 511 -256
-512 -512 -512 -512
-512 -512 -512 -512
-206 283 445 269
-224 -512 -512 -512
-512 -512 -512 -512
-512 -512 -512 511
511 511 511 511
511 511 511 -381
-512 -512 -512 -512
-512 -512 -512 -512
8 291 188 -257
-512 -512 -512 -512
-512 -512 -512 -512
-512 -512 157 511
511 511 511 511
511 511 511 -512
-512 -512 -512 -512
-512 -512 -512 -353
136 235 -96 -512
-512 -512 -512 -512
-512 -512 -512 -512
-512 -512 511 511
511 511 511 511
511 511 346 -512
-512 -512 -512 -512
-512 -512 -512 -360
57 40 -416 -512
-512 -512 -512 -512
-512 -512 -512 -512
-512 -223 511 511
511 511 511 511
511 511 -8 -512
-512 -512 -512 -512
-512 -512 -512 -512
-402 -430 -512 -512
-512 -512 -512 -512
-512 -512 -512 -512
-512 421 511 511
511 511 511 511
511 511 -512 -512
-512 -512 -512 -512
-512 -512 -512 -512
-512 -512 -512 -512
-512 -512 -512 -512
-512 -512 -512 -512
-512 511 511 511
511 511 511 511
511 -37 -512 -512
-512 -512 -512 -512
-512 -512 -512 -512
-512 -512 -512 -512
-512 -512 -512 -512
-512 -512 -512 -512
-319 511 511 511
511 511 511 511
-4 -512 -512 -512
-512 -512 -512 -512
-512 -512 -512 -512
-512 -512 -512 -512
-512 -512 -512 -512
-512 -512 -512 -512
146 511 511 511
511 511 511 -6
-512 -512 -512 -512
-512 -512 -512 -512
-512 -512 -512 -512
-512 -512 -512 -512
-512 -512 -512 -512
-512 -512 -512 -509
511 511 511 511
511 511 72 -512
-512 -512 -512 -512
-512 -512 -512 -512
-512 -512 -512 -512
-488 -512 -512 -512
-512 -512 -512 -512
-512 -512 -512 -68
511 511 511 511
511 83 -512 -512
-512 -512 -512 -512
-512 -512 -512 -512
-512 -512 -512 -512
-401 -512 -512 -512
-512 -512 -512 -512
-512 -512 -341 135
511 511 511 511
-95 -512 -512 -512
-512 -512 -512 -512
-512 -512 -512 -512
-512 -512 -512 -512
-426 -512 -512 -512
-512 -512 -512 -512
-512 -512 -233 98
368 475 276 -84
-512 -512 -512 -512
-512 -512 -512 -512
-512 -512 -512 -512
-512 -512 -512 -512
-512 -512 -512 -512
-512 -512 -512 -512
-512 -486 -262 -32
120 127 -149 -512
-512 -512 -512 -512
-512 -512 -512 -512
-512 -512 -512 -512
-512 -512 -512 -512
-512 -512 -512 -512
-381 -211 -65 4
-512 -512 -346 -155
-47 -64 -342 -512
-512 -512 -512 -512
-512 -512 -512 -512
-512 -512 -512 -512
-512 -512 -512 -512
-512 -512 -512 -371
-16 344 511 511
-512 -512 -395 -188
-59 -38 -261 -512
-512 -512 -512 -512
-512 -512 -512 -512
-512 -512 -512 -512
-512 -512 -512 -512
-512 -512 -512 -336
196 511 511 511
-512 -370 -147 104
291 386 253 24
-439 -512 -512 -512
-512 -512 -512 -512
-512 -512 -512 -512
-512 -512 -512 -512
-512 -512 -512 -118
511 511 511 511
64 245 506 511
511 511 511 511
511 91 -512 -512
-512 -512 -512 -512
-512 -512 -512 -512
-512 -512 -512 -512
-512 -512 -385 288
511 511 511 511
511 511 511 511
511 511 511 511
511 511 435 -407
-512 -512 -512 -512
-512 -512 -512 -512
-512 -512 -512 -512
-512 -512 43 511
511 511 511 511
511 511 511 511
511 511 511 511
511 511 511 511
-476 -512 -512 -512
-512 -512 -512 -512
-512 -512 -512 -512
-512 -141 511 511
511 511 511 511
511 511 511 511
511 511 511 511
511 511 511 511
263 -512 -512 -512
-512 -512 -512 -512
-512 -512 -512 -512
-54 500 511 511
511 511 511 511
511 511 511 511
511 511 511 511
511 511 511 511
511 -433 -512 -512
-512 -512 -512 -512
-512 -512 -512 -30
511 511 511 511
511 511 511 511
511 511 511 511
511 511 511 511
511 511 511 511
511 -131 -512 -512
-512 -512 -512 -512
-512 -512 -169 511
511 511 511 511
511 511 511 511
511 511 511 511
511 511 511 511
511 511 511 511
511 39 -512 -512
-512 -512 -512 -512
-512 -512 170 511
511 511 511 511
511 511 511 511
