-504 -512 511 511
-274 -512 410 511
35 -512 -30 511
293 -512 -480 511
128 -512 -512 511
-6 511 -512 309
-111 511 -512 -512
-180 511 -512 -512
171 511 -512 -512
511 511 -512 -512
511 511 -512 -512
511 511 -512 -512
511 511 -122 -512
511 511 511 -512
511 511 511 -512
511 511 511 -512
511 511 511 -512
511 511 511 -512
511 416 511 -512
511 204 511 -512
511 105 511 -512
511 153 511 -512
511 316 511 -512
511 511 511 -512
511 511 511 -512
511 511 511 -512
511 511 511 -512
511 511 511 -512
511 511 511 -512
511 511 511 -512
511 511 511 -512
499 511 260 -512
