511 511 511 511
511 511 511 511
511 511 511 511
511 511 511 511
511 511 511 511
511 511 511 511
511 511 511 249
20 -114 -121 -100
511 511 511 511
511 511 511 511
511 511 511 511
511 511 511 511
511 511 511 511
511 511 511 511
511 511 511 374
90 -90 -124 -111
511 511 511 511
511 511 511 511
511 511 511 511
511 511 511 511
511 511 511 511
511 511 511 511
511 511 511 511
173 -94 -171 -149
-512 -512 -512 -512
-512 -512 -512 -512
-512 -512 -512 -512
-512 -279 95 498
511 511 511 511
511 511 511 511
511 511 511 511
-7 -350 -416 -288
-512 -512 -512 -512
-512 -512 -512 -512
-512 -397 -207 53
370 511 511 511
511 511 511 511
511 511 511 511
511 511 511 62
-512 -512 -512 -512
511 511 511 511
511 511 511 511
511 511 511 511
511 511 511 511
511 511 511 511
511 511 511 511
511 511 -512 -512
-512 -512 -512 -512
511 511 511 511
511 511 511 511
511 511 511 511
511 511 511 511
511 511 511 511
511 511 511 511
-512 -512 -512 -512
-512 -512 -512 -512
-512 -512 -512 -512
-512 -512 -512 -512
-512 -512 -512 -509
-208 146 511 511
511 511 511 511
482 -190 -512 -512
-512 -512 -512 -512
-512 -512 -512 -512
-512 -512 -512 -512
-512 -512 -512 -512
-512 -512 -512 -512
-512 -512 -512 -422
-116 130 202 78
-232 -512 -512 -512
-512 -512 -512 -512
-512 -512 -512 -512
-512 -512 -512 -512
-512 -512 -512 -512
-512 -512 -512 -512
-512 -229 444 511
511 511 511 511
511 511 -226 -512
-512 -512 -512 -512
-512 -512 -512 -512
-512 -512 -512 -512
-512 -512 -512 -512
-314 214 511 511
511 511 511 511
511 511 511 511
511 511 511 511
-512 -512 -512 -512
-512 -512 -512 -512
-512 -512 -512 -512
-512 -512 -177 453
511 511 511 511
511 511 511 511
511 511 511 511
511 511 511 511
153 -512 -512 -512
-512 -512 -512 -512
-512 -512 -512 -512
-512 -512 -512 -512
-116 467 511 511
511 511 511 511
511 511 511 511
511 511 511 511
511 511 456 353
307 247 205 118
-512 -512 -512 -512
-512 -512 -512 -512
-512 -512 -512 -512
-512 -512 -512 -441
-87 298 511 511
511 511 511 511
511 511 511 511
511 511 511 511
-512 -512 -512 -512
-512 -512 -512 -512
-512 -512 -512 -512
-512 -512 -512 -512
-512 -15 511 511
511 511 511 511
511 511 511 511
511 511 511 511
511 511 482 379
205 16 -158 -327
-511 -512 -512 -512
-512 -512 -479 -264
54 432 511 511
511 511 511 511
511 511 511 511
511 511 511 511
