-512 -512 -512 -512
116 511 196 -512
-512 -512 -512 -512
-220 511 511 511
-512 -512 -512 -512
141 511 203 -512
-512 -512 -512 -512
-230 511 511 511
-512 -512 -512 -512
231 511 240 -512
-512 -512 -512 -512
-222 511 511 511
-512 -512 -512 -512
348 511 287 -512
-512 -512 -512 -512
-213 511 511 329
-512 -512 -512 -512
505 511 332 -512
-512 -512 -512 -512
-238 511 511 97
-512 -512 -512 -512
511 511 396 -512
-512 -512 -512 -512
-244 511 426 -203
-512 -512 -512 -512
511 511 479 -512
-512 -512 -512 -512
-254 511 137 -512
-512 -512 -512 -512
511 511 511 -512
-512 -512 -512 -512
-290 460 -159 -512
-512 -512 -512 -512
511 511 511 -512
-512 -512 -512 -512
-285 282 -510 -512
-512 -512 -512 -452
511 511 511 -512
-512 -512 -512 -512
-222 177 -512 -512
-512 -512 -512 -23
511 511 511 -512
-512 -512 -512 -512
-183 38 -512 -512
-512 -512 -512 425
511 511 511 -512
-512 -512 -512 -512
-159 -106 -512 -512
-512 -512 -512 511
511 511 511 -512
-512 -512 -512 -512
-135 -220 -512 -512
-512 -512 -512 511
511 511 511 -512
-512 -512 -512 -512
-140 -390 -512 -512
-512 -512 -512 511
511 511 511 -512
-512 -512 -512 -512
-177 -512 -512 -512
-512 -512 -512 511
511 511 511 -512
-512 -512 -512 -512
-250 -512 -512 -512
-512 -512 -512 511
511 511 511 -512
-512 -512 -512 -512
-414 -512 -512 -512
-512 -512 -482 511
511 511 511 -512
-512 -512 -512 -512
-512 -512 -512 -512
-512 -512 -140 511
511 511 511 -512
-512 -512 -512 -512
-512 -512 -512 -512
-512 -512 228 511
511 511 511 -512
-512 -512 -512 -512
-512 -512 -512 -512
-512 -512 511 511
511 511 511 -512
-512 -512 -512 -512
-512 -512 -512 -512
-512 -512 511 511
511 511 511 -512
-512 -512 -512 -512
-512 -512 -512 -512
-512 -512 511 511
511 511 168 -512
-512 -512 -512 -512
-512 -512 -512 -512
-512 -512 511 511
511 511 -389 -512
-512 -512 -512 -512
-512 -512 -512 -512
-512 -512 511 511
511 511 -512 -512
-512 -512 -512 -512
-512 -512 -512 -512
-512 -512 511 511
511 511 -512 -512
-512 -512 -512 -512
-512 -512 -512 -512
-512 -216 511 511
511 511 -512 -512
-512 -512 -512 -512
-512 -512 -512 -512
-512 108 511 511
511 288 -512 -512
-512 -512 -512 -512
-512 -512 -512 -512
-512 476 511 511
511 -450 -512 -512
-512 -512 -512 -512
-512 -512 -512 -512
-505 511 511 511
511 -512 -512 -512
-512 -512 -512 -512
-512 -512 -512 -512
-109 511 511 511
511 -512 -512 -512
-512 -512 -512 -512
-512 -512 -512 -512
278 511 511 511
45 -512 -512 -512
-512 -512 -512 -512
-512 -512 -512 -512
511 511 511 511
-512 -512 -512 -512
-512 -512 -512 -512
-512 -512 -512 -512
511 511 511 511
-512 -512 -512 -512
-512 -512 -512 -512
-512 -512 -512 -512
511 511 511 473
-512 -512 -512 -512
-512 -512 -512 -512
-512 -512 -512 -512
511 511 511 116
-512 -512 -512 -512
-512 -512 -512 -512
-512 -512 -512 -512
511 511 511 -262
-512 -512 -512 -512
-512 -512 -512 -512
-512 -512 -512 -512
511 511 511 -512
-512 -512 -512 -512
-512 -512 -512 -512
-512 -512 -512 -512
511 511 511 -512
-512 -512 -512 -512
-512 -512 -512 -512
-512 -512 -512 -433
511 511 317 -512
-512 -512 -512 -512
-512 -512 -512 -512
-512 -512 -512 -63
511 511 142 -512
-512 -512 -512 -512
-512 -512 -512 -512
-512 -512 -351 283
511 511 65 -512
-512 -512 -512 -512
-512 -512 -512 -512
-512 -512 -41 511
511 511 62 -512
-512 -512 -512 -512
-512 -512 -512 -512
-512 -512 323 511
511 511 155 -512
-512 -512 -512 -512
-512 -512 -512 -512
-512 -505 511 511
511 511 312 -512
-512 -512 -512 -512
-512 -512 -512 -512
-512 -352 511 511
511 511 494 -512
-512 -512 -512 -512
-512 -512 -512 -512
-512 -173 511 511
511 511 511 -253
-512 -512 -512 -512
-512 -512 -512 -512
-512 -14 511 511
511 511 511 130
-512 -512 -512 -512
-512 -512 -512 -512
-512 142 511 511
511 511 511 511
-512 -512 -512 -512
-512 -512 -512 -512
-512 287 511 511
511 511 511 511
-18 -512 -512 -512
-512 -512 -512 -512
-512 463 511 511
511 511 511 511
489 -512 -512 -512
-512 -512 -512 -512
-512 511 511 511
511 511 511 511
511 -118 -512 -512
-512 -512 -512 -512
-512 511 511 511
511 511 511 511
511 262 -512 -512
-512 -512 -512 -512
-391 511 511 511
511 511 511 511
511 511 -512 -512
-512 -512 -512 -512
-158 511 511 511
511 511 511 511
511 511 -468 -512
-512 -512 -512 -512
115 511 511 511
511 511 511 511
511 511 -186 -512
-512 -512 -512 -512
395 511 511 511
511 511 511 511
511 511 63 -512
-512 -512 -512 -446
511 511 511 511
511 511 511 511
511 511 276 -512
-512 -512 -512 -138
511 511 511 511
511 511 511 511
511 511 434 -512
-512 -512 -512 170
511 511 511 511
511 511 511 511
511 511 511 -512
-512 -512 -512 402
511 511 511 511
511 511 511 511
511 511 448 -512
-512 -512 -512 488
511 511 511 511
511 511 511 511
511 511 433 -512
-512 -512 -512 511
511 511 511 511
511 511 511 511
511 511 425 -512
-512 -512 -512 511
511 511 511 511
511 511 511 511
511 511 372 -512
-512 -512 -512 511
511 511 511 511
