-512 -512 -512 -512
511 322 -512 -512
-512 -512 -512 511
511 511 511 74
-512 -512 -512 -512
511 366 -512 -512
-512 -512 -512 511
511 511 511 -38
-512 -512 -512 -502
511 511 -512 -512
-512 -512 -512 511
511 511 511 -298
-512 -512 -512 90
511 511 -512 -512
-512 -512 -512 511
511 511 -77 -512
-512 -512 -512 511
511 511 -512 -512
-512 -512 -512 511
511 511 -512 -512
-512 -512 -512 511
511 511 -512 -512
-512 -512 -512 511
511 -160 -512 -512
-512 -512 -403 511
511 511 -512 -512
-512 -512 -512 456
511 -512 -512 -512
-512 -512 511 511
511 511 -512 -512
-512 -512 -512 -9
59 -512 -512 -512
-512 -512 511 511
511 511 -512 -512
-512 -512 -512 -298
-232 -512 -512 -512
-512 -512 511 511
511 -100 -512 -512
-512 -512 -512 -247
-512 -512 -512 -512
-512 119 511 511
511 -512 -512 -512
-512 -512 -512 73
-512 -512 -512 -512
-512 511 511 511
511 -512 -512 -512
-512 -512 -207 511
-409 -512 -512 -512
511 511 511 511
-512 -512 -512 -512
-512 -512 230 511
-173 -512 -512 -512
511 511 511 511
-512 -512 -512 -512
-512 -512 440 511
-314 -512 -512 -512
511 511 511 -512
-512 -512 -512 -512
-512 -512 511 511
-427 -512 -512 -286
511 511 511 -512
-512 -512 -512 -512
-512 -455 511 436
-318 -512 -168 133
511 511 146 -512
-512 -512 -512 -512
-512 -50 511 443
-56 -6 511 511
511 511 -207 -512
-512 -512 -512 -512
-512 186 511 511
382 511 511 511
511 511 -220 -512
-512 -512 -512 -512
-512 282 511 511
511 511 511 511
511 511 155 -512
-512 -512 -512 -512
-512 193 511 511
511 511 511 511
511 511 511 -512
-512 -512 -512 -512
-512 -24 417 511
511 511 511 511
511 511 511 76
-512 -512 -512 -512
-512 -223 188 511
511 511 511 511
511 511 511 511
445 -118 -324 -458
-512 -435 -8 511
511 511 511 511
511 511 511 511
511 511 381 -191
-512 -512 -92 511
511 511 511 511
511 511 511 511
511 511 511 -1
-512 -512 -8 511
511 511 511 511
511 511 511 511
511 511 511 -173
-512 -512 -2 511
511 511 511 511
511 511 511 511
511 511 511 -181
-512 -438 184 511
511 511 511 511
511 511 511 511
511 511 511 1
-299 -58 484 511
511 511 511 408
511 511 511 511
511 511 511 295
125 390 511 511
511 511 450 122
511 511 511 511
511 511 511 511
511 511 511 511
511 511 167 -55
511 511 511 511
511 511 511 511
490 511 511 511
511 318 9 -114
511 511 511 511
511 511 450 315
326 427 511 488
337 104 -61 -101
