-490 455 511 511
-512 -512 -512 -512
-512 81 511 511
-512 -512 -512 -512
-512 230 511 511
-512 -512 -512 -512
-512 511 511 -366
-512 -512 -512 -512
511 511 511 -512
-512 -512 -512 -512
511 511 -78 -512
-512 -512 -512 -512
511 511 -472 -512
-512 -512 -512 -512
511 511 -512 -512
-512 -512 -512 -320
511 511 -512 -512
-512 -512 -512 511
511 511 -512 -512
-512 -505 511 511
511 511 158 98
511 511 511 511
511 511 511 511
511 511 399 -478
511 511 511 511
511 511 -466 -512
511 511 511 511
511 511 -512 -512
511 511 511 511
511 -157 -512 -512
511 511 511 511
-121 -512 -512 -512
511 511 511 19
-512 -512 -512 -512
511 511 511 -512
-512 -512 -512 -512
511 511 493 -512
-512 -512 -219 511
389 511 394 -512
-512 -512 511 511
54 511 511 -512
-512 -512 511 511
303 511 511 -272
-512 271 511 511
511 511 511 306
-13 511 511 511
511 511 511 511
511 511 511 511
511 511 511 511
511 511 511 511
511 511 511 511
511 511 511 -109
511 511 511 511
511 511 326 -512
511 511 511 511
511 511 -512 -512
511 511 511 511
511 511 -512 -512
511 511 511 511
511 -352 -512 -512
511 511 511 511
511 -512 -512 511
511 511 511 511
511 -512 -512 511
