352 75 -512 -512
-512 -512 -512 -512
-512 -512 -512 -512
-512 -177 325 487
-25 -512 -512 -512
-512 -512 -512 -512
-512 -512 -512 -512
-512 -167 511 511
-512 -512 -512 -512
-512 -512 344 191
-512 -512 -512 -512
-512 -103 511 511
-512 -512 -512 -512
-512 -31 511 511
-512 -512 -512 -512
-512 -56 -103 -512
-512 -512 -512 -512
-512 511 511 511
-512 -512 -512 -512
-458 -271 -512 -512
-512 -512 -512 -512
477 511 511 511
-512 -512 -512 -512
-48 -512 -512 -512
-512 -512 -512 -512
511 511 511 511
-512 -512 -512 -512
-512 -512 -512 -512
-512 -512 -512 91
511 511 511 -13
-512 -512 -512 -512
-512 -512 -512 -512
-512 -512 -512 511
511 511 511 -512
-512 -512 -512 -512
-512 -512 -512 -512
-512 -398 511 511
511 511 -512 -512
-512 -512 -512 -512
-512 -512 -512 -512
-144 395 511 511
511 274 -512 -512
-512 -512 -512 -512
-512 -512 -512 -512
-98 355 511 511
511 190 -512 -512
-512 -512 -512 -512
-512 -512 -512 230
-217 195 511 511
511 511 -122 -512
-512 -512 -512 -512
-512 -512 294 511
-182 414 511 511
511 511 511 -286
-512 -512 -512 -512
-512 5 511 511
-7 511 511 511
511 511 511 511
-512 -512 -512 -512
342 511 511 511
175 511 511 511
511 511 511 511
-512 -512 -512 346
511 511 511 511
