-512 -512 -512 -512
-512 -512 -512 -512
-512 -512 -512 332
511 511 176 -512
-512 -512 -512 -512
-512 -512 -512 -512
-512 -512 -512 52
259 181 -95 -199
-512 -512 -512 -512
-512 -512 -512 -512
-512 -512 -512 444
511 511 252 -512
-512 -512 -512 -512
-512 -512 -512 -512
-512 -512 -512 -35
97 -47 -370 -498
-512 -512 -512 -512
-512 -512 -512 -512
-512 -512 -336 511
511 511 383 -512
-512 -512 -512 -512
-512 -512 -512 -512
-512 -512 -512 -224
-207 -448 -512 -512
-512 -512 -512 -512
-512 -512 -512 -512
-512 -512 38 511
511 511 511 -512
-512 -512 -512 -512
-512 -512 -512 -512
-512 -512 -512 -501
-512 -512 -512 -512
-512 -512 -512 -512
-512 -512 -512 -512
-512 -512 511 511
511 511 511 -430
-512 -512 -512 -512
-512 -512 -512 -512
-512 -512 -512 -512
-512 -512 -512 -512
-512 -512 -512 -512
-512 -512 -512 -512
-512 -226 511 511
511 511 511 -34
-512 -512 -512 -512
-512 -512 -512 -512
-512 -512 -512 -512
-512 -512 -512 -512
-512 -512 -512 -512
-512 -512 -512 -512
-512 511 511 511
511 511 511 327
-512 -512 -512 -512
-512 -512 -512 -512
-512 -512 -512 -512
-512 -512 -512 -512
-512 -512 -512 -512
-512 -512 -512 -512
-387 511 511 511
511 511 511 511
-512 -512 -512 -512
-512 -512 -512 -512
-512 -512 -512 -512
-512 -512 -512 -512
-512 -512 -512 -512
-512 -512 -512 -512
339 511 511 511
511 511 511 511
-512 -512 -512 -512
-512 -512 -512 -512
-512 -512 -512 -512
-512 -512 -512 -512
-512 -512 -512 -512
-512 -512 -512 -512
511 511 511 511
511 511 511 511
-512 -512 -512 -512
-512 -512 -512 -512
-512 -512 -512 -512
-512 -512 -512 -512
-512 -512 -512 -512
-512 -512 -512 96
511 511 511 511
511 511 511 511
-512 -512 -512 -512
-512 -512 -512 -512
-512 -512 -512 -512
-512 -512 -512 -512
-512 -512 -512 -512
-512 -512 -512 511
511 511 511 511
511 511 511 32
-512 -512 -512 -512
-512 -512 -512 -512
-512 -512 -512 -512
-512 -512 -512 -512
-512 -512 -512 -512
-512 -512 511 511
511 511 511 511
511 511 511 -512
-512 -512 -512 -512
-512 -512 -512 -512
-512 -512 -512 -512
-512 -512 -512 -512
-512 -512 -512 -512
-512 124 511 511
511 511 511 511
511 511 -354 -512
-512 -512 -512 -512
-512 -512 -512 -512
-512 -512 -512 -512
-512 -512 -512 -512
-512 -512 -512 -512
142 511 511 511
511 511 511 511
511 238 -512 -512
-512 -512 -512 -512
-512 -512 -512 -512
-512 -512 -512 -512
-512 -512 -512 -512
-339 -447 -237 334
511 511 511 511
511 511 511 511
511 -512 -512 -512
-512 -512 -512 -512
-512 -512 -512 -512
-512 -512 -512 -512
-512 -512 -512 -512
-34 115 510 511
511 511 511 511
511 511 511 511
-348 -512 -512 -512
-512 -512 -512 -512
-512 -512 -512 -512
-512 -512 -512 -512
-512 -512 -512 -512
177 493 511 511
511 511 511 511
511 511 511 202
-512 -512 -512 -512
-512 -512 -512 -512
-512 -512 -512 -512
-512 -512 -512 -512
-512 -512 -512 -512
334 511 511 511
511 511 511 511
511 511 511 -512
-512 -512 -512 -512
-512 -512 -512 -512
-512 -512 -512 -512
-512 -512 -512 -512
-512 -512 -512 -512
431 511 511 511
511 511 511 511
511 511 71 -512
-512 -512 -512 -512
-512 -512 -512 -512
-512 -512 -512 -512
-512 -512 -512 -512
-512 -512 -512 -512
450 511 511 511
511 511 511 511
511 511 -292 -512
-512 -512 -512 -512
-512 -512 -512 -512
-512 -512 -512 -512
-512 -512 -512 -512
-512 -512 -512 -282
446 511 511 511
511 511 511 511
511 511 -200 -512
-512 -512 -512 -512
-512 -512 -512 -512
-512 -512 -512 -512
-512 -512 -512 -512
-512 -176 364 511
417 511 511 511
511 511 511 511
511 511 188 -512
-512 -512 -512 -512
-512 -512 -512 -512
-512 -512 -512 -512
-512 -512 -512 -512
-136 511 511 511
358 511 511 511
511 511 511 511
511 511 511 53
-512 -512 -512 -512
-512 -512 -512 -512
-512 -512 -512 -512
-512 -512 -512 -512
409 511 511 511
295 511 511 511
511 511 511 511
511 511 511 511
366 -315 -512 -512
-512 -512 -512 -512
-512 -512 -512 -512
-512 -512 -512 -43
511 511 511 511
272 511 511 511
511 511 511 511
511 511 511 511
511 511 -124 -512
-512 -512 -512 -512
-512 -512 -512 -512
-512 -512 -474 473
511 511 511 511
258 511 511 511
511 511 511 511
511 511 511 511
511 511 511 -51
-512 -512 -512 -512
-512 -512 -512 -512
-512 -512 192 511
511 511 511 511
273 511 511 511
511 511 511 511
511 511 511 511
511 511 511 511
-279 -512 -512 -512
-512 -512 -512 -512
-479 156 511 511
511 511 511 511
306 511 511 511
511 511 511 511
511 511 511 511
511 511 511 511
194 -512 -512 -512
-512 -512 -512 -250
347 511 511 511
511 511 511 511
345 511 511 511
511 511 511 511
511 511 511 511
511 511 511 511
511 -183 -512 -512
-512 -461 -17 511
511 511 511 511
511 511 511 511
361 511 511 511
511 511 511 511
511 511 511 511
511 511 511 511
511 -222 -512 -512
-512 -299 196 511
511 511 511 511
511 511 511 511
357 511 511 511
511 511 511 511
511 511 511 511
511 511 511 511
482 -263 -512 -512
-512 -213 315 511
511 511 511 511
511 511 511 511
