-512 472 511 511
511 511 511 511
-512 122 511 511
511 511 511 511
-512 -387 511 511
511 511 511 511
-512 -512 511 511
511 511 511 511
-512 -512 -512 511
511 511 511 511
-512 -512 -512 -101
511 511 511 511
-512 -512 -512 -512
511 511 511 511
-512 -512 -512 -512
-512 511 511 511
-512 -512 -512 -512
-512 -132 511 511
-512 -512 -512 -512
-512 -512 511 137
-512 -512 -512 -512
-512 -371 511 -11
-512 -512 -512 -512
-512 490 511 229
-512 -512 -512 -512
62 511 511 511
-512 -512 -512 -512
444 511 511 511
-512 -512 -512 -512
439 511 511 511
333 -512 -512 -512
76 511 511 511
511 -48 -508 -512
-321 511 511 511
511 301 455 154
-408 209 511 511
446 511 511 511
21 -221 511 511
460 511 511 511
511 -421 511 511
373 511 511 511
511 131 511 511
511 301 511 511
511 511 292 511
511 12 511 511
511 511 141 138
511 -155 -512 511
511 511 511 -512
511 166 -512 320
511 511 511 -512
511 511 -512 -512
511 511 511 46
511 511 -512 -512
511 511 511 511
511 511 -512 -512
-362 511 511 511
511 511 511 -512
-512 511 511 511
511 511 511 -512
-512 -298 511 511
511 511 511 -274
-512 -512 511 511
511 511 511 201
-512 -512 511 511
