0 0 0 0
0 0 0 0
0 0 0 1
1 1 1 1
0 0 0 0
0 0 0 0
0 0 1 1
1 2 2 2
0 0 0 0
0 0 -1 -1
0 0 1 1
2 2 3 3
0 0 0 0
0 0 -1 -1
0 0 1 1
2 3 3 3
0 0 1 1
0 0 0 -1
-1 0 0 1
2 3 3 3
0 1 1 1
1 0 0 -1
-1 -1 -1 0
1 2 2 2
1 1 2 2
1 1 0 -1
-2 -2 -2 -2
-1 0 0 1
1 1 2 2
2 1 0 -1
-2 -3 -4 -4
-4 -3 -2 -2
1 2 2 3
3 2 1 0
-2 -4 -5 -6
-7 -6 -6 -5
1 2 3 3
4 3 2 1
-2 -4 -6 -8
-9 -9 -9 -8
1 1 3 4
5 4 4 2
-1 -3 -6 -9
-11 -12 -11 -11
0 1 3 4
5 5 5 4
1 -2 -5 -9
-11 -13 -13 -13
0 1 2 4
5 6 6 5
3 0 -4 -8
-11 -13 -14 -15
0 1 2 3
5 6 7 6
4 1 -2 -6
-10 -13 -14 -15
0 0 2 3
5 6 7 7
5 3 -1 -4
-8 -11 -13 -14
0 0 1 3
4 6 7 7
5 3 0 -3
-7 -10 -12 -13
