-512 -512 -339 291
181 -512 -512 -512
-512 -512 -512 -512
-512 -512 -211 357
-512 -512 -47 134
-375 -512 -512 -512
-512 -512 -512 -512
-512 -512 396 511
84 351 395 -154
-512 -512 -512 -512
-512 -512 -512 -512
-512 193 511 511
511 511 511 -510
-512 -512 -512 -512
-512 -512 -512 -512
-512 511 511 511
511 511 511 32
-512 -512 -512 -512
-512 -512 -512 -512
-180 511 511 511
511 511 511 21
-512 -512 -512 -512
-512 -512 -512 448
511 511 511 511
511 511 511 298
-512 -512 -512 -512
-512 511 511 511
511 511 511 511
511 511 511 511
-46 -457 -186 511
511 511 511 511
511 511 511 511
511 511 511 511
511 511 511 511
511 511 511 511
511 511 462 143
511 511 511 511
511 511 511 511
511 511 511 511
-194 -512 -512 -512
511 511 511 511
511 511 511 511
511 511 511 -512
-512 -512 -512 -512
511 511 511 511
511 511 511 511
511 511 -311 -512
-512 -512 -512 -512
511 511 511 511
511 511 511 511
511 38 -512 -512
-512 -512 -512 -512
511 511 511 511
511 511 511 511
-100 -512 -512 -512
-512 -512 -512 -512
511 511 511 511
511 511 413 -489
-512 -512 -512 -512
-512 -512 -512 -512
511 511 511 511
511 401 -512 -512
-512 -512 -512 -512
-512 -353 -97 -32
511 511 511 511
511 -130 -512 -512
-512 -512 -512 -96
497 511 511 508
487 511 511 511
378 -108 -512 -512
-512 -348 404 511
511 511 511 511
-352 -61 296 511
511 270 -98 -310
-96 511 511 511
511 511 511 511
-512 -160 417 511
511 511 511 400
511 511 511 511
511 511 511 511
-197 303 511 511
511 511 511 511
511 511 511 511
511 511 511 511
511 511 511 511
511 511 511 511
511 511 511 511
511 511 511 511
511 511 511 511
511 511 511 511
511 511 511 511
511 511 511 511
511 511 511 511
511 511 511 511
511 511 511 511
511 511 511 493
511 511 511 511
511 511 511 511
511 511 511 511
-288 -512 -512 -499
511 511 511 511
511 511 511 511
511 511 511 -440
-512 -512 -512 -512
511 511 511 511
511 511 511 511
511 511 423 -512
-512 -512 -512 -512
511 511 511 511
511 511 511 511
511 511 -512 -512
-512 -512 -512 -512
511 511 511 511
511 511 511 511
511 -236 -512 -512
-512 -512 -512 -512
511 511 511 511
511 511 511 511
-170 -512 -512 -512
-512 -512 -512 -141
511 511 511 511
511 511 511 511
-512 -512 -512 -512
-512 -77 511 511
511 511 511 511
511 511 511 367
-512 -512 -512 -512
-512 511 511 511
