511 -512 -512 511
511 -512 -512 511
511 -512 -512 511
511 -512 -512 511
511 -512 -512 511
511 -512 -512 511
511 -512 -512 511
511 -512 -512 511
511 -512 -512 511
495 -512 -512 511
-455 511 -512 301
-512 511 -512 -262
-512 511 -512 -512
-512 511 -512 -512
-512 511 -512 -512
-512 511 -251 -512
-512 511 258 -512
-512 511 511 -512
-512 511 511 -512
-512 511 511 -442
-512 511 511 -145
-339 453 511 94
223 -22 511 265
511 -186 511 315
511 -161 511 294
511 148 511 158
511 511 511 -54
511 511 511 -385
511 511 511 -512
511 511 511 -512
511 511 511 -512
511 511 511 -512
