-512 -512 -512 -512
-512 -512 -512 -512
122 511 511 332
-512 -512 -512 -512
-512 -512 -512 -512
-512 -81 511 511
511 511 511 511
511 511 351 106
-512 -512 -512 -512
-512 -512 -512 -512
309 511 511 421
-512 -512 -512 -512
-512 -512 -512 -512
-512 -93 511 511
511 511 511 511
511 511 195 24
-512 -512 -512 -512
-512 -512 -512 -457
511 511 511 511
-512 -512 -512 -512
-512 -512 -512 -512
-512 -146 511 511
511 511 511 511
511 312 -48 -100
-512 -512 -512 -512
-512 -512 -512 32
511 511 511 511
-512 -512 -512 -512
-512 -512 -512 -512
-512 -237 511 511
511 511 511 511
306 -157 -380 -270
-512 -512 -512 -512
-512 -512 -512 511
511 511 511 511
-512 -512 -512 -512
-512 -512 -512 -512
-512 -309 511 511
511 511 511 293
-358 -512 -512 -467
-512 -512 -512 -512
-512 -512 257 511
511 511 511 511
-353 -512 -512 -512
-512 -512 -512 -512
-512 -326 511 511
511 511 257 -418
-512 -512 -512 -512
-512 -512 -512 -512
-512 -493 511 511
511 511 511 511
-362 -512 -512 -512
-512 -512 -512 -512
-512 -407 482 511
511 289 -466 -512
-512 -512 -512 -512
-512 -512 -512 -512
-512 413 511 511
511 511 511 511
-452 -512 -512 -512
-512 -512 -512 -512
-512 -508 277 511
333 -251 -512 -512
-512 -512 -512 -512
-512 -512 -512 -512
-512 511 511 511
511 511 511 511
-512 -512 -512 -512
-512 -512 -512 -512
-512 -512 -139 108
-117 -512 -512 -512
-512 -512 -512 -512
-512 -512 -512 -512
-298 511 511 511
511 511 511 511
-512 -512 -512 -512
-512 -512 -512 -512
-512 -512 -425 -174
-364 -512 -512 -512
-512 -512 -512 -512
-512 -512 -512 -512
365 511 511 511
511 511 511 233
-512 -512 -512 -512
-512 -512 -512 -512
-512 -512 -507 -345
-512 -512 -512 -512
-512 -512 -512 -512
-512 -512 -512 -512
511 511 511 511
511 511 511 -512
-512 -512 -512 -512
-512 -512 -512 -512
-512 -512 -358 -336
-512 -512 -512 -512
-512 -512 -512 -512
-512 -512 -512 -200
511 511 511 511
511 511 -331 -512
-512 -512 -512 -512
-512 -512 -512 -512
-512 -440 -75 -182
-512 -512 -512 -512
-512 -512 -512 -512
-512 -512 -512 291
511 511 511 511
511 -31 -512 -512
-512 -512 -512 -512
-512 -512 -512 -512
-512 100 362 131
-466 -512 -512 -512
-512 -512 -512 -512
-512 -512 -348 511
511 511 511 511
-104 -512 -512 -512
-512 -512 -512 -512
-512 -512 -512 -512
-353 392 511 317
-273 -512 -512 -512
-512 -512 -512 -512
-512 -499 72 511
511 511 511 -289
-512 -512 -512 -512
-512 -512 -512 -512
-512 -512 -512 -512
-69 511 511 486
-53 -512 -512 -512
-512 -512 -512 -488
-251 -100 252 511
511 257 -434 -512
-512 -512 -512 -512
-512 -512 -512 -512
-512 -512 -512 -512
161 511 511 511
175 -362 -512 -512
-512 -512 -512 -277
72 140 317 375
185 -350 -512 -512
-512 -512 -512 -512
-512 -512 -512 -512
-512 -512 -512 -446
385 511 511 511
266 -160 -410 -491
-440 -322 -194 -92
197 197 227 102
-273 -512 -512 -512
-512 -512 -512 -512
-512 -512 -512 -512
-512 -512 -512 -217
478 511 511 511
406 125 6 26
112 183 195 121
192 144 67 -181
-512 -512 -512 -512
-512 -512 -512 -512
-512 -512 -512 -512
-512 -512 -512 -176
423 511 511 511
511 472 490 511
511 511 511 345
36 -33 -161 -456
-512 -512 -512 -512
-512 -512 -512 -512
-512 -512 -512 -512
-512 -512 -512 -362
207 511 511 511
511 511 511 511
511 511 511 511
240 169 23 -276
-512 -512 -512 -512
-512 -512 -512 -512
-512 -512 -512 -512
-512 -512 -512 -504
48 490 511 511
511 511 511 511
511 511 511 511
511 505 366 98
-356 -512 -512 -512
-512 -512 -512 -512
-512 -512 -512 -512
-512 -512 -512 -512
-165 355 511 511
511 511 511 511
511 511 511 511
511 511 511 511
247 -293 -512 -512
-512 -512 -512 -512
-512 -512 -512 -512
-512 -512 -512 -512
-391 200 511 511
511 511 511 511
511 511 511 511
511 511 511 511
511 511 87 -512
-512 -512 -512 -512
-512 -512 -512 -512
-512 -512 -512 -512
-512 103 511 511
511 511 511 511
511 511 511 511
511 511 511 511
511 511 511 511
-193 -512 -512 -512
-512 -512 -512 -512
-512 -512 -512 -512
-512 136 511 511
511 511 511 511
511 511 511 511
511 511 511 511
511 511 511 511
511 127 -512 -512
-512 -512 -512 -512
-512 -512 -512 -512
-475 293 511 511
511 511 511 511
511 511 511 511
511 511 511 511
511 511 511 511
511 511 13 -512
-512 -512 -512 -512
-512 -512 -512 -512
-199 511 511 511
511 511 511 511
511 511 511 511
511 511 511 511
511 511 511 511
511 511 511 -352
-512 -512 -512 -512
-512 -512 -512 -512
185 511 511 511
511 511 511 511
511 511 511 511
511 511 511 511
511 511 511 511
511 511 511 67
-512 -512 -512 -512
-512 -512 -512 -187
511 511 511 511
511 511 511 511
511 511 511 511
511 511 511 511
511 511 511 511
511 511 511 -2
-512 -512 -512 -512
-512 -512 -512 -82
511 511 511 511
511 511 511 511
511 511 511 511
511 511 511 511
511 511 511 511
511 511 511 -41
-512 -512 -512 -512
-512 -512 -512 -22
511 511 511 511
511 511 511 511
511 511 511 454
