-512 -512 -512 -512
-512 -512 -505 -512
-512 -512 -512 -512
-288 399 511 511
-512 -512 -512 -512
-512 -512 -141 -512
-512 -512 -512 -512
-471 511 511 511
-512 -512 -512 -512
-512 511 511 -169
-512 -512 -512 -512
-512 511 511 511
-512 -512 -512 -512
511 511 511 290
-512 -512 -512 -512
-149 511 511 -51
-512 -512 -512 -220
511 511 511 368
-512 -512 -512 -512
143 101 -512 -512
-512 -512 -512 511
511 511 511 -321
-512 -512 -512 -512
128 -512 -512 -512
-512 -512 -512 511
511 511 511 -512
-512 -512 -512 -512
-512 -512 -512 -512
-512 -512 371 511
511 511 -435 -512
-512 -512 -512 -512
-512 -512 -512 -512
-512 -512 511 511
511 -147 -512 -512
-512 -512 -512 -512
-512 -512 -512 -512
-512 -245 511 511
-240 -512 -512 -512
-512 -512 -512 -512
-437 -512 -512 -512
-512 -143 233 -198
-512 -512 -512 -512
-512 -512 -512 -512
-512 -512 -504 -282
-512 -327 -65 -442
-512 -512 -512 -512
-512 -512 -512 -512
-512 -512 341 511
-165 316 511 511
-76 -512 -512 -512
-512 -512 -512 -512
-512 -200 511 511
511 511 511 511
511 511 -512 -512
-512 -512 -512 -512
-512 511 511 511
511 511 511 511
511 511 -84 -512
-512 -512 -512 -512
511 511 511 511
511 511 511 511
511 511 511 -512
-512 -512 -512 408
511 511 511 511
