-512 -512 -512 -512
-512 -156 107 187
97 -155 -512 -512
-512 -512 -512 -512
-512 -512 -512 -512
-512 -512 -512 -512
-512 -512 -512 -512
-512 -303 -81 43
511 511 511 511
337 -225 -512 -512
-512 -512 -512 -512
-512 -512 -512 -512
-512 -512 -512 -512
-512 -512 -512 -512
-169 511 511 511
511 511 511 511
511 511 511 511
511 511 511 511
511 511 511 511
511 511 511 511
511 511 511 511
511 511 238 -44
-267 -421 -473 -504
-449 -365 -244 -135
511 511 511 511
511 511 511 511
511 511 511 511
452 65 -303 -512
-512 -512 -512 -512
-512 -512 -512 -512
-512 -512 -512 -512
-512 -512 -512 -456
511 511 511 511
511 511 511 502
182 -187 -512 -512
-512 -512 -512 -512
-512 -512 -512 -512
-512 -238 271 511
511 511 511 511
511 511 511 510
511 511 511 511
511 511 511 511
511 511 511 511
511 511 511 511
511 511 511 511
511 511 511 511
511 511 511 511
511 511 511 511
511 511 511 511
511 511 511 511
511 511 511 511
511 511 511 511
511 511 511 511
511 311 -512 -512
-512 -512 -512 -512
-512 -512 -512 -512
511 511 511 511
511 511 511 511
511 511 511 511
511 511 511 511
-446 -512 -512 -512
-512 -512 -512 -512
-512 -512 -512 -27
317 511 461 274
