511 511 511 511
511 511 511 511
511 511 511 511
511 511 480 296
511 511 511 511
511 511 511 511
511 511 511 511
511 511 511 511
511 511 511 511
511 511 511 511
511 511 511 511
511 511 511 511
511 511 511 511
511 511 511 511
511 511 511 511
511 511 511 511
511 511 511 511
511 511 511 511
511 511 511 511
511 511 511 511
511 511 511 511
511 511 511 511
511 511 511 511
511 511 511 511
511 511 511 511
511 511 511 511
511 511 511 511
511 511 511 511
511 511 511 511
511 511 511 231
117 305 511 511
511 511 511 511
511 511 511 511
466 134 -205 -482
-433 -8 511 511
511 511 511 511
511 511 511 511
313 45 -223 -416
-248 340 511 511
511 511 511 511
511 511 511 511
511 511 507 371
511 511 511 511
511 511 511 511
511 511 511 511
511 511 511 511
511 511 511 511
511 511 511 511
511 511 511 511
511 511 511 511
511 511 511 511
511 511 511 511
511 511 511 511
511 511 511 511
511 511 511 511
511 511 511 511
511 511 511 511
511 511 511 511
511 511 511 511
511 511 511 511
511 511 511 511
511 511 511 511
511 511 511 511
511 511 311 -302
511 511 511 511
511 286 -97 -58
233 511 511 511
511 -508 -512 -512
511 511 511 227
-512 -512 -512 -512
-512 -488 -79 -131
-512 -512 -512 -512
511 511 -209 -512
-512 -512 -512 -512
-512 -512 -486 -512
-512 -512 -512 -512
176 -347 -512 -512
-512 -512 -512 -512
-265 72 -132 -512
-512 -512 -512 -512
-512 -512 -512 -512
-512 -512 -180 511
511 511 511 -512
-512 -512 -512 -512
-286 -343 -223 -77
208 511 511 511
511 511 511 191
-512 -512 -512 -512
356 376 511 511
511 511 511 511
511 511 511 511
-512 -512 -512 -512
511 511 511 511
511 511 511 511
511 511 511 511
-512 -512 -512 -512
376 447 511 511
511 511 511 511
511 511 511 511
-512 -512 -512 -512
-457 -406 -128 292
511 511 511 511
511 511 511 511
-512 -512 -512 -512
-512 -512 -512 -512
34 511 511 511
511 511 511 511
-512 -512 -512 -512
-512 -512 -512 -512
-245 511 511 511
511 511 511 511
-512 -512 -512 -512
-512 -512 -512 -512
-512 511 511 511
511 511 511 511
448 -512 -512 -512
-512 -512 -512 -512
-512 105 511 511
511 511 511 511
511 -96 -512 -512
-512 -512 -512 -512
-512 -18 511 511
511 511 511 511
511 511 -55 -372
-45 -181 -403 -512
-459 -13 511 511
511 511 511 511
511 511 511 10
