-506 -512 -512 -512
-512 -512 -512 -512
-512 -512 -512 -156
511 511 511 511
511 511 511 511
511 511 511 511
511 511 511 511
511 511 511 511
-284 -512 -512 -512
-512 -512 -512 -512
-512 -512 -512 -512
-512 -512 -186 511
511 511 511 511
511 511 511 511
511 511 511 511
511 511 511 511
-95 -227 -383 -512
-512 -512 -512 -512
-512 -512 -512 -512
-512 -512 -512 -512
-512 -471 417 511
511 511 511 511
511 511 511 511
511 511 511 511
-349 -512 -512 -512
-512 -512 -512 -512
-512 -512 -512 -512
-512 -512 -512 -512
-512 -512 -512 -512
-512 -512 -501 224
511 511 511 511
511 511 511 511
-512 -512 -512 -512
-512 -512 -512 -512
-512 -512 -512 -512
-512 -512 -512 -512
-512 -512 -512 -512
-512 -512 -512 -512
-512 -110 445 511
511 511 511 511
-498 -512 -512 -512
-512 -512 -512 -512
-512 -512 -512 -512
-512 -512 -512 -512
-512 -512 -512 -512
-512 -512 -512 -319
273 511 511 511
511 511 511 511
177 303 328 180
-38 -316 -512 -512
-512 -512 -512 -512
-512 -512 -512 -512
-512 -512 -512 -512
-35 488 511 511
511 511 511 511
511 511 511 511
511 511 511 511
511 511 511 511
260 -160 -512 -512
-512 -512 -512 -512
-512 -512 -512 -512
-182 258 511 511
511 511 511 511
511 511 511 511
511 511 511 511
511 511 511 511
511 511 511 511
511 511 511 511
377 -42 -363 -512
-512 -512 -512 -452
362 511 511 511
511 511 511 511
497 511 511 511
511 511 511 511
511 511 511 511
511 511 511 511
511 511 511 511
511 511 163 -107
-112 174 511 511
511 511 511 511
511 511 511 511
511 511 511 511
511 511 511 511
511 511 511 511
511 511 511 511
511 511 511 511
511 511 -132 -512
-512 -512 -512 -512
511 511 511 511
511 511 511 511
511 511 511 511
268 30 129 481
511 511 511 511
511 511 511 511
511 511 511 -512
-512 -512 -512 -512
511 511 511 511
511 511 511 511
511 511 511 511
214 -512 -512 -512
-512 -512 -512 -95
511 511 511 511
511 511 511 511
111 -512 -512 -512
511 511 511 511
511 511 511 511
511 511 511 511
511 511 511 -136
-512 -512 -512 -512
-512 -512 -318 334
511 511 511 511
511 511 246 41
-130 -36 233 511
511 511 511 511
511 511 511 511
511 511 511 511
511 -506 -512 -512
-512 -512 -512 -512
-512 -512 100 511
511 511 511 511
-498 -512 -512 -512
-325 379 511 511
511 511 511 511
511 511 511 511
511 511 -135 -512
-512 -512 -512 -512
-512 -512 -512 -293
17 191 295 324
