-512 -512 -174 511
511 511 511 511
-185 -512 -512 -512
-512 -512 -512 -512
511 511 511 511
511 511 511 -33
-512 -512 -512 -512
-512 -512 -512 -512
511 511 511 511
511 511 511 -153
-512 -512 -512 -512
-512 113 511 511
511 511 511 511
511 511 -193 -476
-115 511 511 511
511 511 511 511
431 442 55 -350
-457 -175 510 511
511 511 511 511
511 511 511 511
138 49 -31 184
511 511 511 511
511 511 511 511
511 511 -512 -512
482 511 511 511
511 511 511 511
511 511 511 511
511 418 -69 -372
286 511 511 511
511 511 511 511
511 296 -189 -327
-85 404 511 511
-477 -512 -512 -263
49 222 105 -221
-512 -512 -512 3
511 511 511 511
-512 -512 -512 -512
-512 -314 -13 128
180 334 511 511
511 511 511 511
-512 -512 -512 -444
-96 407 511 511
511 511 511 511
511 511 511 511
333 511 511 511
511 511 511 511
511 511 511 511
511 511 511 288
511 511 511 511
511 511 511 511
511 511 511 511
511 -422 -512 -512
135 187 381 511
511 511 511 511
511 511 511 511
-464 -512 -512 -512
-512 -512 -360 511
511 511 511 511
511 511 -512 -512
-512 -512 -512 -195
-512 -512 -464 511
511 511 511 511
511 -512 -512 -512
-512 -512 478 511
