13 -5 23 -10
29 -3 -68 15
13 -21 -7 2
13 -4 -1 9
33 36 -10 -34
-14 9 -42 -28
17 -11 20 -4
4 52 -2 12
15 -2 30 -26
-14 5 -20 8
-30 -38 -6 11
35 19 21 25
-2 -23 -13 2
3 19 -23 -26
11 -10 12 5
24 41 -19 13
72 -11 -2 -9
6 -18 -54 6
21 3 -22 -10
45 16 -21 1
28 13 -14 -27
-23 2 -39 -40
25 28 17 -17
7 29 -33 -7
11 -26 9 16
25 0 -52 -41
-23 5 3 -7
32 36 13 1
1 8 9 -14
-34 6 21 10
0 -17 7 -1
3 29 25 50
47 -6 4 6
-10 -18 -11 9
10 7 -15 -19
11 -6 -17 25
44 5 -16 -3
-7 -23 -54 -43
12 24 3 -7
32 39 -24 -32
0 -10 4 12
-8 -6 11 -6
-32 -30 -16 3
25 21 14 29
20 -27 -32 17
38 5 -27 -23
0 2 -15 -2
47 58 8 -28
27 17 -12 10
11 -22 -30 -17
10 12 5 -4
-9 14 5 -12
19 36 -3 -25
-20 -37 -18 9
-7 1 20 13
-15 1 27 -9
30 4 -38 24
35 -29 -49 -27
18 -4 -21 11
32 40 -5 -30
21 36 -26 -39
8 -4 -5 6
-2 16 6 -7
-14 15 43 -18
6 33 -6 0
-31 -19 32 -10
-21 -22 -8 19
9 18 19 10
-1 -16 -17 4
18 -17 -9 -7
-18 14 1 20
17 -8 18 -22
12 18 -21 26
-4 -29 8 -6
19 -4 -30 8
10 -4 -17 11
38 15 -22 -17
14 -14 -27 -34
-10 40 -15 -2
29 8 19 -35
-29 6 -16 43
19 -15 -5 -42
-1 2 -17 12
7 7 2 8
17 18 2 -17
-4 -2 21 -3
-22 15 -25 4
24 2 55 17
21 35 -17 7
-26 -22 26 -12
16 11 -18 7
-3 -12 -5 16
10 -1 5 -6
-13 -27 -14 -29
-10 44 -15 10
28 -31 -2 -19
7 11 -38 13
7 -11 2 -29
-1 -22 -38 27
44 30 9 2
-12 -23 -19 -4
31 24 10 -17
1 37 -37 -9
37 3 17 -19
11 42 -21 -4
9 -11 -17 -23
27 22 8 8
-31 -8 16 -11
-13 31 27 -24
-37 -38 2 15
-7 10 3 20
-13 -46 20 6
-19 5 -28 16
42 -2 -30 -17
18 -14 -19 16
2 6 10 -4
6 18 -11 -17
25 11 -7 0
5 6 -27 -7
17 24 33 -17
-14 27 9 -17
-26 4 38 19
-7 -19 1 9
-26 -22 18 27
-2 -20 -5 20
24 -15 -31 -17
-2 3 -11 14
30 5 -14 -32
