-512 -512 -105 -150
-512 -512 -512 117
-512 -512 0 -83
-512 -512 -512 -136
-512 -512 239 31
-512 -512 -512 -512
-512 -512 511 197
-512 -512 -512 -512
-512 -512 511 472
-512 -512 -512 -512
-512 -512 511 511
-512 -512 -512 -512
-512 -512 511 511
-512 -512 -512 -512
-512 -512 511 511
-512 -512 -512 -512
-512 -512 511 511
-512 -512 -512 -512
-512 -512 511 511
-512 -512 -512 -512
-512 -512 511 511
-512 -512 -512 -512
-512 511 511 511
-512 -512 -512 -512
-512 511 511 253
-512 -512 -512 -512
-512 511 511 -512
-512 -512 -512 -512
-512 511 511 -512
-512 -512 -512 -512
207 511 511 -512
-512 -512 -512 -512
511 511 511 -512
-512 -512 -512 -512
511 511 511 -512
-512 -512 -512 -512
511 511 144 -512
-512 -512 -512 -512
511 511 -480 -512
-512 -512 -512 -512
511 511 -512 -512
-512 -512 -512 -512
511 511 -512 -512
-512 -512 -512 180
511 511 -190 -512
-512 -512 -512 511
511 511 478 -512
-512 -512 -512 511
511 511 511 -512
-512 -512 -512 511
511 511 511 -336
-512 -512 -512 511
511 511 511 511
-512 -512 44 511
511 511 511 511
-512 -512 511 511
511 511 511 511
-512 -512 511 511
511 511 511 511
-512 -70 511 511
511 511 511 511
-512 131 511 511
511 511 511 511
-512 243 511 511
