-512 -512 -10 511
511 511 511 511
511 511 511 511
511 511 511 511
-512 -512 -32 511
511 511 511 511
511 511 511 511
511 511 511 511
-512 -512 -176 511
511 511 511 511
511 511 511 511
511 511 511 511
-512 -512 -382 506
511 511 511 511
511 511 511 511
511 511 511 511
-512 -512 -512 197
511 511 511 511
511 511 511 511
511 511 511 511
-512 -512 -512 -139
511 511 511 511
511 511 511 511
511 511 511 511
-512 -512 -512 -507
256 511 511 511
511 511 511 511
511 511 511 511
-512 -512 -512 -512
-163 511 511 511
511 511 511 511
511 511 511 511
-512 -512 -512 -512
-512 -117 511 511
511 511 511 511
511 511 511 511
-512 -512 -512 -512
-512 -512 361 511
511 511 511 511
511 511 511 511
-512 -512 -512 -512
-512 -512 -337 511
511 511 511 511
511 511 511 511
-512 -512 -512 -512
-512 -512 -512 169
511 511 511 511
511 511 511 511
-512 -512 -512 -512
-512 -512 -512 -512
511 511 511 511
511 511 511 511
-512 -512 -512 -512
-512 -512 -512 -512
-174 511 511 511
511 511 511 511
-512 -512 -512 -512
-512 -512 -512 -512
-512 17 511 511
511 511 511 511
-512 -512 -512 -512
-512 -512 -512 -512
-512 -512 253 511
511 511 511 511
-512 -512 -512 -512
-512 -512 -512 -512
-512 -512 -334 511
511 511 511 511
-512 -512 -512 -512
-512 -512 -512 -512
-512 -512 -512 107
511 511 511 320
-512 -512 -512 -512
-512 -512 -512 -512
-512 -512 -512 -153
511 511 511 48
-512 -512 -512 -512
-512 -512 -512 -512
-512 -512 -512 -239
511 511 352 -134
-512 -512 -512 -512
-512 -512 -512 -512
-512 -512 -512 -131
511 511 248 -275
-512 -512 -512 -512
-512 -512 -512 -512
-512 -512 -506 148
511 511 287 -276
-512 -512 -512 -512
-512 -512 -512 -512
-512 -512 -46 511
511 511 511 -47
-512 -512 -512 -512
-512 -512 -512 -512
-512 -212 409 511
511 511 511 15
-512 -512 -512 -512
-512 -512 -512 -512
-467 169 511 511
511 511 511 300
-512 -512 -512 -512
-512 -512 -512 -512
-190 511 511 511
511 511 511 511
-512 -512 -512 -512
-512 -512 -512 -512
-57 511 511 511
511 511 511 511
-512 -512 -512 -512
-512 -512 -512 -512
-2 511 511 511
511 511 511 511
-512 -512 -512 -512
-512 -512 -512 -512
5 511 511 511
511 511 511 511
-387 -512 -512 -512
-512 -512 -512 -512
-114 511 511 511
511 511 511 511
261 -214 -512 -512
-512 -512 -512 -512
-232 464 511 511
511 511 511 511
511 269 -372 -512
-512 -512 -512 -512
-368 194 511 511
511 511 511 511
511 511 -38 -422
-512 -512 -512 -512
-420 -44 511 511
511 511 511 511
511 511 192 -61
-175 -284 -344 -512
-464 -307 256 511
511 511 511 511
511 511 282 207
257 234 141 -211
-368 -436 -22 511
511 511 511 511
511 468 232 375
511 511 511 168
-183 -471 -225 511
511 511 511 511
511 336 229 511
511 511 511 511
150 -359 -337 511
511 511 511 511
509 393 397 511
511 511 511 511
511 -205 -467 151
511 511 511 511
429 365 459 511
511 511 511 511
511 113 -434 -132
511 511 511 511
471 418 511 511
511 511 511 511
511 511 -173 -210
511 511 511 511
434 369 473 511
511 511 511 511
511 511 213 -159
511 511 511 511
510 389 408 511
511 511 511 511
511 511 511 99
311 511 511 511
511 389 267 511
511 511 511 511
511 511 511 487
206 511 511 511
511 511 216 461
511 511 511 511
511 511 511 511
244 383 511 511
511 511 151 104
511 511 511 511
511 511 511 511
417 54 370 511
511 511 227 -179
135 511 511 511
511 511 511 511
511 -104 -236 -162
511 511 341 -459
-487 225 511 511
511 511 511 511
511 -79 -512 -512
511 511 511 -512
-512 -512 511 511
511 511 511 511
511 94 -512 -512
511 511 511 -512
-512 -512 -137 511
511 511 511 511
511 385 -512 -512
511 511 511 -491
-512 -512 -512 511
511 511 511 511
511 511 -333 -512
511 511 511 -203
-512 -512 -512 139
511 511 511 511
511 511 152 -445
511 511 511 162
-512 -512 -512 -512
511 511 511 511
511 511 511 -26
511 511 511 511
-512 -512 -512 -512
290 511 511 511
511 511 511 337
511 511 511 511
-512 -512 -512 -512
-348 511 511 511
511 511 511 511
511 511 511 511
-453 -512 -512 -512
-512 511 511 511
511 511 511 511
511 511 511 511
358 -512 -512 -512
-512 181 511 511
511 511 511 511
511 511 511 511
511 -476 -512 -512
-512 -402 511 511
511 511 511 511
511 511 511 511
511 405 -512 -512
-512 -512 197 511
511 511 511 511
511 511 511 511
511 511 -472 -512
-512 -512 -512 511
511 511 511 511
511 511 511 511
511 511 72 -512
-512 -512 -512 71
511 511 511 511
511 511 511 511
511 511 511 -512
-512 -512 -512 -433
511 511 511 511
511 511 511 511
511 511 511 -512
-512 -512 -512 -512
511 511 511 511
511 511 511 511
511 511 511 -512
-512 -512 -512 -512
511 511 511 511
511 511 511 511
511 511 511 -512
-512 -512 -512 -512
511 511 511 511
