1 16 -4 6
-2 -1 -4 -6
25 0 7 9
-27 -2 9 16
-3 26 -26 2
33 12 11 5
-5 0 33 10
-7 11 -15 19
5 22 -6 9
10 2 4 -7
-6 -15 9 17
14 27 -6 -3
-10 -12 8 15
-18 11 21 3
31 -12 -26 11
6 18 7 -25
29 0 14 11
-34 1 7 -17
26 2 -15 14
-2 5 19 4
-3 -12 8 21
-6 11 21 4
29 19 -2 -3
-11 -3 6 18
-9 22 14 21
2 -37 -12 5
-7 15 13 -18
17 25 -21 7
-22 1 -9 13
28 1 12 9
-23 3 12 -18
12 15 -23 10
38 -2 -7 -9
-4 20 9 -17
-8 10 19 27
10 -10 0 3
17 -4 -7 -10
4 23 22 11
-1 -7 -12 -5
-1 -2 17 17
10 15 -7 -22
-1 -15 -8 19
-1 12 16 -3
4 -4 -10 -8
-7 -7 8 4
26 20 -10 -9
-14 -6 1 3
-11 -16 23 21
-4 -10 28 6
0 4 -22 -3
21 18 15 35
6 -18 16 -28
-16 -11 37 10
-3 2 -12 11
13 -19 -41 -7
3 4 43 -7
9 6 2 -30
-13 -16 -9 31
11 11 2 -2
9 -7 -1 -27
-1 20 -12 -21
33 -2 7 38
-36 -12 -2 -37
13 15 0 24
0 8 8 -10
7 -19 -10 21
-13 17 18 -2
29 6 -17 -22
-10 -38 18 14
7 22 -3 -22
-16 0 -15 -1
-2 -24 18 7
29 -17 -1 -11
-6 5 -13 -26
-18 30 28 13
-4 -39 -6 10
3 -16 -4 -5
10 12 16 14
-11 14 -3 -26
-6 -15 3 29
25 -3 11 -12
-27 -15 -6 -2
-3 7 -9 -1
16 -2 1 -13
-10 -33 -4 -4
0 25 17 -3
-10 -14 -22 0
6 -8 3 -17
8 2 18 3
-14 -12 -17 -13
-5 -7 -7 15
19 8 5 -24
-44 5 12 11
11 -20 -3 35
16 -2 -14 -29
-2 16 -2 -7
-11 40 -11 -16
6 -48 -30 20
-10 2 17 -31
-12 8 -19 12
-13 -3 -20 -11
11 11 -1 -2
0 -8 3 -3
-29 -18 0 10
13 -9 3 0
-17 17 -7 -30
13 -16 -7 40
-5 -8 16 -24
-1 -8 -19 -5
5 23 8 -20
-10 -27 -7 18
-6 0 0 -10
12 0 -38 -20
-3 8 4 -21
-13 -6 17 9
-20 -16 -21 3
3 3 -10 4
-14 -8 2 -14
7 -4 -8 -12
-23 -2 -2 21
-21 -4 8 22
-22 -21 3 0
31 10 -9 -10
-9 9 -13 -8
-14 -4 4 25
-15 -17 -7 -29
-5 -11 -14 -6
-2 14 -13 -1
-28 2 -20 9
2 -17 11 3
-10 -6 2 -17
8 23 -42 -14
-4 30 -13 2
-8 -34 8 16
-9 -15 -10 -28
16 43 -26 -1
7 -14 -15 -4
-25 11 19 -10
21 -6 -17 3
-19 -7 0 -1
21 -21 -14 -5
-25 19 -6 -51
8 -5 0 29
-33 -35 8 4
-18 -7 -8 11
12 10 -9 -25
-4 -9 7 10
-21 -12 -2 6
-12 12 -8 1
12 -7 -16 -8
-1 0 22 13
-8 -2 -13 -7
-1 9 -24 -17
12 7 -2 -4
-15 -22 -3 -7
-19 -5 2 14
4 8 -15 -28
-19 -12 -1 18
15 -7 -7 0
-4 0 -7 -26
-16 6 18 6
-6 -12 -2 17
8 -25 -37 -18
8 25 20 -9
-21 10 2 0
10 -25 -14 16
-6 13 21 -4
16 8 -27 -22
-21 -7 5 10
19 -6 -13 -8
-29 -5 -4 -24
-3 -4 -3 19
13 -28 24 2
-38 -5 -8 -12
26 25 -9 13
-1 -26 10 -20
24 -33 9 -3
-14 30 19 -9
1 1 -26 -4
-6 -22 29 19
38 -7 -20 -30
-2 8 3 -9
-33 15 25 9
15 -21 -18 -1
-15 -16 -9 -5
28 13 9 10
-40 -7 -2 -21
16 -1 -11 5
5 12 17 -3
4 -25 -21 10
-17 15 15 -3
26 6 -8 -11
-14 -17 11 0
16 14 3 19
5 11 -5 -15
-12 -20 18 16
14 10 22 -14
-18 -27 -31 7
9 11 -2 -2
-1 -13 17 -6
-38 2 11 -3
22 -7 1 47
3 -9 -17 -27
11 15 7 -13
17 15 15 -11
4 -2 -17 3
-10 -7 7 25
28 9 12 -24
4 -34 5 -5
5 49 13 -11
7 -13 -17 28
-6 -24 33 -10
22 1 10 -13
-19 -6 -14 -5
10 8 1 13
-2 -14 14 -8
-6 7 -5 1
23 3 6 18
-5 12 11 -23
-13 -6 2 36
12 17 -13 -3
22 -5 -4 -1
-19 29 47 2
3 -7 -24 22
-10 -1 -1 15
18 5 9 -5
-24 -6 0 -11
14 15 -9 12
6 -10 11 10
-24 -1 15 1
19 5 -10 13
23 15 -6 -29
23 1 5 10
-12 12 24 -2
9 -6 -18 -2
5 16 15 19
2 14 -9 2
-6 -12 15 19
18 18 13 -8
1 13 -18 4
-15 4 22 31
-10 -11 -6 -11
19 -7 -18 -3
-4 17 12 5
-7 -11 15 28
-6 17 1 -25
32 6 6 38
-9 -5 11 -12
10 18 -14 6
18 19 7 -13
0 -8 19 21
-9 7 4 19
3 35 -29 -14
13 -5 11 21
3 -11 14 -5
-7 21 -13 10
