17 -3 40 -42
24 -40 -1 26
2 34 -20 -11
-34 6 -3 27
10 -13 8 -25
24 5 4 7
-22 -6 -5 -6
4 4 1 9
1 12 -7 22
-5 -3 7 -21
-2 0 -14 -1
13 -5 44 -2
0 -11 -41 22
-33 38 -22 -2
15 -24 49 -14
36 -14 -4 -24
-6 -60 5 -22
4 18 -9 19
5 2 16 2
7 -1 -21 -19
-18 -3 5 20
16 16 5 -6
-21 2 -10 -7
23 -42 37 -3
6 -5 22 0
34 -2 -1 -32
-24 2 -14 41
-20 9 14 -19
33 -2 1 11
-29 -23 -16 -3
29 27 13 -8
-14 -9 -3 5
-7 -11 3 10
1 3 -7 3
-1 6 5 1
10 -30 -13 -21
10 34 17 14
-24 0 -20 16
4 -3 13 -40
-4 -30 21 32
7 -15 6 -27
23 4 0 11
-34 15 6 0
12 -5 -14 9
-10 -14 26 -12
12 -1 -20 14
0 10 -8 -8
4 -2 12 -9
-10 9 3 -7
17 -25 17 4
-19 6 -41 26
14 21 21 -25
11 -22 -3 -16
-12 18 1 11
-9 -16 23 22
9 24 -39 -16
22 0 -8 -26
-35 27 -10 36
12 2 22 -30
-1 -26 10 -1
-6 -4 -10 16
17 18 -2 19
-28 -10 -24 -30
41 -3 30 -16
28 26 41 7
-14 -26 -5 10
3 0 -43 3
-12 14 24 -5
48 -6 1 -26
-39 3 16 4
2 1 -15 34
-3 -2 0 -11
26 -5 -3 -23
-16 9 14 4
3 22 -13 15
-26 -16 15 -15
16 -21 7 8
14 5 -1 5
-5 -1 -34 -2
-2 25 8 -7
-27 -9 -17 23
-16 31 -29 27
-10 -31 24 -23
61 -8 1 -26
-17 15 -8 7
-16 18 -9 22
-26 0 25 -11
37 -37 8 -10
-17 19 -28 3
32 7 9 -22
-45 12 3 24
9 -9 12 -17
12 -22 15 12
-15 -3 -38 6
31 13 14 -9
-21 24 -19 0
-3 -46 28 -11
16 -14 -5 19
-6 29 -16 14
-3 -14 -42 -11
5 20 62 -38
28 -26 2 17
-25 21 -26 5
-46 -7 4 49
12 25 1 17
4 19 -18 -23
-22 -6 14 -3
-6 -7 29 10
21 -10 -13 11
-22 -13 -25 0
26 28 6 -9
-2 -6 6 -11
-27 -17 -15 9
-17 -4 0 18
32 -2 -10 5
-2 5 7 -40
7 -9 -17 22
-3 34 24 -16
-25 -22 2 17
7 -10 -2 6
31 -18 13 -15
-10 20 -9 -3
-1 4 7 -12
-11 6 23 33
-19 -31 -19 -11
40 -3 1 -3
-17 19 -15 13
22 4 7 -34
-16 42 -2 30
-15 -36 -1 10
24 4 -19 -28
3 -3 18 7
18 6 -19 0
-36 38 4 -8
3 -37 28 6
2 -8 -8 10
13 11 0 -30
5 -6 -1 13
7 24 20 -25
-31 -18 -7 36
-9 -3 4 -2
38 -6 -7 6
-10 -2 -15 -30
-2 18 7 13
-10 -18 29 8
30 -21 -3 -11
-13 -10 -22 19
13 35 -10 7
-8 5 5 -36
4 -21 11 0
-6 16 24 29
-10 -6 -29 2
-24 -15 -55 4
4 27 22 -29
1 -2 31 17
2 -15 -11 -22
-19 -5 -7 60
-8 19 -16 -27
37 -15 4 -22
-3 -4 20 -1
4 -34 33 17
3 11 -17 -12
5 -30 6 9
14 15 -28 1
-9 41 8 -14
-9 -38 15 0
1 27 4 3
-4 -41 14 12
17 16 10 -21
24 -17 23 -29
-1 11 -11 33
-50 9 -8 7
21 2 8 4
1 -35 5 -12
33 9 -17 -7
-33 34 -11 14
-17 12 -19 6
-22 -8 5 24
24 -16 14 -33
28 -4 -24 7
-26 26 -7 6
-10 26 14 0
-7 -40 11 -11
23 -13 11 1
17 26 -12 2
-13 13 8 -11
-11 -23 12 -24
32 10 18 43
-41 -5 -32 -12
8 4 -7 9
6 -12 23 -2
43 16 -13 -48
-10 11 -6 -27
0 -41 35 18
30 12 -29 15
-29 18 -21 -12
4 -3 8 -7
15 10 39 -13
-11 -38 -20 21
-17 41 -24 14
37 22 26 -5
-16 12 -16 -1
6 -22 18 -22
-15 9 -2 40
2 14 -10 -14
2 -34 13 1
8 22 -25 0
9 -3 17 -16
-3 -2 -9 26
-19 1 14 -20
22 -11 -11 18
-1 -1 -7 -17
5 21 1 7
-16 -7 15 -12
15 -8 -4 11
-20 3 -3 13
-20 -24 -29 -6
17 20 12 -15
-12 -5 19 24
4 8 -27 -14
-19 -8 18 12
21 -16 3 -15
12 14 -17 13
-24 14 -4 3
-28 10 -16 39
4 27 -29 -8
-20 -38 36 -19
50 3 -9 9
-24 25 -5 -7
-10 -21 -13 10
4 23 31 -5
4 -21 -11 1
-22 26 -41 18
-11 -8 16 -8
18 21 8 -6
-14 -34 -7 -5
4 13 13 16
5 6 -11 -4
13 -20 -2 -21
-39 30 -11 40
19 5 35 3
3 -11 -19 5
-4 1 -6 -16
-11 22 -7 43
4 -12 16 -51
25 -31 18 -5
-9 33 -29 46
-27 8 -8 -3
-11 11 -29 20
-34 14 -3 0
32 -11 7 -13
-6 2 25 -7
-5 -17 -33 18
13 20 19 -19
-14 -11 -5 20
7 14 -11 -12
