9 12 9 -2
-6 -24 -9 -2
-12 -17 -11 -33
-5 6 -13 3
28 14 -3 3
-1 7 7 -22
-11 5 -14 5
-8 -22 12 11
12 3 38 6
-10 0 -9 10
31 -20 -6 0
2 21 23 -1
-1 16 -21 -8
10 -2 -2 6
-10 10 10 17
4 6 22 22
-28 6 -26 -32
10 -10 -22 9
-2 -10 18 11
2 14 16 15
-29 -19 0 -11
-19 -11 -22 9
12 -15 -9 4
-4 14 8 -15
3 4 -21 -6
14 26 -1 -16
-7 0 -4 29
-29 -44 7 -21
8 8 33 21
15 17 9 17
14 -4 2 -18
-4 -1 -37 -28
-1 28 5 23
32 9 15 28
-3 15 8 -1
-2 -4 -21 -22
5 -26 -15 4
7 19 28 -17
-8 24 25 8
12 -14 -18 10
-38 -44 6 -7
-30 -5 -9 2
28 -3 -6 10
16 20 8 -14
-20 -36 -38 -7
-12 -12 17 -22
-19 22 7 7
14 -11 -3 7
-12 -1 -10 -20
19 3 -8 7
-1 -12 28 -6
-3 3 -16 4
-2 16 22 23
1 -7 9 19
11 10 -15 -9
12 12 -5 -13
28 17 2 -2
23 26 6 -11
9 -9 11 27
-21 -28 25 -3
12 1 24 7
-14 4 -10 4
7 -9 -13 -11
-4 11 -6 -1
-10 35 -11 -7
7 -27 -15 7
-14 -11 -20 -13
-10 -4 6 -7
26 -9 -7 -6
-11 -3 -4 -18
-29 -5 6 -23
-9 -3 -19 25
3 3 18 8
-30 -11 -13 2
11 -1 -32 1
7 19 24 6
23 -17 -2 10
-23 -7 23 -24
-7 25 -2 3
28 10 21 42
8 -4 -2 -6
-9 -5 -9 9
-9 2 19 -5
12 33 5 39
-3 7 2 14
-13 -33 14 -4
-12 15 -23 -30
23 10 -10 6
27 -2 6 -5
4 18 -3 -23
-8 -20 -2 -7
-30 -34 -15 -13
14 0 28 23
-9 4 4 -2
6 -8 -26 -16
-14 -15 -18 -33
-8 26 -3 -3
30 -2 9 7
8 -1 8 4
1 -11 3 -12
-8 -15 -16 -11
13 18 0 15
-3 11 43 14
10 21 -8 26
-43 -15 -9 -3
-7 -16 3 12
25 10 -2 24
23 18 32 -11
-9 -43 -19 -11
-12 22 6 -23
-2 11 11 19
1 -17 -8 2
-12 -16 -5 5
-2 7 -2 6
-11 3 1 -8
-9 -7 -33 -21
-11 9 4 25
11 -17 25 11
-8 18 -10 -25
13 -5 -33 -25
26 -11 2 8
10 45 9 -3
-9 15 23 9
-8 -11 -29 11
2 -5 21 27
-9 -1 20 3
21 14 -17 7
15 3 14 -16
