-512 -512 -177 247
-59 -512 -512 -512
-512 -512 -512 -512
-512 -512 294 511
511 511 511 135
-512 -512 -512 -512
-512 -512 -512 -512
-500 511 511 511
511 511 511 511
-499 -512 -512 -512
-512 -512 -512 485
511 511 511 511
511 511 511 511
502 134 420 511
511 511 511 511
511 511 511 511
511 511 511 511
511 511 511 511
511 511 511 511
-364 -512 -512 -512
511 511 511 511
511 511 511 511
511 511 -367 -512
-512 -512 -512 -512
511 511 511 511
511 511 511 511
328 -512 -512 -512
-512 -512 -512 -512
511 511 511 511
511 511 154 -512
-512 -512 -512 -263
327 511 511 501
-292 53 491 511
511 511 511 337
424 511 511 511
511 511 511 511
-512 -71 511 511
511 511 511 511
511 511 511 511
511 511 511 511
511 511 511 511
511 511 511 511
511 511 511 511
511 511 511 511
511 511 511 511
511 511 511 511
511 511 511 -512
-512 -512 -512 -512
511 511 511 511
511 511 511 511
511 511 -512 -512
-512 -512 -512 -512
511 511 511 511
511 511 511 511
262 -512 -512 -512
-512 -512 -512 -512
511 511 511 511
511 511 511 -512
-512 -512 -512 -512
-512 -162 511 511
-57 497 511 511
511 511 251 -512
-512 -512 -512 -512
198 511 511 511
