-3 10 -11 -26
-3 27 20 -16
-13 1 -15 -19
-1 21 24 4
16 8 13 2
-26 -25 15 40
17 -2 0 -4
4 8 -17 -24
14 -6 -21 -24
9 19 -26 -28
6 13 12 2
-20 -27 4 36
-41 1 37 35
-2 -14 13 8
-20 -13 -8 -13
20 46 6 -32
-10 16 2 -17
7 28 -9 -40
12 51 23 -2
-25 -29 -10 -10
-28 -9 9 24
12 -12 -9 -16
-34 -18 0 3
19 24 6 -5
24 3 11 -3
-20 -12 -8 18
32 17 23 21
-7 -33 -43 -28
-16 -4 -17 -12
32 42 5 -28
-33 -8 -2 -14
4 17 17 26
-5 12 23 -6
-42 -14 22 6
-5 -7 -16 -9
13 39 9 -48
12 19 -29 -31
21 34 15 -1
13 29 1 -20
-20 -23 4 33
29 -5 10 -3
-53 -51 -10 24
17 -12 -5 3
-2 12 7 -16
-32 -2 0 3
37 39 12 1
-10 -12 -21 -30
4 22 23 41
11 11 12 -16
-27 4 0 -17
14 35 19 -8
-24 -2 1 -27
-30 11 9 9
-1 -21 -1 -7
-25 -7 -7 -3
24 22 -5 -17
16 -10 -11 0
22 32 -7 -18
17 18 20 27
-18 -47 -17 2
-13 -2 15 19
-6 -31 -6 8
-30 -20 12 6
28 27 -24 -27
-26 -6 5 -13
20 60 -1 -45
-9 3 -6 -1
-3 2 11 4
11 24 5 -3
-17 -28 12 16
2 32 25 -13
-7 3 -19 -30
2 -4 -2 -6
-16 -10 -11 -3
18 -9 -24 6
-2 -8 18 11
3 -2 -12 1
21 11 10 15
-3 -3 -4 -24
-9 9 20 38
-3 0 24 -5
-30 4 15 11
8 -9 -16 -19
-1 35 18 -18
17 30 -22 -51
-17 2 -7 -14
8 36 14 -16
-13 -18 -16 7
-5 -20 8 37
11 6 28 13
-15 -31 -17 13
12 23 24 -16
8 12 -17 -21
2 -9 -20 -5
9 13 12 16
5 -38 -37 6
-26 -24 19 27
17 26 2 -28
-35 -22 3 2
8 36 20 -11
-7 25 18 -9
-11 -7 -7 0
17 40 29 -5
-6 -17 -44 -30
-8 -8 -3 7
4 -5 -20 -27
-4 2 -1 12
-5 -11 13 8
-6 -7 4 32
13 -19 9 22
-5 -12 -6 0
6 8 9 4
-8 1 -2 -18
8 34 3 -7
11 -1 -17 -11
-4 -1 11 21
37 18 0 -34
-54 -34 1 11
-1 17 23 -17
-9 19 -10 -28
-8 -1 -10 -7
23 44 28 11
8 -16 -32 -7
5 1 16 22
22 -4 -19 0
-10 -27 1 11
-7 -16 -8 10
5 0 10 5
