-239 -368 -464 -417
-266 42 359 511
511 511 511 511
511 511 216 -512
-512 -512 -512 -512
-512 -512 -512 -512
-512 511 511 511
511 511 511 511
-512 -512 -512 -512
-512 -512 -512 -512
-512 -512 -512 -512
-512 -512 -512 -512
-512 -512 -512 -512
-512 -512 -512 -512
-512 -512 -512 -512
-512 -512 -512 -512
-512 -512 -512 -512
-512 -512 -512 -512
-445 473 511 511
511 511 511 511
511 511 511 -36
-512 -512 -512 -512
-512 -512 -512 -512
-512 -512 -512 -512
511 511 511 511
511 511 511 511
511 511 477 131
-123 -326 -440 -465
-454 -351 -288 -222
-199 -246 -386 -512
-512 -512 -512 -512
-512 -512 -512 -512
