-41 19 -25 -20
13 -33 19 26
-28 18 17 10
11 9 3 18
24 -9 3 23
-10 6 -1 -19
2 7 -33 5
4 -30 30 -19
-12 3 -34 4
-3 -17 0 -14
12 7 -3 13
15 13 15 7
1 33 -13 5
16 -14 21 -7
-10 17 -11 -7
-5 -11 -7 -15
1 13 -5 -10
26 -16 -2 5
-18 7 1 -20
-5 9 -6 -2
7 -13 23 13
-16 16 9 2
9 -9 -7 12
4 -32 10 -8
21 -18 40 6
-15 26 5 -11
15 -18 -9 4
-18 -19 -6 -7
-15 -3 -7 -12
10 -3 -15 14
0 -12 27 -17
7 26 -13 18
22 -22 31 8
-19 24 -4 -8
25 -18 -2 11
-3 -6 -16 -1
-19 -3 -25 -29
2 -6 -23 -3
6 -3 31 -14
3 47 -7 18
-2 -2 6 -16
18 -6 2 12
-13 13 6 -6
-6 9 -6 1
-3 -15 9 7
-27 9 -7 1
4 -17 1 11
10 -15 14 8
-5 0 -20 3
2 -9 5 -18
10 2 -9 3
1 5 13 6
-8 38 -5 17
19 -13 28 0
-8 2 -6 -7
-5 -17 -15 -9
-25 32 -30 -13
24 -47 8 9
-24 3 12 -6
18 16 -8 20
24 2 2 21
1 14 20 -27
21 17 -27 2
-5 -36 22 -40
-17 -1 2 -12
0 -11 19 1
-3 4 6 13
-3 -1 8 8
3 -1 -1 9
1 -7 -2 -1
-3 -6 -3 -8
13 -14 9 0
22 -23 9 13
-8 25 -5 -20
38 -9 -3 -1
-9 8 -11 -3
-30 13 -11 -22
-1 -14 -4 3
-7 -15 26 -5
3 28 -13 26
28 -7 33 -3
11 10 -10 1
-2 -8 -5 -11
-14 4 -26 -3
-12 -22 2 -12
-22 19 -19 7
16 -13 25 1
8 10 5 9
11 -15 39 3
-22 19 14 -14
8 -19 -11 15
-20 -25 3 2
-16 12 -15 3
22 -9 -6 15
-1 -8 21 -23
6 20 -20 11
-17 13 -29 -8
23 -28 3 8
-4 6 12 -11
18 16 -9 13
9 9 -1 10
-5 4 18 -31
14 3 -17 6
-7 -16 17 -19
-22 5 -31 -24
26 -37 5 4
-14 30 6 6
16 21 22 3
13 7 7 18
-17 -3 16 -7
-4 -1 -16 6
11 -47 16 -15
-13 2 -10 2
-7 -5 14 -9
6 -3 0 9
-5 0 4 13
-7 22 -6 13
16 -12 12 -1
-6 0 -7 -8
0 -8 -5 -3
11 9 16 2
10 -4 -2 7
-6 -14 -2 -9
-7 3 -34 6
5 -16 0 -6
-5 26 -14 -8
18 5 6 -7
0 7 15 -11
34 -31 48 4
-20 34 -2 -23
22 -11 -15 14
-23 -14 7 -16
-26 -4 -7 -21
1 -11 -21 34
-11 -17 43 -16
19 24 -23 30
8 -10 2 6
3 16 -2 -3
20 -7 10 -16
-4 5 -15 0
-18 -2 3 -12
-9 -8 1 -9
5 -20 10 10
-2 18 -1 22
-10 5 -6 -14
16 -23 2 13
-15 10 0 4
14 2 2 2
18 -1 -5 8
-3 11 0 -15
8 10 -9 -7
1 -12 15 -19
-22 15 -14 -6
-9 -20 13 -4
-16 3 1 16
5 -5 22 15
5 24 -9 28
19 -12 21 0
-1 12 -19 -4
-5 -22 -10 -20
-19 23 -43 -2
28 -24 -3 13
-12 11 11 -24
10 23 -15 12
9 5 16 18
-12 11 23 -24
9 1 -30 22
-13 -27 18 -16
17 -23 15 1
-8 14 -4 -12
17 5 -13 15
-4 -3 13 -17
-5 -1 -4 -18
0 -6 -16 20
-17 -2 22 -15
15 8 -7 13
12 -3 31 13
-28 28 6 -7
14 -27 12 2
-15 -13 -16 5
-16 -21 -5 -21
5 -9 -19 7
8 -9 19 0
2 35 -9 21
17 -6 18 7
3 16 -8 5
4 -10 -9 -12
-9 -8 -20 -10
2 -14 5 -12
-1 17 -15 1
4 -2 11 -5
-1 19 5 6
10 -12 1 -1
-4 6 -9 -11
1 13 -16 10
-1 -3 26 -13
-5 16 -2 3
2 -8 6 21
-17 1 7 -3
3 -8 -19 3
-37 32 -45 -8
15 -31 3 22
-27 14 26 -13
21 16 0 21
14 -1 8 25
-12 0 24 -29
13 6 -42 31
-17 -27 16 -20
-19 -3 -14 -10
4 -17 5 12
-10 15 -10 16
17 -10 19 -7
29 10 -6 9
15 5 -2 -9
-11 20 -16 -19
0 -8 12 -19
6 5 5 7
-11 8 -3 -7
-1 -6 3 -2
-3 -4 7 -4
-3 -8 6 -6
2 -7 2 12
-1 0 3 8
-2 0 -11 3
22 -1 11 16
-3 26 -14 -3
10 -11 1 -21
-14 2 -19 -9
-13 -21 17 -19
-13 7 -10 12
1 -11 12 16
-3 16 -5 20
25 -33 34 12
-24 37 -7 -7
22 -5 -26 20
-14 -21 5 -24
-4 -2 -11 -26
13 1 -34 26
-24 4 29 -27
10 38 -11 22
-16 26 -10 3
-10 -5 2 15
-18 -7 25 -6
8 3 -9 18
4 -19 1 3
-7 -3 1 -14
16 5 -19 24
-13 3 5 -6
-13 6 -30 -4
13 -16 -6 5
-11 18 -5 -5
16 0 23 -9
17 16 9 16
6 -1 21 -4
-9 10 -22 5
-8 -23 -1 -14
