-348 -512 -512 -512
-512 -512 -322 -348
-512 -512 -512 -512
-161 196 385 417
-512 -512 -512 -512
-512 -512 -467 -512
-512 -512 -512 -512
-300 422 511 511
-512 -512 -512 -512
-512 -512 -429 -512
-512 -512 -512 -512
-412 511 511 511
-512 -512 -512 -512
-512 -512 -71 -512
-512 -512 -512 -512
-476 511 511 511
-512 -512 -512 -512
-512 106 487 -436
-512 -512 -512 -512
-512 511 511 511
-512 -512 -512 -512
-496 511 511 -163
-512 -512 -512 -512
-512 511 511 511
-512 -512 -512 -512
217 511 511 88
-512 -512 -512 -512
-382 511 511 511
-512 -512 -512 -512
511 511 511 264
-512 -512 -512 -512
-135 511 403 -205
-512 -512 -512 -512
511 511 511 341
-512 -512 -512 -512
49 416 -498 -512
-512 -512 -512 -81
511 511 511 272
-512 -512 -512 -512
162 35 -512 -512
-512 -512 -512 511
511 511 511 16
-512 -512 -512 -512
199 -355 -512 -512
-512 -512 -512 511
511 511 511 -449
-512 -512 -512 -512
64 -512 -512 -512
-512 -512 -512 511
511 511 511 -512
-512 -512 -512 -512
-401 -512 -512 -512
-512 -512 -448 511
511 511 511 -512
-512 -512 -512 -512
-512 -512 -512 -512
-512 -512 70 511
511 511 511 -512
-512 -512 -512 -512
-512 -512 -512 -512
-512 -512 442 511
511 511 -512 -512
-512 -512 -512 -512
-512 -512 -512 -512
-512 -512 511 511
511 511 -512 -512
-512 -512 -512 -512
-512 -512 -512 -512
-512 -512 511 511
511 -495 -512 -512
-512 -512 -512 -512
-512 -512 -512 -512
-512 -467 511 511
482 -512 -512 -512
-512 -512 -512 -512
-439 -512 -512 -512
-512 -139 511 511
-512 -512 -512 -512
-512 -512 -512 -512
-436 -512 -512 -512
-512 -96 464 145
-512 -512 -512 -512
-512 -512 -512 -512
-512 -512 -512 -512
-512 -169 157 -299
-512 -512 -512 -512
-512 -512 -512 -512
-512 -512 -327 -10
-512 -267 -28 -481
-512 -512 -512 -512
-512 -512 -512 -512
-512 -512 143 511
-512 -306 -25 -370
-512 -512 -512 -512
-512 -512 -512 -512
-512 -512 436 511
-460 -36 359 188
-512 -512 -512 -512
-512 -512 -512 -512
-512 -429 511 511
141 511 511 511
342 -512 -512 -512
-512 -512 -512 -512
-512 -51 511 511
511 511 511 511
511 57 -512 -512
-512 -512 -512 -512
-512 378 511 511
511 511 511 511
511 511 -512 -512
-512 -512 -512 -512
-413 511 511 511
511 511 511 511
511 511 -362 -512
-512 -512 -512 -512
253 511 511 511
511 511 511 511
511 511 137 -512
-512 -512 -512 -392
511 511 511 511
511 511 511 511
511 511 457 -512
-512 -512 -512 165
511 511 511 511
511 511 511 511
511 511 511 -512
-512 -512 -512 502
511 511 511 511
