84 208 307 408
511 511 511 511
511 511 511 511
511 511 511 511
511 511 511 511
511 511 511 511
511 511 511 511
511 511 511 511
110 260 381 499
511 511 511 511
511 511 511 511
511 511 511 511
511 511 511 511
511 511 511 511
511 511 511 511
511 511 511 511
151 339 491 511
511 511 511 511
511 511 511 511
511 511 511 511
511 511 511 511
511 511 511 511
511 511 511 511
511 511 511 511
197 430 511 511
511 511 511 511
511 511 511 511
511 511 511 511
511 511 511 511
511 511 511 511
511 511 511 511
511 511 511 511
231 496 511 511
511 511 511 511
511 511 511 511
511 511 511 511
511 511 511 511
511 511 511 511
511 511 511 511
511 511 511 511
188 398 511 511
511 511 511 511
511 511 511 511
511 383 241 114
43 -5 65 169
350 511 511 511
511 511 511 511
511 511 511 511
120 250 346 403
439 460 417 374
288 163 2 -185
-391 -512 -512 -512
-512 -512 -512 -512
-512 -512 -349 91
511 511 511 511
511 511 511 511
51 106 136 124
100 66 -31 -108
-229 -389 -512 -512
-512 -512 -512 -512
-512 -512 -512 -512
-512 -512 -512 -286
328 511 511 511
511 511 511 511
15 35 29 -21
-73 -121 -238 -315
-435 -512 -512 -512
-512 -512 -512 -512
-512 -512 -512 -512
-512 -512 -512 114
511 511 511 511
511 511 511 511
18 47 43 -9
-56 -82 -185 -235
-325 -450 -512 -512
-512 -512 -512 -512
-512 -512 -512 -512
-512 -85 511 511
511 511 511 511
511 511 511 511
70 157 198 180
168 188 124 112
62 -22 -131 -227
-338 -419 -435 -406
-304 -195 70 373
511 511 511 511
511 511 511 511
511 511 511 511
123 257 339 352
365 405 364 363
323 249 149 70
-15 -62 -12 90
259 442 511 511
511 511 511 511
511 511 511 511
511 511 511 511
215 430 511 511
511 511 511 511
511 511 511 427
338 288 368 508
511 511 511 511
511 511 511 511
511 511 511 511
511 511 511 511
331 511 511 511
511 511 511 511
511 511 511 511
511 511 511 511
511 511 511 511
511 511 511 511
511 511 511 511
511 511 399 -173
423 511 511 511
511 511 511 511
511 511 511 511
511 511 511 511
511 511 511 511
511 511 511 511
511 511 511 511
511 -512 -512 -512
440 511 511 511
511 511 511 511
511 511 511 366
160 -7 39 204
415 511 511 511
511 511 511 511
511 511 511 -143
-512 -512 -512 -512
407 511 511 511
511 511 511 511
511 239 -166 -512
-512 -512 -512 -512
-512 -192 207 511
511 511 511 511
511 511 -324 -512
-512 -512 -512 -512
258 404 511 511
511 365 243 5
-292 -512 -512 -512
-512 -512 -512 -512
-512 -512 -320 183
511 511 511 511
511 197 -512 -512
-512 -512 -512 -512
17 -73 -119 -257
-399 -512 -512 -512
-512 -512 -512 -512
-512 -512 -512 -512
-512 -451 50 511
511 511 511 511
511 383 -512 -512
-512 -512 -512 -512
-74 -244 -360 -512
-512 -512 -512 -512
-512 -512 -512 -512
-512 -512 -512 -512
-512 -428 177 511
511 511 511 511
511 511 -512 -512
-512 -512 -512 -512
-122 -321 -471 -512
-512 -512 -512 -512
-512 -512 -512 -512
-512 -512 -512 -512
-496 239 511 511
511 511 511 511
511 511 511 -512
-512 -512 -512 -512
-149 -359 -512 -512
-512 -512 -512 -512
-512 -512 -512 -512
-512 -512 -512 -507
183 511 511 511
511 511 511 511
511 511 511 511
-512 -512 -512 -512
-165 -379 -512 -512
-512 -512 -512 -512
-512 -512 -512 -512
-512 -512 -512 -137
511 511 511 511
511 511 511 511
511 511 511 511
-284 -512 -512 -512
-173 -392 -512 -512
-512 -512 -512 -512
-512 -512 -512 -512
-512 -512 -512 -96
511 511 511 511
511 511 511 511
511 511 511 511
361 -512 -512 -512
-183 -420 -512 -512
-512 -512 -512 -512
-512 -512 -512 -512
-512 -512 -512 -427
511 511 511 511
511 511 511 511
511 511 511 511
306 -512 -512 -512
-317 -512 -512 -512
-512 -512 -512 -512
-512 -512 -512 -512
-512 -512 -512 -512
123 511 511 511
511 511 511 511
511 511 511 511
-265 -512 -512 -512
-512 -512 -512 -512
-512 -512 -512 -512
-512 -512 -512 -512
-512 -512 -512 -512
-235 511 511 511
511 511 511 511
511 511 511 511
-512 -512 -512 -512
-512 -512 -512 -512
-512 -512 -512 -512
-512 -512 -512 -512
-512 -512 -512 -512
-512 -155 511 511
511 511 511 511
511 511 511 511
-364 -512 -512 -512
-462 -512 -512 -512
-512 -512 -512 -512
-512 -512 -512 -512
-512 -512 -512 -512
-512 -512 -512 295
511 511 511 511
511 511 511 511
511 279 -196 -400
-294 -512 -512 -512
-512 -512 -512 -512
-512 -512 -512 -512
-512 -512 -512 -512
-512 -512 -512 -443
305 511 511 511
511 511 511 511
511 511 511 511
-129 -257 -383 -512
-512 -512 -512 -512
-512 -512 -512 -512
-512 -512 -512 -512
-512 -512 -512 -512
-3 511 511 511
511 511 511 511
511 511 511 511
-28 -49 -85 -198
-312 -452 -512 -512
-512 -512 -512 -512
-512 -512 -512 -512
-512 -512 -512 -512
-97 511 511 511
511 511 511 511
511 511 511 511
