-512 -512 -512 -512
-512 -512 -512 -512
-512 -512 -266 8
12 -250 -512 -512
-512 -512 -512 -512
-512 -298 511 511
511 511 511 511
511 511 511 422
-512 -512 -512 -512
-512 -512 -512 1
511 511 511 511
511 511 -512 -512
-512 -512 -512 -512
-512 -512 511 511
511 511 511 511
511 387 52 -28
-512 -512 -512 -512
-512 -34 511 511
511 511 511 511
511 -512 -512 -512
-512 -512 -512 -512
-512 -512 6 244
-20 -512 -512 -512
-512 -512 -512 -512
-512 -512 -512 -512
-412 511 511 511
511 511 511 -417
-512 -512 -512 -512
-512 -512 -512 -512
-512 -512 -435 -215
-458 -512 -512 -512
-512 -512 -512 -512
-512 -512 -512 -512
-169 151 93 -375
-512 -512 -512 -512
-512 -512 -512 -512
-512 -512 -512 -512
34 511 511 511
511 -42 -512 -512
-512 -512 -512 -484
-512 -512 -512 -512
-512 -512 -512 -512
-512 -512 -512 -512
-512 -512 -512 -512
-512 -512 -512 -512
-108 511 511 511
511 511 511 511
511 511 511 511
381 511 511 511
511 511 511 511
86 -512 -512 -512
-512 -512 -512 -512
-512 -512 -512 -512
-512 -49 511 511
511 511 511 511
511 511 511 511
511 511 511 511
511 511 511 511
511 511 511 -277
-512 -512 -512 -512
-512 -512 -512 -512
339 511 511 511
511 511 511 511
511 511 511 511
