1 1 -1 -3
-4 -3 -2 -1
1 1 -1 -3
-4 -3 -2 -1
1 1 -1 -3
-4 -4 -2 -1
1 1 -1 -3
-4 -4 -2 -1
1 1 -1 -3
-4 -4 -3 -1
1 1 -1 -3
-5 -5 -3 -1
1 1 -1 -4
-5 -5 -4 -1
1 1 -1 -4
-6 -6 -4 -2
1 0 -2 -5
-7 -7 -5 -2
1 0 -2 -5
-7 -7 -5 -2
1 0 -2 -5
-8 -8 -6 -3
1 0 -2 -6
-9 -9 -7 -3
0 0 -3 -6
-10 -10 -8 -3
0 0 -3 -6
-10 -11 -9 -4
0 0 -3 -7
-10 -12 -9 -4
0 0 -2 -6
-11 -12 -10 -5
0 0 -2 -6
-11 -13 -10 -5
0 0 -1 -6
-10 -13 -11 -5
0 1 -1 -5
-10 -12 -11 -5
0 1 0 -4
-9 -12 -11 -5
0 1 0 -3
-8 -11 -10 -6
0 2 1 -2
-7 -10 -10 -5
0 2 2 -1
-5 -9 -9 -5
1 2 2 0
-4 -7 -8 -5
1 2 3 1
-3 -6 -7 -5
1 2 3 1
-2 -5 -6 -4
1 2 3 2
-1 -3 -5 -3
1 2 2 2
0 -2 -4 -3
1 2 2 2
1 -1 -2 -2
1 1 2 2
1 0 -2 -1
0 1 1 1
1 0 -1 -1
0 0 1 1
1 0 0 0
