-512 -512 -512 -512
-512 -512 -512 -512
-395 511 511 511
511 -303 -512 -512
-512 -512 -512 -512
-512 -512 -512 -512
-512 243 511 511
511 511 511 511
-512 -512 -512 -512
-512 -512 -512 -512
-368 511 511 511
511 -297 -512 -512
-512 -512 -512 -512
-512 -512 -512 -512
-512 230 511 511
511 511 511 511
-512 -512 -512 -512
-512 -512 -512 -512
-277 511 511 511
511 -265 -512 -512
-512 -512 -512 -512
-512 -512 -512 -512
-512 224 511 511
511 511 511 434
-512 -512 -512 -512
-512 -512 -512 -512
-159 511 511 511
511 -225 -512 -512
-512 -512 -512 -512
-512 -512 -512 -512
-512 216 511 511
511 511 451 239
-512 -512 -512 -512
-512 -512 -512 -512
5 511 511 511
511 -188 -512 -512
-512 -512 -512 -512
-512 -512 -512 -512
-512 169 511 511
511 511 223 4
-512 -512 -512 -512
-512 -512 -512 -512
205 511 511 511
511 -136 -512 -512
-512 -512 -512 -512
-512 -512 -512 -512
-512 135 511 511
511 267 -69 -303
-512 -512 -512 -512
-512 -512 -512 -512
436 511 511 511
511 -66 -512 -512
-512 -512 -512 -512
-512 -512 -512 -512
-512 92 511 511
326 -43 -415 -512
-512 -512 -512 -512
-512 -512 -512 -511
511 511 511 511
511 -29 -512 -512
-512 -512 -512 -512
-512 -512 -512 -512
-512 24 407 391
56 -356 -512 -512
-512 -512 -512 -512
-512 -512 -512 -180
511 511 511 511
511 75 -512 -512
-512 -512 -512 -512
-512 -512 -512 -512
-512 -11 272 165
-256 -512 -512 -512
-512 -512 -512 -512
-512 -512 -512 260
511 511 511 511
511 228 -512 -512
-512 -512 -512 -512
-512 -512 -512 -512
-509 13 205 17
-475 -512 -512 -512
-512 -512 -512 -512
-512 -512 -512 511
511 511 511 511
511 372 -512 -512
-512 -512 -512 -512
-512 -512 -512 -512
-426 10 106 -165
-512 -512 -512 -512
-512 -512 -512 -512
-512 -512 -312 511
511 511 511 511
511 492 -512 -512
-512 -512 -512 -512
-512 -512 -512 -512
-359 -5 0 -350
-512 -512 -512 -512
-512 -512 -512 -512
-512 -512 175 511
511 511 511 511
511 511 -512 -512
-512 -512 -512 -512
-512 -512 -512 -512
-298 -16 -86 -496
-512 -512 -512 -512
-512 -512 -512 -512
-512 -512 511 511
511 511 511 511
511 511 -512 -512
-512 -512 -512 -512
-512 -512 -512 -512
-262 -61 -219 -512
-512 -512 -512 -512
-512 -512 -512 -512
-512 -512 511 511
511 511 511 511
511 511 -512 -512
-512 -512 -512 -512
-512 -512 -512 -512
-263 -132 -363 -512
-512 -512 -512 -512
-512 -512 -512 -512
-512 -312 511 511
511 511 511 511
511 511 -512 -512
-512 -512 -512 -512
-512 -512 -512 -512
-308 -230 -507 -512
-512 -512 -512 -512
-512 -512 -512 -512
-512 45 511 511
511 511 511 511
511 511 -512 -512
-512 -512 -512 -512
-512 -512 -512 -512
-455 -407 -512 -512
-512 -512 -512 -512
-512 -512 -512 -512
-512 391 511 511
511 511 511 511
511 511 -512 -512
-512 -512 -512 -512
-512 -512 -512 -512
-512 -512 -512 -512
-512 -512 -512 -512
-512 -512 -512 -512
-512 511 511 511
511 511 511 511
511 511 -512 -512
-512 -512 -512 -512
-512 -512 -512 -512
-512 -512 -512 -512
-512 -512 -512 -512
-512 -512 -512 -512
-512 511 511 511
511 511 511 511
511 511 -512 -512
-512 -512 -512 -512
-512 -512 -512 -512
-512 -512 -512 -512
-512 -512 -512 -512
-512 -512 -512 -512
-326 511 511 511
511 511 511 511
511 349 -512 -512
-512 -512 -512 -512
-512 -512 -512 -512
-512 -512 -512 -512
-512 -512 -512 -512
-512 -512 -512 -512
91 511 511 511
511 511 511 511
511 -65 -512 -512
-512 -512 -512 -512
-512 -512 -512 -512
-512 -512 -512 -512
-512 -512 -512 -512
-512 -512 -512 -512
457 511 511 511
511 511 511 511
511 -512 -512 -512
-512 -512 -512 -512
-512 -512 -512 -512
-512 -512 -512 -512
-512 -512 -512 -512
-512 -512 -512 -512
511 511 511 511
511 511 511 511
480 -512 -512 -512
-512 -512 -512 -512
-512 -512 -512 -512
-512 -512 -512 -512
-512 -512 -512 -512
-512 -512 -512 -334
511 511 511 511
511 511 511 511
-110 -512 -512 -512
-512 -512 -512 -512
-512 -512 -512 -512
-512 -512 -512 -512
-512 -512 -512 -512
-512 -512 -512 63
511 511 511 511
511 511 511 511
-512 -512 -512 -512
-512 -512 -512 -512
-512 -512 -512 -512
-512 -512 -512 -512
-512 -512 -512 -512
-512 -512 -512 411
511 511 511 511
511 511 511 97
-512 -512 -512 -512
-512 -512 -512 -512
-512 -512 -512 -512
-512 -512 -512 -512
-512 -512 -512 -512
-512 -512 -369 511
511 511 511 511
511 511 511 -512
-512 -512 -512 -512
-512 -512 -512 -512
-512 -512 -512 -512
-512 -512 -512 -512
-512 -512 -512 -512
-512 -512 67 511
511 511 511 511
511 511 175 -512
-512 -512 -512 -512
-512 -512 -512 -512
-512 -512 -512 -512
-512 -512 -512 -512
-512 -512 -512 -512
-512 -265 396 511
511 511 511 511
511 511 -489 -512
-512 -512 -512 -512
-512 -512 -512 -512
-512 -512 -512 -512
-512 -512 -512 -512
-512 -512 -512 -512
-270 100 511 511
511 511 511 511
511 161 -512 -512
-512 -512 -512 -512
-512 -512 -512 -512
-512 -512 -512 -512
-512 -512 -512 -512
-512 -512 -512 -512
138 454 511 511
511 511 511 511
511 -477 -512 -512
-512 -512 -512 -512
-512 -512 -512 -512
-512 -512 -512 -512
-512 -512 -512 -512
-512 -512 -512 -512
430 511 511 511
511 511 511 511
-5 -512 -512 -512
-512 -512 -512 -512
-512 -512 -512 -512
-512 -512 -512 -512
-512 -512 -512 -512
-512 -512 -512 -512
511 511 511 511
511 511 511 487
-512 -512 -512 -512
-512 -512 -512 -512
-512 -512 -512 -512
-512 -512 -512 -512
-512 -512 -512 -512
-512 -512 -512 -512
511 511 511 511
511 511 511 63
-512 -512 -512 -512
-512 -512 -512 -512
-512 -512 -512 -512
-512 -512 -512 -512
-512 -512 -512 -512
-512 -512 -512 -512
511 511 511 511
511 511 440 -310
-512 -512 -512 -512
-512 -512 -512 -512
-512 -512 -512 -512
-512 -512 -512 -512
-512 -512 -512 -512
-512 -512 -512 -512
511 511 511 511
511 511 85 -512
-512 -512 -512 -512
-512 -512 -512 -512
-512 -512 -512 -512
-512 -512 -512 -512
-512 -512 -512 -512
-512 -512 -512 -512
511 511 511 511
511 511 -200 -512
-512 -512 -512 -512
-512 -512 -512 -512
-512 -512 -512 -512
-512 -512 -512 -512
-512 -512 -512 -512
-512 -512 -512 -512
511 511 511 511
511 287 -463 -512
-512 -512 -512 -512
-512 -512 -512 -512
-512 -512 -512 -512
-512 -512 -512 -512
-512 -512 -512 -512
-512 -512 -507 -400
511 511 511 511
511 52 -512 -512
-512 -512 -512 -512
-512 -512 -512 -512
-512 -512 -512 -512
-512 -512 -512 -512
-512 -512 -512 -512
-512 -419 -156 -16
511 511 511 511
370 -127 -512 -512
-512 -512 -512 -512
-512 -512 -512 -512
-512 -512 -512 -512
-512 -512 -512 -512
-512 -512 -512 -512
-512 -148 173 343
511 511 511 511
302 -205 -512 -512
-512 -512 -512 -512
-512 -512 -512 -512
-512 -512 -512 -512
-512 -512 -512 -512
-512 -512 -512 -512
-254 196 511 511
511 511 511 511
289 -193 -512 -512
-512 -512 -512 -512
-512 -512 -512 -512
-512 -512 -512 -512
-512 -512 -512 -512
-512 -512 -512 -457
70 511 511 511
511 511 511 511
374 -86 -512 -512
-512 -512 -512 -512
-512 -512 -512 -512
-512 -512 -512 -512
-512 -512 -512 -512
-512 -512 -512 -240
363 511 511 511
511 511 511 511
511 88 -512 -512
-512 -512 -512 -512
-512 -512 -512 -512
-512 -512 -512 -512
-512 -512 -512 -512
-512 -512 -512 -51
511 511 511 511
511 511 511 511
511 290 -318 -512
-512 -512 -512 -512
-512 -512 -512 -512
-512 -512 -512 -512
-512 -512 -512 -512
-512 -512 -465 165
511 511 511 511
511 511 511 511
511 511 -23 -512
-512 -512 -512 -512
-512 -512 -512 -512
-512 -512 -512 -512
-512 -512 -512 -512
-512 -512 -335 350
511 511 511 511
511 511 511 511
511 511 330 -151
-512 -512 -512 -512
-512 -512 -512 -512
-512 -512 -512 -512
-512 -512 -512 -512
-512 -512 -200 511
511 511 511 511
511 511 511 511
511 511 511 313
-246 -512 -512 -512
-512 -512 -512 -512
-512 -512 -512 -512
-512 -512 -512 -512
-512 -512 -67 511
511 511 511 511
511 511 511 511
511 511 511 511
273 -254 -512 -512
-512 -512 -512 -512
-512 -512 -512 -512
-512 -512 -512 -512
-512 -512 98 511
511 511 511 511
511 511 511 511
511 511 511 511
511 260 -373 -512
-512 -512 -512 -512
-512 -512 -512 -512
-512 -512 -512 -512
-512 -512 264 511
511 511 511 511
511 511 511 511
511 511 511 511
511 511 159 -434
-512 -512 -512 -512
-512 -512 -512 -512
-512 -512 -512 -512
-512 -325 455 511
511 511 511 511
511 511 511 511
511 511 511 511
511 511 511 -81
-512 -512 -512 -512
-512 -512 -512 -512
-512 -512 -512 -512
-512 -118 511 511
511 511 511 511
511 511 511 511
511 511 511 511
511 511 511 328
-387 -512 -512 -512
-512 -512 -512 -512
-512 -512 -512 -512
-465 111 511 511
511 511 511 511
511 511 511 511
511 511 511 511
511 511 511 511
-74 -512 -512 -512
-512 -512 -512 -512
-512 -512 -512 -512
-187 376 511 511
511 511 511 511
511 511 511 511
511 511 511 511
511 511 511 511
233 -512 -512 -512
-512 -512 -512 -512
-512 -512 -512 -483
101 511 511 511
511 511 511 511
511 511 511 511
511 511 511 511
511 511 511 511
508 -323 -512 -512
-512 -512 -512 -512
-512 -512 -512 -170
406 511 511 511
511 511 511 511
511 511 511 511
511 511 511 511
511 511 511 511
511 -119 -512 -512
-512 -512 -512 -512
-512 -512 -369 139
511 511 511 511
511 511 511 511
511 511 511 511
511 511 511 511
511 511 511 511
511 31 -512 -512
-512 -512 -512 -512
-512 -512 -66 448
511 511 511 511
511 511 511 511
511 511 511 511
511 511 511 511
511 511 511 511
511 128 -512 -512
-512 -512 -512 -512
-512 -452 162 511
511 511 511 511
511 511 511 511
511 511 511 511
511 511 511 511
511 511 511 511
511 37 -512 -512
-512 -512 -512 -512
-512 -373 249 511
511 511 511 511
511 511 511 511
511 511 511 511
511 511 511 511
511 511 511 511
511 19 -512 -512
-512 -512 -512 -512
-512 -320 313 511
511 511 511 511
511 511 511 511
511 511 511 511
511 511 511 511
511 511 511 511
511 8 -512 -512
-512 -512 -512 -512
-512 -278 363 511
511 511 511 511
511 511 511 511
511 511 511 511
511 511 511 511
511 511 511 511
511 -44 -512 -512
-512 -512 -512 -512
-512 -238 402 511
511 511 511 511
511 511 511 511
