-512 -282 229 511
511 511 511 511
-136 -512 -512 -512
-512 -512 -512 -512
-512 -512 -342 511
511 511 511 407
-512 -512 -512 -512
-512 -512 -512 -512
-512 -512 -270 511
511 511 511 60
-512 -512 -512 -512
-512 -512 -512 -512
-512 -512 423 511
511 511 191 -512
-512 -512 -512 -512
-512 -512 -512 -512
363 511 511 511
511 157 -512 -512
-512 -512 -512 -512
-512 -512 -512 -512
511 511 511 511
511 -512 -512 -512
-512 -512 -512 -512
-512 -512 -512 -184
511 511 511 511
259 -512 -512 -512
-512 -512 -512 -512
-512 -512 -512 -512
511 511 511 234
-512 -512 -512 -512
-512 -512 -512 -512
-512 -512 -512 71
511 511 511 72
-512 -512 -512 -512
-512 -512 -512 -512
-512 -196 511 511
511 511 511 345
-512 -512 -512 -512
-512 -512 -512 -232
273 511 511 511
511 511 511 511
371 38 -4 251
511 511 511 511
511 511 511 511
511 511 511 511
511 511 511 511
511 511 511 511
511 104 -334 -512
511 511 511 511
511 511 511 511
511 511 511 511
-29 -512 -512 -512
511 511 511 511
511 511 511 511
511 511 511 132
-512 -512 -512 -512
511 511 511 511
511 511 511 511
511 511 178 -511
-512 -512 -512 -512
511 511 511 511
511 511 511 511
100 -299 -512 -512
-512 -512 -512 -512
511 511 511 511
511 511 359 -347
-512 -512 -512 -512
-512 -512 -512 -512
511 511 511 511
511 511 -340 -512
-512 -512 -512 -512
-512 -512 -512 -512
511 511 511 511
511 177 -512 -512
-512 -512 -512 -512
-512 164 511 511
341 482 511 511
511 126 -512 -512
-512 -512 -512 -512
438 511 511 511
-43 224 511 511
511 377 -323 -512
-512 -512 -512 71
511 511 511 511
193 490 511 511
511 511 99 -512
-512 -512 -178 511
511 511 511 511
511 511 511 511
511 511 511 76
-81 125 511 511
511 511 511 511
511 511 511 511
511 511 511 511
511 511 511 511
511 511 511 511
511 511 511 511
511 511 511 511
511 511 511 511
511 511 511 511
511 511 511 511
511 511 511 511
511 511 511 511
511 511 94 -238
511 511 511 511
511 511 511 511
511 511 511 511
511 -359 -512 -512
511 511 511 511
511 511 511 511
511 511 511 511
189 -512 -512 -512
511 511 511 511
511 511 511 511
511 511 511 473
-512 -512 -512 -512
511 511 511 511
511 511 511 511
511 511 241 -512
-512 -512 -512 -512
511 511 511 511
511 511 511 511
511 386 -512 -512
-512 -512 288 511
511 511 511 511
511 511 511 511
511 -368 -512 -512
-512 -512 511 511
