1 17 -1 -45
-18 -15 24 39
-19 50 30 -15
-42 13 -27 33
-38 1 9 2
-12 -2 -1 43
-3 23 -15 -36
-33 36 11 12
-13 10 -14 17
-9 46 -7 4
-19 -25 -21 -5
-12 -8 29 11
9 4 -32 -1
-5 16 -4 7
-7 -5 -4 2
3 -22 -10 11
-16 -14 -8 -10
24 -46 -7 28
14 22 0 -17
14 25 -39 -7
-6 11 19 -23
41 -8 12 -18
-31 -13 34 17
15 20 -16 -7
-6 10 38 10
0 21 15 -53
-19 -32 33 14
15 2 35 -29
-4 -11 36 25
-54 -19 10 -29
36 11 17 -24
2 -8 35 -40
30 11 9 -26
-39 -24 18 -6
10 32 25 -6
-26 -26 -11 7
2 7 6 -15
23 -7 -4 12
-9 1 -21 5
-21 9 -6 19
-22 -18 -4 27
14 26 -10 12
3 -14 -49 4
-2 18 29 2
6 -18 -30 11
-51 54 27 -3
-9 13 2 13
-10 -26 24 3
-27 -25 -5 3
-43 18 27 8
-13 24 8 -16
-19 11 9 -19
-52 -3 31 -11
26 -4 7 2
-42 -10 2 -19
-18 50 0 -21
-3 32 23 -30
30 0 9 -19
-42 -20 33 6
-7 8 -7 5
19 14 11 8
-24 -40 -4 -5
47 18 28 -20
20 -19 3 -6
