-512 -512 -423 118
9 -512 -512 -512
-512 -512 -512 -512
-512 -512 -512 -27
511 511 77 -512
-512 -512 -512 -512
-512 -512 -512 -512
-58 511 511 511
511 511 511 511
511 511 511 511
511 511 511 174
-285 -494 -436 -250
511 511 511 511
511 511 325 -348
-512 -512 -512 -512
-512 -512 -512 -512
511 511 511 511
63 -512 -512 -512
-512 -512 -512 339
511 511 511 511
511 511 511 511
511 511 511 511
511 511 511 511
511 511 511 511
511 511 511 511
511 511 511 511
511 511 511 -512
-512 -512 -512 -512
511 511 511 511
511 511 511 511
-512 -512 -512 -512
-512 -507 391 463
