1 2 1 -1
-2 -3 -3 -3
1 2 1 -1
-2 -3 -3 -3
2 2 1 -1
-2 -3 -3 -3
2 2 1 -1
-2 -3 -4 -3
2 2 1 -1
-3 -4 -4 -3
2 2 1 -1
-3 -4 -4 -4
2 2 1 -1
-3 -5 -5 -5
2 2 1 -1
-4 -5 -6 -5
2 2 1 -1
-4 -6 -6 -6
2 2 1 -2
-4 -7 -7 -7
2 2 1 -2
-5 -7 -8 -8
2 2 1 -2
-5 -8 -9 -9
2 2 1 -2
-5 -9 -10 -10
2 2 1 -2
-5 -9 -11 -11
1 2 1 -1
-6 -9 -12 -11
2 2 1 -1
-6 -10 -12 -12
2 2 2 -1
-5 -10 -13 -13
1 2 2 0
-5 -9 -13 -13
1 3 2 0
-4 -9 -12 -13
1 3 3 1
-3 -8 -12 -12
1 3 3 2
-2 -7 -11 -12
1 3 4 2
-1 -6 -10 -11
1 3 4 3
0 -4 -8 -10
1 2 4 3
1 -3 -7 -9
1 2 4 4
1 -2 -6 -8
1 2 3 4
2 -1 -4 -6
1 2 3 3
2 0 -3 -5
1 1 2 3
2 1 -2 -4
0 1 2 3
2 1 -1 -2
0 1 1 2
2 1 0 -1
0 1 1 1
1 1 0 -1
0 0 0 1
1 1 0 0
