-311 50 511 511
511 511 511 511
511 511 511 339
-492 -512 -512 -383
-512 -512 -512 -512
-512 -372 511 511
511 511 511 511
511 511 -211 -434
-512 -512 -512 -512
-512 -512 -512 -512
-344 294 511 511
511 511 154 -219
-512 -512 -512 -512
-512 -512 64 511
511 511 511 511
511 511 511 499
511 511 511 511
511 511 511 511
511 511 511 511
511 511 511 511
511 511 511 511
511 511 511 511
511 511 251 -512
-512 -390 351 509
511 511 511 -198
-512 -512 -512 511
511 511 511 511
511 -512 -512 -512
511 511 511 511
511 241 -512 -512
-512 -512 -247 511
511 511 511 262
