511 511 511 511
511 511 511 511
511 511 511 511
511 511 511 511
511 160 -201 -481
-512 -512 -512 -512
-512 -512 -347 -178
-31 74 97 67
511 511 511 511
511 511 511 511
511 511 511 511
511 511 511 511
511 511 46 -487
-512 -512 -512 -512
-512 -512 -512 -449
-192 5 79 68
511 511 511 511
511 511 511 511
511 511 511 511
511 511 511 511
511 511 507 -217
-512 -512 -512 -512
-512 -512 -512 -512
-512 -324 -136 -37
511 511 511 511
511 511 511 511
511 511 511 511
511 511 511 511
511 511 511 511
-127 -512 -512 -512
-512 -512 -512 -512
-512 -512 -452 -204
511 511 511 511
511 511 511 511
511 511 511 511
511 511 511 511
511 511 511 511
511 174 -512 -512
-512 -512 -512 -512
-512 -512 -512 -342
511 511 511 511
511 511 511 511
511 511 511 511
511 511 511 511
511 511 511 511
511 511 511 -226
-512 -512 -512 -512
-512 -512 -512 -409
511 511 511 511
511 511 511 511
511 511 511 511
511 511 511 511
511 511 511 511
511 511 511 511
101 -438 -512 -512
-512 -512 -512 -387
-48 -20 -16 15
57 183 345 511
511 511 511 511
511 511 511 511
511 511 511 511
511 511 511 511
511 38 -415 -512
-512 -512 -512 -364
-512 -512 -512 -512
-512 -512 -450 -175
120 412 511 511
511 511 511 511
511 511 511 511
511 511 511 511
511 230 -196 -512
-512 -512 -512 -347
-512 -512 -512 -512
-512 -512 -512 -512
-416 -145 62 238
408 511 511 511
511 511 511 511
511 511 511 511
352 29 -355 -512
-512 -512 -512 -413
-512 -512 -512 -512
-512 -512 -512 -512
-512 -512 -400 -278
-160 -49 77 134
208 241 257 285
290 301 246 116
-115 -424 -512 -512
-512 -512 -512 -512
-512 -512 -512 -512
-512 -512 -512 -512
-512 -512 -512 -509
-303 -109 101 210
322 368 372 367
323 275 145 -66
-385 -512 -512 -512
-512 -512 -512 -512
-512 -512 -512 -512
-512 -512 -512 -512
-512 -512 -512 -512
-173 249 511 511
511 511 511 511
511 511 511 272
-230 -512 -512 -512
-512 -512 -512 -512
-512 -512 -512 -512
-512 -512 -512 -512
-512 -512 -512 -512
-136 502 511 511
511 511 511 511
511 511 511 511
336 -354 -512 -512
-512 -512 -512 -512
-512 -512 -512 -512
-512 -512 -512 -512
-512 -512 -512 -512
-273 449 511 511
511 511 511 511
511 511 511 511
511 440 -316 -512
-512 -512 -512 -512
-512 -512 -512 -512
-512 -512 -512 -512
-512 -512 -512 -512
-368 303 511 511
511 511 511 511
511 511 511 511
511 511 511 511
281 -102 -223 -178
-512 -512 -512 -512
-512 -512 -512 -512
-512 -512 -512 -512
-306 157 511 511
511 511 511 511
511 511 511 511
511 511 511 511
511 511 511 511
-4 -14 -148 -216
-303 -301 -223 -119
-58 36 102 190
250 413 511 511
511 511 511 511
511 511 511 511
511 511 511 511
511 511 511 511
125 159 90 141
219 409 511 511
511 511 511 511
511 511 511 511
511 511 511 511
511 511 511 511
511 511 511 511
511 511 511 511
-487 -396 -366 -152
149 511 511 511
511 511 511 511
511 511 511 511
511 511 511 511
511 511 511 511
511 511 511 511
511 511 511 511
-512 -512 -512 -512
-366 298 511 511
511 511 511 511
511 511 511 511
511 511 511 511
511 511 511 511
511 511 511 511
511 511 511 511
-512 -512 -512 -512
-488 127 511 511
511 511 511 511
511 511 511 511
511 511 511 511
511 511 511 511
511 511 511 511
511 511 511 511
-491 -512 -512 -512
-512 -253 314 511
511 511 511 511
511 511 511 511
511 511 511 511
511 511 336 206
356 511 511 511
511 511 511 511
511 511 248 -161
-490 -512 -446 -40
511 511 511 511
511 511 511 511
511 511 511 511
511 511 476 -186
-512 -512 -512 -413
-177 -34 75 67
511 511 511 511
49 -512 -512 -512
-512 -250 511 511
511 511 511 511
511 511 511 511
511 511 511 344
-453 -512 -512 -512
-512 -512 -512 -320
511 511 511 511
511 -64 -512 -512
-512 -512 -512 -28
511 511 511 511
511 511 511 511
511 511 511 511
511 -141 -512 -512
-512 -512 -512 -350
511 511 511 511
511 511 -226 -512
-512 -512 -512 -512
-512 440 511 511
511 511 511 511
511 511 511 511
511 511 377 -101
-341 -469 -371 -246
511 511 511 511
511 511 511 -285
-512 -512 -512 -512
-512 -512 -66 511
511 511 511 511
511 511 511 511
511 511 511 511
142 -127 -169 -163
511 511 511 511
511 511 511 511
379 -512 -512 -512
-512 -512 -512 -368
410 511 511 511
511 511 511 511
511 511 511 511
511 260 84 -37
511 511 511 511
511 511 511 511
511 511 64 -512
-512 -512 -512 -512
-512 -512 28 511
511 511 511 511
511 511 511 511
511 511 331 95
511 511 511 511
511 511 511 511
511 511 511 -121
-512 -512 -512 -512
-512 -512 -512 -512
26 511 511 511
511 511 511 511
511 511 511 236
511 511 511 511
511 511 511 511
511 511 511 285
-512 -512 -512 -512
-512 -512 -512 -512
-512 213 511 511
511 511 511 511
511 511 511 290
