-512 -456 511 511
511 511 128 -512
-512 -512 -512 -512
-512 -512 -512 -512
511 511 511 511
511 -512 -512 -512
-512 -512 -512 -512
-512 -512 -512 -512
511 511 511 511
159 -512 -512 -512
-512 -512 -512 -512
-512 -512 235 511
511 511 511 511
-286 -512 -512 -512
-512 -486 406 511
511 511 511 511
511 511 511 511
511 511 511 511
511 511 511 511
511 511 511 511
511 511 511 511
511 511 511 511
511 511 511 511
511 -122 -512 -512
511 511 511 511
511 511 511 511
511 511 511 435
-427 -512 -512 -512
511 511 511 511
511 511 511 511
21 -438 -512 -512
-512 -512 -512 -512
511 511 511 511
511 395 -205 -512
-512 -512 -512 -512
9 511 511 511
-512 -512 -121 253
370 192 -187 -512
-512 -512 -259 511
511 511 511 511
-469 -113 402 511
511 511 511 405
306 474 511 511
511 511 511 511
511 511 511 511
511 511 511 511
511 511 511 511
511 511 511 511
511 511 511 511
511 511 511 511
511 511 511 511
511 511 -110 -512
511 511 511 511
511 511 511 511
511 511 511 511
511 -512 -512 -512
511 511 511 511
511 511 511 511
511 511 511 -374
-512 -512 -512 -512
511 511 511 511
511 511 511 511
511 -275 -512 -512
-512 -512 277 511
