-255 -114 121 500
511 511 511 511
511 511 511 511
511 511 511 511
511 511 511 511
511 -150 -512 -512
-512 -512 -512 -512
-512 -443 -260 -113
-279 -160 24 334
511 511 511 511
511 511 511 511
511 511 511 511
511 511 511 511
511 511 -39 -500
-512 -512 -512 -512
-512 -512 -361 -177
-259 -176 -76 121
413 511 511 511
511 511 511 511
511 511 511 511
511 511 511 511
511 511 511 450
-41 -381 -512 -512
-512 -512 -472 -253
-201 -152 -135 -50
84 370 511 511
511 511 511 511
511 511 511 511
511 511 511 511
511 511 511 511
511 413 -86 -431
-512 -512 -505 -293
-512 -512 -512 -512
-512 -512 -499 -147
324 511 511 511
511 511 511 511
511 511 511 511
511 511 511 511
511 511 363 -126
-430 -512 -506 -308
-512 -512 -512 -512
-512 -512 -512 -512
-512 -431 95 511
511 511 511 511
511 511 511 511
511 511 511 511
511 511 511 69
-308 -512 -493 -308
-512 -512 -512 -512
-512 -512 -512 -512
-512 -512 -512 -512
-78 511 511 511
511 511 511 511
511 511 511 511
511 511 511 511
65 -251 -311 -216
-512 -512 -512 -512
-512 -512 -512 -512
-512 -512 -512 -512
-512 -512 -4 495
511 511 511 511
511 511 511 511
511 511 511 511
447 63 -102 -105
-512 -512 -512 -512
-512 -512 -512 -512
-512 -512 -512 -512
-512 -512 -512 -512
-89 330 511 511
511 511 511 511
511 511 511 511
506 124 -65 -81
-512 -512 -512 -512
-512 -512 -512 -512
-512 -512 -512 -512
-512 -512 -512 -512
-512 -196 157 511
511 511 511 511
511 511 511 511
288 -42 -182 -136
-512 -512 -512 -512
-512 -512 -512 -512
-512 -512 -512 -512
-512 -512 -512 -453
-136 148 433 511
511 511 511 511
511 511 511 505
99 -198 -291 -190
-512 -512 -512 -512
-512 -512 -512 -512
-512 -512 -512 -512
-512 -391 69 441
511 511 511 511
511 511 511 511
511 511 511 382
-30 -320 -376 -238
-512 -512 -512 -512
-512 -512 -512 -512
-512 -512 -512 -512
-436 112 511 511
511 511 511 511
511 511 511 511
511 511 511 474
62 -239 -306 -205
-512 -512 -512 -512
-512 -512 -512 -512
-512 -512 -512 -512
-223 402 511 511
511 511 511 511
511 511 511 511
511 511 511 511
511 382 155 31
-512 -512 -512 -512
-512 -512 -512 -512
-512 -512 -512 -499
-41 511 511 511
511 511 511 511
511 511 511 511
511 511 511 511
511 511 511 483
511 511 511 283
-94 -377 -512 -512
-512 -512 -397 -133
160 511 511 511
511 511 511 511
511 511 511 511
511 511 511 511
511 511 511 511
511 511 511 511
511 496 374 332
286 333 400 511
511 511 511 511
511 511 511 511
511 511 511 511
511 511 511 511
511 511 511 511
511 511 511 511
511 511 511 511
511 511 511 511
511 511 511 511
511 511 511 511
511 511 511 511
511 511 511 511
511 511 511 511
511 511 511 511
511 511 511 511
511 511 511 511
511 511 511 511
511 511 511 511
511 511 511 511
511 511 511 511
511 511 511 511
511 511 511 511
511 511 511 511
511 511 511 511
511 511 511 511
511 511 511 511
511 511 511 511
511 511 511 511
511 511 511 511
511 511 511 511
511 511 511 511
511 511 511 511
511 511 511 511
511 511 511 277
31 8 297 511
511 511 511 511
511 511 511 511
511 511 511 511
511 511 511 511
511 511 511 511
511 511 511 511
511 511 511 511
114 -405 -512 -512
-391 69 511 511
511 511 511 511
511 511 511 511
511 511 511 511
511 511 511 511
511 511 511 511
511 511 511 511
511 -75 -512 -512
-512 -512 -512 -512
-512 -333 -113 -19
511 511 511 511
511 356 -66 -224
-91 263 511 511
511 511 511 511
511 511 511 511
511 511 -180 -512
-512 -512 -512 -512
-512 -512 -512 -466
511 511 511 511
511 439 -400 -512
-512 -512 -512 8
511 511 511 511
511 511 511 511
511 511 511 -224
-512 -512 -512 -512
-512 -512 -512 -512
511 511 511 511
511 511 -89 -512
-512 -512 -512 -512
-512 338 511 511
511 511 511 511
511 511 511 511
214 -512 -512 -512
-512 -512 -512 -499
511 511 511 511
511 511 511 -512
-512 -512 -512 -512
-512 -512 -245 511
511 511 511 511
511 511 511 511
511 480 -152 -512
-512 -512 -512 -429
511 511 511 511
511 511 511 337
-512 -512 -512 -512
-512 -512 -512 -512
396 511 511 511
511 511 511 511
511 511 511 116
-230 -412 -375 -268
511 511 511 511
511 511 511 511
511 -266 -512 -512
-512 -512 -512 -512
-512 -291 497 511
511 511 511 511
511 511 511 511
193 -37 -120 -135
511 511 511 511
511 511 511 511
511 511 85 -512
-512 -512 -512 -512
-512 -512 -512 -512
296 511 511 511
511 511 511 511
511 384 174 22
511 511 511 511
511 511 511 511
511 511 511 -267
-512 -512 -512 -512
-512 -512 -512 -512
-512 230 511 511
511 511 511 511
511 511 488 189
511 511 511 511
511 511 511 511
511 511 511 341
-512 -512 -512 -512
-512 -512 -512 -512
-512 -63 511 511
511 511 511 511
511 511 511 289
