511 511 511 511
511 511 511 10
511 511 511 511
511 511 511 72
511 511 511 511
511 511 511 128
-512 -512 -512 -304
511 511 511 -95
-512 -512 -395 511
511 511 511 -512
511 511 511 511
511 511 511 -512
511 511 511 511
511 511 -512 -512
-512 -512 -512 37
511 192 -512 -512
-512 -512 -512 -512
-1 -449 -512 -512
-512 -512 -512 -364
511 511 -512 -512
-512 -512 278 511
511 511 -512 -512
-512 -512 511 511
511 511 -290 -512
-512 -512 466 511
511 511 511 256
-512 -512 -512 -512
207 511 511 511
-512 -512 -512 -512
-133 511 511 511
486 -4 -512 -512
342 511 511 511
