-512 -512 -512 -60
297 43 -512 -512
-512 -512 -512 -512
-512 -512 -512 -512
-512 -512 -351 144
-30 -512 -512 -512
-512 -512 -512 -512
-512 -512 -512 85
511 511 511 -178
-512 -512 -512 -512
-512 -512 -512 -512
-441 511 511 511
511 511 -124 -512
-512 -512 -512 -512
-512 -512 -512 -512
93 511 511 511
511 511 511 -512
-512 -512 -512 -512
-512 -279 511 511
511 511 511 511
511 511 511 511
511 511 511 511
511 511 511 -273
-512 -512 -512 -505
511 511 511 511
511 511 511 511
361 -512 -512 -512
-512 -512 -512 -512
511 511 511 511
511 511 -153 -512
-512 -512 -512 -512
-512 -512 -512 -512
511 511 511 511
331 -512 -512 -512
-512 -512 -512 -512
-512 -494 -135 -27
511 511 511 511
225 -498 -512 -512
-512 -512 19 511
511 511 511 511
463 511 511 511
511 511 87 -306
-96 511 511 511
511 511 511 511
511 511 511 511
511 511 511 511
511 511 511 511
511 511 511 511
511 511 511 511
511 511 511 511
511 511 511 511
-176 -512 -512 -379
511 511 511 511
511 511 511 511
511 511 81 -512
-512 -512 -512 -512
511 511 511 511
511 511 511 511
511 -512 -512 -512
-512 -512 -512 -512
511 511 511 511
511 511 511 511
-512 -512 -512 -512
-512 511 511 511
