511 511 -101 511
511 511 -257 511
511 511 -512 511
511 511 -512 511
511 511 -512 511
511 511 -512 511
511 511 -512 511
511 511 -512 511
511 511 -512 511
511 -512 -512 511
192 -512 -512 511
38 -512 -512 511
-505 -512 -512 511
-512 -512 -512 511
-512 -512 -512 511
-512 -512 -512 432
-512 -512 -512 303
-512 -512 -512 246
-512 -512 -512 296
-512 -512 -512 511
-512 -512 -512 511
-512 511 -512 330
-512 511 -512 -4
-512 511 -512 -384
-512 511 -512 -512
-512 511 -512 -512
-512 511 -512 -512
-512 -177 -512 -512
-512 -512 -512 -512
-441 -512 -512 -512
-252 -512 -512 -512
-158 -512 -512 -512
