-512 -512 -512 -512
-512 -512 -512 -512
-512 -512 -396 297
511 511 511 511
511 511 511 511
511 511 511 43
-512 -512 -512 -512
-512 -512 -512 -512
-512 -512 -512 -512
-512 -512 -512 -512
-512 -512 -467 511
511 511 511 511
511 511 457 -376
-512 -512 -512 -512
-512 -512 -512 -512
-266 322 511 511
352 511 511 511
511 511 511 511
511 511 511 511
511 511 511 511
511 511 511 511
511 511 511 511
511 511 511 424
-110 -512 -512 -512
511 511 511 511
511 511 511 511
511 511 511 511
511 511 511 511
511 511 511 511
511 511 511 511
511 511 511 -22
-512 -512 -512 -512
