0
156
0
0
0
0
0
0
0
0
0
-37
188
0
0
0
0
0
0
0
0
0
0
0
0
0
0
0
0
0
0
0
-44
0
0
0
0
0
0
0
0
0
0
0
0
0
0
0
0
0
0
0
0
0
0
0
64
0
0
0
0
0
0
0
0
0
0
0
0
0
48
43
0
0
0
0
0
0
0
0
0
0
0
0
0
0
0
0
0
0
0
0
0
0
0
0
0
0
0
0
0
0
0
0
0
0
0
0
0
0
0
88
0
0
0
0
0
0
0
0
-91
0
-238
0
0
0
0
0
0
0
0
0
0
0
0
0
0
74
0
0
0
0
0
0
0
108
0
0
0
0
0
0
0
0
134
0
0
0
0
0
0
0
0
0
0
0
0
0
0
0
0
0
0
0
0
0
0
0
0
0
0
0
0
0
0
0
0
0
0
0
0
0
0
0
0
0
57
0
0
0
0
0
0
0
0
0
0
0
0
0
0
0
0
0
0
247
0
0
0
0
0
0
0
0
0
0
0
0
0
0
0
0
0
0
0
0
-165
0
0
0
0
0
0
0
0
0
0
0
0
0
0
0
0
0
0
0
