5 -8 17 -16
6 -29 -10 -15
-5 -5 -1 20
-1 5 -13 7
8 -6 10 -14
17 4 25 10
25 5 -26 15
-24 -6 -9 26
-17 0 6 -2
-6 -19 -18 -23
-12 -33 -4 23
22 -34 -5 9
11 14 -19 -5
-22 16 12 18
40 -7 -2 -10
-1 -35 5 20
-13 -3 1 36
-8 -5 -35 -1
-3 -19 16 9
23 -17 1 5
44 3 1 -7
1 -18 16 26
28 20 -5 14
-16 -6 -8 12
-5 -17 5 20
17 -29 -7 1
-13 2 -22 24
-21 3 -19 7
29 -9 0 -11
1 -40 1 10
13 5 5 -14
-8 -9 0 0
6 -20 -14 16
-2 -14 -10 23
-9 -4 16 -15
0 -16 -12 -19
17 8 -12 30
-19 -14 -30 10
24 9 10 -26
7 -8 25 1
9 8 -10 -1
-9 0 4 5
-10 1 1 20
-9 -22 -35 -19
-2 8 13 -13
-5 -9 -11 -22
28 12 -21 -5
-23 17 7 25
11 3 26 -38
9 -11 10 -20
-9 3 12 16
-4 -15 -38 -23
-1 21 7 -10
-11 11 -6 -19
32 19 -5 -12
-6 4 16 8
1 39 1 -1
-25 23 -13 -23
-1 -9 18 -14
15 -32 -9 -26
-13 15 -3 -16
-23 16 -15 -23
11 9 3 -23
-12 1 -5 -11
