511 -59 511 -512
511 -96 511 -512
511 -130 511 -512
511 -100 511 -512
511 -29 511 -512
-41 140 511 -512
-512 393 511 -512
-512 511 -87 -512
-512 511 -512 -512
-512 511 -512 -512
-512 511 -512 -512
-512 511 -512 -512
-512 511 -512 -512
-512 511 -512 -461
-512 511 -512 -350
-512 511 -512 -286
-512 511 -512 -271
-512 511 -512 -322
-415 511 -512 -446
511 511 -512 -512
511 511 -114 -512
511 511 267 -512
511 511 511 -512
511 511 511 -512
511 511 511 -512
511 511 511 -512
511 511 511 -512
511 511 511 -512
511 328 377 -512
511 -273 -81 -512
511 -512 -420 -512
511 -512 -512 -512
