511 -512 -512 511
511 -512 -512 511
511 -512 -512 511
511 -512 -512 511
511 -512 -512 511
449 -512 -512 511
-426 511 -512 211
-512 511 -512 -328
-512 511 -386 -512
-512 511 287 -512
-512 511 511 -512
-512 511 511 -512
-512 511 511 -512
-512 511 511 -512
-512 511 511 -512
-512 511 511 -512
-512 511 511 -512
-512 511 511 -512
-512 511 511 -357
-135 502 511 -73
400 -108 511 161
511 -459 511 289
511 -512 511 365
511 -512 511 328
511 -347 511 224
511 94 511 42
511 511 511 -166
511 511 511 -401
511 511 511 -512
511 511 511 -512
511 511 511 -512
511 511 511 -512
