-512 -512 -512 -512
-512 -90 392 511
511 511 511 511
511 511 511 174
-353 -512 -512 -512
-512 -512 -512 -512
-512 -512 -512 -512
-512 -512 -512 -512
-512 -512 -512 -363
143 511 511 511
511 511 511 511
511 15 -512 -512
-512 -512 -512 -512
-512 -512 -512 -512
-512 -512 -512 -512
-512 -512 -512 -512
511 511 511 511
511 511 511 511
511 368 -417 -512
-512 -512 -512 -512
-512 -512 -512 -512
-512 -512 -512 -512
-512 -512 -512 -512
-512 -512 -399 -55
511 511 511 511
511 511 511 97
-512 -512 -512 -512
-512 -512 -512 -512
-512 -512 -512 -512
-512 -512 -512 -512
-512 -512 -512 -512
-512 -512 -189 66
511 511 511 511
511 511 501 -32
-512 -512 -512 -512
-512 -512 -512 -512
-512 -512 -512 -512
-512 -512 -512 -337
-42 228 511 511
511 511 511 511
511 511 511 511
511 511 511 511
511 511 511 511
511 511 511 511
511 511 511 511
511 511 511 511
511 511 380 151
-33 -188 -292 -332
511 511 511 511
511 511 511 511
511 511 511 511
511 511 511 511
511 511 511 511
511 511 424 -50
-510 -512 -512 -512
-512 -512 -512 -512
511 511 511 511
511 511 511 511
511 511 511 511
511 511 511 511
511 297 59 -209
-443 -512 -512 -512
-512 -512 -512 -512
-512 -512 -512 -512
511 511 511 511
511 511 511 511
511 511 511 511
125 -322 -512 -512
-512 -512 -512 -512
-512 -512 -512 -512
-512 -512 -512 -512
-512 -512 -512 -512
511 511 511 511
511 511 511 511
511 511 268 -54
-452 -512 -512 -512
-512 -512 -512 -512
-512 -512 -512 -512
-204 301 511 511
511 511 511 511
2 88 248 460
511 511 511 511
511 511 511 465
98 -262 -512 -512
-512 -512 -512 -512
-512 -243 349 511
511 511 511 511
511 511 511 511
511 511 511 511
511 511 511 511
511 511 511 511
511 511 511 511
511 511 511 511
511 511 511 511
511 511 511 511
511 511 511 511
511 511 511 511
511 511 511 511
511 511 511 511
511 511 511 511
511 511 511 511
511 511 511 511
511 511 511 511
511 511 511 511
511 511 511 511
511 511 511 511
511 511 511 511
511 511 511 511
511 511 511 511
511 511 511 511
511 200 -512 -512
-512 -512 -512 -512
511 511 511 511
511 511 511 511
511 511 511 511
511 511 511 511
511 511 511 511
511 511 -28 -512
-512 -512 -512 -512
-512 -512 -512 -512
511 511 511 511
511 511 511 511
511 511 511 511
511 511 511 511
511 511 366 -512
-512 -512 -512 -512
-512 -512 -512 -373
378 511 511 511
