14 -22 -14 41
-8 1 -5 -6
5 62 39 -11
10 2 -14 32
-16 -26 24 -14
48 9 7 -23
4 -27 -2 -4
-27 7 19 21
-19 16 3 8
-7 16 -64 -5
-7 -28 6 29
-12 -19 -13 -28
-39 -12 -23 -12
-13 -20 13 4
0 13 -7 -19
-30 -47 2 -5
2 -3 21 11
38 -39 -7 -30
0 14 -1 8
-11 -25 -3 24
-21 -10 3 45
2 46 -29 -5
-16 15 30 5
-7 14 13 24
-8 -28 -40 9
33 -11 34 -6
15 48 14 -1
28 -11 9 17
20 7 18 8
5 -35 13 -25
-12 48 11 0
2 7 -5 0
-5 -8 1 9
-15 53 -57 16
9 -49 -8 -26
-46 -3 0 27
-45 -4 13 -26
28 -17 -31 -32
10 -26 22 26
-24 -40 2 -38
-29 -30 -10 9
16 -15 -1 -8
-15 28 -2 16
-18 -25 -16 8
27 -27 13 57
-27 32 -16 7
-1 2 28 -37
-1 18 -18 64
13 7 24 2
20 -25 17 -20
15 27 32 10
19 9 14 8
-31 -9 -50 -14
29 9 14 18
0 40 -27 24
-3 -7 19 -5
0 2 12 28
-9 17 -38 -34
-16 -13 30 -19
-5 -3 -8 -11
-9 -9 7 -9
35 -28 -14 -27
7 -11 -18 -18
-39 -40 1 19
-53 10 -16 -11
-3 -10 -15 11
-10 32 -10 28
-40 -37 13 -17
6 -11 4 27
0 7 -10 -8
9 -19 35 7
39 -2 -14 6
19 -38 18 23
11 6 53 0
-16 12 -2 -23
11 38 -1 52
14 13 -4 18
-10 -5 -27 7
6 51 16 23
2 3 -9 6
-29 -13 -11 -23
12 19 -25 -12
39 -21 32 -22
-29 -27 20 -7
-7 -15 16 -2
31 8 -31 -31
-25 -20 -19 3
-37 1 -10 -5
4 -2 -5 18
-16 -1 -20 -6
-22 3 -5 -1
-2 -7 -25 -9
-20 -3 -15 -18
-12 -16 37 16
32 2 16 -20
8 -28 20 7
8 23 25 19
20 -18 -7 4
-11 30 -8 49
11 12 5 19
-10 -31 -4 37
3 30 20 -2
-18 7 15 -19
10 17 7 35
-4 -8 -27 0
16 -24 2 -23
17 19 20 -7
19 -32 -6 -14
-17 31 7 -31
2 -8 -30 -2
-13 17 -32 16
-57 -9 14 -27
12 -5 6 -12
-2 34 -32 1
18 -69 -9 -33
-21 3 -1 7
6 -12 6 12
-12 -14 16 -19
-12 8 32 5
35 6 -22 -23
-13 -25 -22 11
8 -4 29 32
-9 50 -21 25
-1 5 -3 35
15 5 48 21
-8 16 -24 -6
31 -31 52 -10
4 11 10 36
