-9 -11 -10 -9
-7 -5 -3 -1
-9 -11 -11 -9
-8 -5 -3 -1
-10 -12 -11 -10
-8 -6 -3 -2
-11 -12 -12 -10
-9 -6 -4 -1
-11 -13 -12 -11
-9 -6 -4 -2
-11 -13 -12 -11
-9 -6 -4 -2
-11 -12 -12 -10
-8 -6 -4 -2
-10 -11 -10 -9
-7 -5 -3 -1
-9 -9 -9 -8
-6 -4 -3 -1
-7 -7 -7 -6
-5 -3 -2 -1
-5 -6 -5 -4
-3 -2 -1 0
-4 -4 -3 -3
-2 -1 -1 0
-2 -3 -2 -2
-1 0 0 0
-2 -2 -1 -1
0 0 1 1
-1 -1 -1 0
0 1 1 1
-1 -1 -1 0
0 1 1 1
-1 -1 -1 -1
0 0 0 0
-1 -2 -2 -1
-1 0 0 0
-1 -2 -2 -2
-2 -1 0 0
-2 -2 -2 -2
-2 -1 -1 0
-2 -2 -3 -3
-3 -2 -1 0
-2 -2 -3 -3
-3 -2 -1 0
-2 -2 -3 -3
-3 -2 -2 -1
-1 -2 -2 -3
-3 -3 -2 -1
-1 -1 -2 -3
-3 -3 -2 -1
0 -1 -2 -2
-3 -3 -2 -1
0 -1 -1 -2
-3 -3 -2 -1
0 -1 -1 -2
-3 -3 -2 -1
0 -1 -1 -2
-3 -3 -2 -1
0 0 -1 -2
-2 -3 -2 -1
0 0 -1 -2
-2 -2 -2 -1
0 -1 -1 -2
-2 -2 -2 -1
