-512 -512 -512 -512
-512 241 511 -512
-512 -512 -512 -512
-512 -192 145 -190
-512 -512 -512 -512
-512 511 511 -407
-512 -512 -512 -512
-512 -449 -512 -512
-512 -512 -512 -512
-512 511 511 133
-512 -512 -512 -512
-512 -512 -512 -512
-512 -512 -512 -512
511 511 511 511
-512 -512 -512 -512
-512 -512 -512 -512
-512 -512 -512 -512
511 511 511 511
-512 -512 -512 -512
-512 -512 -512 -512
-512 -512 -512 358
511 511 511 511
-512 -512 -512 -512
-512 -512 -512 -512
-512 -512 -410 511
511 511 511 -512
-512 -512 -512 -512
-512 -512 -512 -512
-512 -262 511 511
511 511 -3 -512
-512 -512 -512 -512
-512 -512 -512 -512
277 511 511 511
511 511 -512 -512
-512 -512 -512 -512
-512 -512 -512 -512
511 511 511 511
511 -512 -512 -512
-512 -512 -512 -512
-512 -512 -512 -512
511 511 511 511
511 -512 -512 -512
-512 -512 -512 -512
-512 -512 -512 171
511 511 511 511
511 -189 -512 -512
-512 -512 -512 -512
-512 -512 511 511
511 511 511 511
511 511 326 -512
-512 -512 -512 -512
-512 -188 511 511
511 511 511 511
511 511 511 511
-512 -512 -512 -512
-478 511 511 511
511 511 511 511
511 511 511 511
-172 -512 -512 -10
511 511 511 511
511 511 511 511
511 511 511 511
-33 -512 -384 511
511 511 511 511
