-512 -512 -512 -512
-512 -512 -22 511
511 511 511 511
511 511 511 511
511 18 -512 -512
-512 -512 -512 -512
-512 -512 -512 -512
-512 -512 -512 -512
-349 -512 -512 -461
-126 306 511 511
511 511 511 511
511 511 511 511
157 -512 -512 -512
-512 -512 -512 -512
-512 -512 -512 -512
-512 -512 -512 -512
59 207 451 511
511 511 511 511
511 511 511 511
511 511 511 4
-512 -512 -512 -512
-512 -512 -512 -512
-512 -512 -512 -512
-512 -512 -512 -512
448 511 511 511
511 511 511 511
511 511 511 511
511 511 195 -512
-512 -512 -512 -512
-512 -512 -512 -512
-512 -512 -512 -512
-512 -512 -512 -512
511 511 511 511
511 511 511 511
511 511 511 511
511 511 294 -512
-512 -512 -512 -512
-512 -512 -512 -512
-512 -512 -512 -512
-512 -512 -512 -416
511 511 511 511
511 511 511 511
511 511 511 511
511 169 -512 -512
-512 -512 -512 -512
-512 -512 -512 -512
-512 -512 -512 -197
511 511 511 511
511 511 511 511
511 511 511 511
511 511 511 511
59 -512 -512 -512
-512 -512 -512 -512
-512 -512 -512 -219
364 511 511 511
511 511 511 511
511 511 511 511
511 511 511 511
511 511 511 318
-172 -512 -512 -512
-512 -512 -231 184
511 511 511 511
511 511 511 511
511 511 511 511
511 511 511 511
511 511 511 511
511 511 236 33
-96 -108 61 369
511 511 511 511
511 511 511 511
511 511 511 511
511 511 511 511
368 511 511 511
511 511 511 354
236 175 175 287
461 511 511 511
511 511 511 511
511 511 511 511
511 511 511 511
511 511 511 511
263 467 511 511
476 394 332 308
380 511 511 511
511 511 511 511
511 511 511 511
511 511 511 511
511 511 511 511
511 237 -129 -355
282 511 511 511
511 511 511 511
511 511 511 511
511 511 511 511
511 511 511 511
511 511 511 511
511 511 511 511
-131 -512 -512 -512
383 511 511 511
511 511 511 511
511 511 511 511
511 511 511 511
511 511 511 511
511 511 511 511
511 511 511 84
-438 -512 -512 -512
465 511 511 511
511 511 511 511
511 511 511 511
511 511 511 511
511 511 511 511
511 511 511 511
511 466 35 -381
-512 -512 -512 -512
473 511 511 511
511 511 511 511
511 511 511 511
511 511 511 511
511 511 511 511
511 511 505 158
-124 -361 -512 -512
-512 -512 -512 -512
393 511 511 511
511 511 511 511
511 511 511 511
511 511 511 511
511 511 511 239
-49 -317 -512 -512
-512 -512 -512 -512
-453 -401 -345 -352
223 462 511 511
511 511 511 511
511 511 511 511
511 511 511 511
130 -230 -512 -512
-512 -512 -512 -512
-512 -488 -202 106
407 511 511 511
-5 26 57 127
224 368 511 511
511 511 511 511
511 382 33 -340
-512 -512 -512 -512
-512 -512 -512 -512
-314 154 511 511
511 511 511 511
-221 -381 -509 -512
-512 -404 -279 -85
85 206 266 229
86 -125 -431 -512
-512 -512 -512 -512
-512 -512 -512 -315
283 511 511 511
511 511 511 511
-369 -512 -512 -512
-512 -512 -512 -493
-276 -106 15 49
-36 -188 -444 -512
-512 -512 -512 -512
-512 -512 -389 245
511 511 511 511
511 511 511 511
-388 -512 -512 -512
-512 -512 -512 -427
-194 -8 137 206
156 47 -156 -406
-512 -512 -512 -512
-512 -250 247 511
511 511 511 511
511 511 511 511
-293 -490 -512 -512
-512 -440 -291 -60
146 309 441 511
506 453 342 192
94 -28 32 149
388 511 511 511
511 511 511 511
511 511 511 511
-119 -162 -185 -151
-54 122 233 376
487 511 511 511
511 511 511 511
511 511 511 511
511 511 511 511
511 511 511 511
511 511 511 511
93 226 343 450
511 511 511 511
511 511 511 511
511 511 511 511
511 511 511 511
511 511 511 511
511 511 511 511
511 511 511 511
277 511 511 511
511 511 511 511
511 511 511 511
511 511 511 511
511 511 511 511
511 511 511 511
511 511 511 511
511 511 511 511
396 511 511 511
511 511 511 511
511 511 511 511
511 511 511 511
511 511 511 511
511 511 511 511
511 511 511 511
511 12 -320 -512
414 511 511 511
511 511 511 511
511 511 511 511
511 511 511 511
511 511 511 511
511 511 511 511
511 511 511 395
-432 -512 -512 -512
330 511 511 511
511 511 511 511
511 511 511 511
511 511 511 511
511 511 511 511
511 511 511 511
511 511 511 -71
-512 -512 -512 -512
167 334 458 511
511 511 511 511
511 511 511 511
511 511 511 511
511 511 511 511
511 511 511 511
511 511 153 -365
-512 -512 -512 -512
-29 -18 -18 115
289 511 511 511
511 511 511 511
511 511 511 511
511 511 511 511
511 511 511 511
47 -307 -470 -499
-360 -217 -64 -38
-228 -378 -508 -414
-220 210 511 511
511 511 511 511
511 511 511 511
511 511 511 511
511 511 -192 -512
-512 -512 -512 -347
250 511 511 511
-344 -512 -512 -512
-508 -9 511 511
511 511 511 511
511 511 511 511
511 511 511 511
511 -230 -512 -512
-512 -512 -512 -227
511 511 511 511
