132 302 440 511
511 511 511 511
511 511 511 511
511 511 511 511
511 511 511 511
511 511 511 511
511 511 511 511
511 511 511 511
148 312 438 511
511 511 511 511
511 477 352 200
23 -156 -339 -498
-512 -512 -512 -512
-374 -140 174 511
511 511 511 511
511 511 511 511
41 95 110 71
38 32 -55 -88
-160 -266 -399 -512
-512 -512 -512 -512
-512 -512 -512 -297
84 511 511 511
511 511 511 511
511 511 511 511
395 511 511 511
511 511 511 511
511 511 511 511
511 511 511 511
511 511 511 511
511 511 511 511
511 511 511 511
511 511 -512 -512
141 173 231 174
86 -107 -229 -442
-512 -512 -512 -512
-512 -512 -512 -512
-512 -512 -179 348
511 511 511 511
511 219 -512 -512
-512 -512 -512 -512
-158 -370 -512 -512
-512 -512 -512 -512
-512 -512 -512 -512
-512 -512 -512 -296
450 511 511 511
511 511 511 511
511 511 511 511
-512 -512 -512 -512
-431 -512 -512 -512
-512 -512 -512 -512
-512 -512 -512 -512
-512 -512 -512 -512
-14 511 511 511
511 511 511 511
511 511 511 511
-393 -512 -512 -512
-204 -412 -512 -512
-512 -512 -512 -512
-512 -512 -512 -512
-512 -512 -512 -512
-512 -512 -512 -512
148 511 511 511
511 511 511 511
511 511 511 511
