-512 -512 -456 372
511 511 511 511
511 511 511 511
511 511 511 511
-512 -512 -512 -512
-512 -512 -512 -187
511 511 511 511
511 511 511 511
-512 -512 -512 -512
-512 -512 -512 -512
-512 -512 -512 -200
511 511 317 -184
-512 -512 -512 -512
-512 -512 -512 -512
16 511 511 511
511 511 511 511
511 385 202 426
511 511 511 376
-35 -404 -236 511
511 511 511 511
511 511 130 236
511 511 511 511
511 511 511 511
329 227 511 511
511 511 511 419
-512 -512 -512 -512
511 511 511 511
511 511 511 117
511 511 511 511
511 511 340 -512
-512 -512 -512 -231
511 511 511 511
