-512 -512 -512 -512
-512 511 511 -512
-512 -512 -512 -512
-512 65 158 -370
-512 -512 -512 -512
-370 511 511 -512
-512 -512 -512 -512
-512 -313 -512 -512
-512 -512 -512 -512
511 511 511 -394
-512 -512 -512 -512
-512 -512 -512 -512
-512 -512 -512 -512
511 511 511 511
-512 -512 -512 -512
-512 -512 -512 -512
-512 -512 -512 511
511 511 511 511
-512 -512 -512 -512
-512 -512 -512 -512
-512 -512 462 511
511 511 511 -512
-512 -512 -512 -512
-512 -512 -512 -512
-242 511 511 511
511 511 180 -512
-512 -512 -512 -512
-512 -512 -512 -512
511 511 511 511
511 511 -512 -512
-512 -512 -512 -512
-512 -512 -512 -512
511 511 511 511
511 -512 -512 -512
-512 -512 -512 -512
-512 -512 -512 -431
511 511 511 511
511 -512 -512 -512
-512 -512 -512 -512
-512 -512 511 511
511 511 511 511
511 -290 -512 -512
-512 -512 -512 -512
-512 362 511 511
511 511 511 511
511 511 511 511
447 -159 -512 -512
-213 511 511 511
511 511 511 511
511 511 511 511
511 511 139 153
511 511 511 511
511 511 511 511
511 511 511 511
511 511 511 511
511 511 511 511
511 511 511 511
511 511 511 511
511 511 511 511
511 511 511 511
374 511 511 511
511 511 511 511
511 511 511 511
511 511 511 511
