-512 -512 -512 -512
-512 -512 -240 188
511 511 511 511
511 511 511 511
511 511 511 511
511 511 511 511
511 511 511 511
511 511 511 511
-512 -512 -512 -512
-512 -512 -512 -512
-512 -512 -512 -512
-512 -512 -512 -512
65 511 511 511
511 511 511 511
511 511 511 511
511 511 511 511
-512 -512 -512 -512
-512 -512 -512 -512
-512 -512 -512 -512
-512 -512 -512 -512
-512 -512 -512 -512
-512 -512 -273 253
511 511 511 511
511 511 511 511
511 511 270 -75
-477 -512 -512 -512
-512 -512 -512 -512
-512 -512 -512 -325
112 511 511 511
511 511 511 511
511 511 511 511
511 511 511 511
511 511 511 511
511 511 511 511
511 511 511 511
511 511 511 323
-16 -338 -512 -512
-512 -512 -486 -47
511 511 511 511
511 511 511 511
511 511 511 511
511 511 511 511
511 511 511 511
511 511 511 511
511 511 511 511
511 511 511 511
-110 -512 -512 -512
-512 -512 -512 -512
511 511 511 511
511 511 511 511
471 -512 -512 -512
-512 -512 -512 -512
-512 -512 -512 226
511 511 511 511
511 511 511 372
-361 -512 -512 -512
511 511 511 511
511 511 511 511
511 511 511 511
511 299 -512 -512
-512 -512 -512 -512
-512 -512 -512 -512
-512 -490 74 410
511 511 511 511
