-512 104 -319 -512
-512 -512 -512 325
511 511 -512 -512
-512 -512 -267 511
511 511 -512 -512
-512 -439 511 511
511 511 267 511
511 511 511 511
511 511 511 511
511 511 -462 -512
511 511 511 511
511 -512 -512 -512
511 511 511 511
76 -512 -512 -512
511 511 511 -72
-512 -512 399 511
-197 511 511 483
509 511 511 511
-484 511 511 511
511 511 511 511
511 511 511 511
511 511 511 511
511 511 511 511
511 499 -512 -512
511 511 511 511
511 -512 -512 -512
511 511 511 511
-141 -512 -512 -512
511 511 511 511
-512 -512 -512 511
134 511 511 -217
-512 -512 404 511
