-89 511 511 511
511 431 -512 -512
-222 511 511 511
511 511 277 -512
-512 -512 169 511
511 511 511 -512
-512 -512 -512 -112
511 511 511 160
-512 -512 -512 -512
-146 511 511 309
-512 -512 -512 -512
511 511 511 -156
-512 -512 -512 206
511 511 511 270
50 -512 -512 511
511 511 511 511
511 511 511 511
511 511 511 511
511 511 511 511
511 511 511 511
511 511 511 511
511 -256 511 511
511 406 511 511
511 511 -512 -512
511 495 -512 511
511 511 -512 -512
511 511 -512 -512
511 511 511 -512
511 511 503 -512
-512 511 511 460
511 511 511 -512
-512 -382 511 511
