511 511 511 511
511 511 511 511
511 511 511 511
511 511 511 511
511 511 511 511
511 511 511 511
511 511 511 511
511 511 511 511
511 511 511 511
511 511 511 511
511 511 511 511
511 511 511 511
511 511 511 511
511 511 511 511
511 511 511 511
511 511 511 511
511 511 511 511
511 511 511 511
511 511 511 511
511 511 511 511
511 511 511 511
511 511 511 511
511 511 511 511
511 511 511 511
511 511 511 511
511 511 511 511
511 511 511 511
511 511 511 511
511 511 511 511
511 511 511 511
511 511 511 511
511 511 511 511
511 511 511 511
511 511 511 511
511 511 511 511
511 511 511 511
511 511 511 511
511 511 511 511
511 511 511 511
511 511 511 511
511 511 511 511
511 511 511 430
490 511 511 511
511 511 511 511
511 511 511 511
441 186 -19 -153
-96 141 511 511
511 511 511 511
511 511 366 161
-82 -327 -512 -512
-512 -306 176 511
511 511 511 511
228 112 -59 -258
-499 -512 -512 -512
-512 -512 -173 511
511 511 511 511
-80 -194 -354 -512
-512 -512 -512 -512
-512 -512 -305 475
511 511 511 511
-324 -435 -512 -512
-512 -512 -512 -512
-512 -512 -283 511
511 511 511 511
-405 -512 -512 -512
-512 -512 -512 -512
-512 -512 -126 511
511 511 511 511
-350 -455 -512 -512
-512 -512 -512 -512
-512 -512 194 511
511 511 511 511
-125 -230 -331 -429
-512 -512 -512 -512
-493 -95 511 511
511 511 511 511
177 69 -25 -112
-216 -345 -353 -266
12 445 511 511
511 511 511 511
511 472 379 294
200 89 110 244
511 511 511 511
511 511 511 511
511 511 511 511
511 511 511 511
511 511 511 511
511 511 511 511
511 511 511 511
511 511 511 511
511 511 511 511
511 511 511 511
511 511 511 511
511 511 511 511
511 511 511 511
511 511 511 511
511 511 511 511
511 511 511 511
511 511 511 511
511 511 511 511
511 511 511 511
511 511 511 511
511 511 511 511
511 511 511 511
511 511 511 511
511 511 511 511
511 511 511 511
511 511 511 -429
511 511 511 511
511 511 511 511
511 511 511 511
511 511 470 -512
511 511 511 511
511 511 511 511
511 511 511 511
511 511 -512 -512
511 511 511 511
511 511 511 511
511 511 511 511
511 511 -512 -512
511 511 511 511
511 180 99 511
511 511 511 511
511 20 -512 -512
511 511 511 405
-84 -438 -512 5
511 511 511 511
511 -512 -512 -512
511 511 437 -161
-512 -512 -512 -480
142 511 511 511
511 -512 -512 -512
511 318 -152 -512
-512 -512 -512 -512
-213 511 511 511
206 -512 -512 -512
65 -288 -512 -512
-512 -512 -512 -512
-411 395 511 511
-184 -512 -512 -512
-512 -512 -512 -512
-512 -512 -512 -512
-435 364 511 511
-361 -512 -512 -512
-512 -512 -512 -512
-512 -512 -512 -512
-109 511 511 511
-257 -512 -512 -512
-512 -512 -512 -512
-512 -512 -512 -512
67 511 511 511
-82 -512 -512 -512
-512 -512 -512 -512
-512 -512 -512 -512
245 511 511 511
351 -512 -512 -512
-512 -512 -512 -512
-512 -512 -512 -269
511 511 511 511
511 -512 -512 -512
-512 -512 -512 -512
-512 -512 -512 153
511 511 511 511
511 -512 -512 -512
-512 -512 -512 -512
-512 -512 -366 511
511 511 511 511
511 -512 -512 -512
-512 -512 -512 -512
-512 -489 88 511
511 511 511 511
511 -36 -512 -512
-512 -512 -512 -512
-512 -165 489 511
511 511 511 511
511 511 -512 -512
-512 -512 -512 -512
-339 75 511 511
511 511 511 511
511 511 -512 -512
-512 -512 -512 -512
-240 223 511 511
511 511 511 511
511 511 -512 -512
-512 -512 -512 -512
-228 280 511 511
511 511 511 511
511 511 -512 -512
-512 -512 -512 -512
-348 201 511 511
511 511 511 511
511 511 -512 -512
-512 -512 -512 -512
-512 1 511 511
511 511 511 511
511 511 -512 -512
-512 -512 -512 -512
-512 -301 511 511
511 511 511 511
511 511 -512 -512
-512 -512 -512 -512
-512 -393 511 511
511 511 511 511
511 511 -512 -512
-512 -512 -512 -512
-512 -505 511 511
511 511 511 511
511 511 -512 -512
-512 -512 -512 -512
-512 -512 416 511
511 511 511 511
511 511 -512 -512
-512 -512 -512 -512
-512 -512 343 511
511 511 511 511
511 511 -512 -512
-512 -512 -512 -512
-512 -512 58 511
511 511 511 511
511 511 -512 -512
-512 -512 -512 -512
-512 -512 -405 511
511 511 511 511
511 511 -512 -512
-512 -512 -512 -512
-512 -512 -512 143
511 511 511 511
511 511 122 -512
-512 -512 -512 -512
-512 -512 -512 -252
511 511 511 511
511 511 511 320
-512 -512 -512 -512
-512 -512 -512 -512
433 511 511 511
511 511 511 511
-512 -512 -512 -512
-512 -512 -512 -512
174 511 511 511
511 511 511 511
-512 -512 -512 -512
-512 -512 -512 -512
9 511 511 511
511 511 511 511
-512 -512 -512 -512
-512 -512 -512 -512
-63 511 511 511
511 511 511 511
-512 -512 -512 -512
-512 -512 -512 -512
-131 511 511 511
511 511 511 511
-512 -512 -512 -512
-512 -512 -512 -512
-157 511 511 511
511 511 511 511
