-512 -512 -512 -512
14 511 511 511
511 511 511 511
511 273 -425 -512
-512 -512 -512 -512
-512 -512 -512 -512
-512 -512 -512 -512
-512 -512 -512 -512
-512 -512 -512 -392
158 511 511 511
511 511 511 511
511 66 -512 -512
-512 -512 -512 -512
-512 -512 -512 -512
-512 -512 -512 -512
-512 -512 -512 -512
-512 -512 -477 -24
445 511 511 511
511 511 511 511
261 -359 -512 -512
-512 -512 -512 -512
-512 -512 -512 -512
-512 -512 -512 -512
-512 -512 -512 -512
-384 -178 113 474
511 511 511 511
511 511 511 247
-265 -512 -512 -512
-512 -512 -512 -512
-512 -512 -512 -512
-512 -512 -512 -512
-512 -512 -512 -512
413 511 511 511
511 511 511 511
511 511 258 -272
-512 -512 -512 -512
-512 -512 -512 -512
-512 -512 -512 -512
-512 -512 -512 -512
-512 -512 -512 -512
511 511 511 511
511 511 511 511
511 438 -208 -512
-512 -512 -512 -512
-512 -512 -512 -512
-512 -512 -512 -512
-512 -512 -512 -512
-512 -512 -512 -512
511 511 511 511
511 511 511 511
511 70 -512 -512
-512 -512 -512 -512
-512 -512 -512 -512
-512 -512 -512 -512
-512 -512 -512 -512
-512 -512 -512 -279
511 511 511 511
511 511 511 511
511 69 -512 -512
-512 -512 -512 -512
-512 -512 -512 -512
-512 -512 -512 -512
-512 -512 -512 -512
-512 -512 -512 -311
511 511 511 511
511 511 511 511
511 235 -512 -512
-512 -512 -512 -512
-512 -512 -512 -512
-512 -512 -512 -512
-512 -512 -512 -512
-512 -512 -455 -179
511 511 511 511
511 511 511 511
511 73 -512 -512
-512 -512 -512 -512
-512 -512 -512 -512
-512 -512 -512 -512
-512 -512 -512 -512
-512 -88 348 511
511 511 511 511
511 511 511 511
376 -218 -512 -512
-512 -512 -512 -512
-512 -512 -512 -512
-512 -512 -512 -512
-512 -512 -512 -112
500 511 511 511
511 511 511 511
511 511 511 511
148 -420 -512 -512
-512 -512 -512 -512
-512 -512 -512 -512
-512 -512 -512 -512
-512 -180 413 511
511 511 511 511
511 511 511 511
511 511 511 511
26 -512 -512 -512
-512 -512 -512 -512
-512 -512 -512 -512
-512 -512 -355 33
500 511 511 511
511 511 511 511
511 511 511 511
511 511 511 511
-29 -512 -512 -512
-512 -512 -512 -512
-512 -512 -512 -512
-234 178 511 511
511 511 511 511
511 511 511 511
511 511 511 511
511 511 511 511
69 -389 -512 -512
-512 -512 -512 -512
-512 -465 -31 412
511 511 511 511
511 511 511 511
511 511 511 511
511 511 511 511
511 511 511 511
334 20 -261 -411
-474 -392 -185 124
487 511 511 511
511 511 511 511
511 511 511 511
511 511 511 511
511 511 511 511
511 511 511 511
510 329 205 183
248 441 511 511
511 511 511 511
511 511 511 511
511 511 511 511
511 511 511 511
511 511 511 511
511 511 511 511
511 511 511 511
511 511 511 511
511 511 511 511
511 511 511 511
511 511 511 511
511 511 511 511
511 511 511 511
511 511 511 511
511 511 511 511
511 511 511 511
511 511 511 511
511 511 511 511
511 511 511 511
511 511 511 511
511 511 511 511
511 511 511 511
511 511 511 511
511 511 511 511
511 511 511 511
511 511 511 511
511 511 511 511
511 286 27 -104
511 511 511 511
511 511 511 511
511 511 511 511
511 511 511 511
511 511 511 511
511 511 511 511
511 511 511 391
-75 -477 -512 -512
511 511 511 511
511 511 511 511
511 511 511 511
511 511 511 511
511 511 511 511
511 511 511 511
511 511 360 -169
-512 -512 -512 -512
511 511 511 511
511 511 511 511
511 511 511 511
511 511 511 511
511 511 511 511
511 511 511 511
511 480 -133 -512
-512 -512 -512 -512
511 511 511 511
511 511 511 511
511 511 511 511
511 511 511 511
511 511 511 511
511 511 511 511
511 97 -485 -512
-512 -512 -512 -512
511 511 511 511
511 511 511 511
511 511 511 511
511 511 511 511
511 511 511 511
511 511 511 511
271 -221 -512 -512
-512 -512 -512 -512
511 511 511 511
511 511 511 511
511 511 511 511
511 511 511 511
511 511 511 511
511 511 511 493
36 -389 -512 -512
-512 -512 -512 -512
511 511 511 511
511 511 511 511
511 511 511 511
511 511 511 511
511 511 511 511
511 511 328 -67
-429 -512 -512 -512
-512 -512 -512 -512
511 511 511 511
511 511 511 511
511 511 511 511
511 511 511 511
511 511 511 511
511 184 -200 -512
-512 -512 -512 -512
-512 -512 -512 -512
511 511 511 511
511 511 511 511
511 511 511 511
511 511 511 511
511 511 511 206
-75 -378 -512 -512
-512 -512 -512 -512
-512 -512 -512 -512
511 511 511 511
511 511 511 511
511 511 511 511
511 511 511 511
490 200 -83 -360
-512 -512 -512 -512
-512 -512 -512 -512
-512 -512 -512 -512
511 511 511 511
511 511 511 511
511 511 511 511
511 511 511 187
-79 -341 -512 -512
-512 -512 -512 -512
-512 -512 -512 -512
-512 -512 -512 -512
511 511 511 511
511 511 511 511
511 511 511 511
511 390 35 -273
-512 -512 -512 -512
-512 -512 -512 -512
-512 -512 -512 -512
-438 -346 -284 -239
511 511 511 511
511 511 511 511
511 511 511 511
332 -27 -370 -512
-512 -512 -512 -512
-512 -512 -512 -512
-512 -512 -308 -87
120 279 389 452
511 511 511 511
511 511 511 511
511 511 511 358
41 -292 -512 -512
-512 -512 -512 -512
-512 -512 -512 -512
-399 -113 229 511
511 511 511 511
511 511 511 511
511 511 511 511
511 511 377 138
-158 -461 -512 -512
-512 -512 -512 -512
-512 -512 -512 -365
-8 349 511 511
511 511 511 511
107 143 204 290
368 458 506 511
507 423 237 31
-245 -512 -512 -512
-512 -512 -512 -512
-512 -512 -357 1
430 511 511 511
511 511 511 511
-397 -346 -245 -108
22 165 264 354
356 313 169 1
-249 -493 -512 -512
-512 -512 -512 -512
-512 -402 11 429
511 511 511 511
511 511 511 511
-512 -512 -512 -353
-176 16 164 299
338 331 221 83
-150 -375 -512 -512
-512 -512 -512 -512
-482 -133 328 511
511 511 511 511
511 511 511 511
-512 -512 -512 -487
-274 -44 140 309
378 400 319 208
-7 -210 -428 -512
-512 -512 -512 -458
-179 209 511 511
511 511 511 511
511 511 511 511
-512 -512 -512 -489
-243 19 233 429
511 511 499 405
200 6 -210 -373
-503 -512 -448 -241
46 447 511 511
511 511 511 511
511 511 511 511
-512 -512 -512 -369
-111 161 384 511
511 511 511 511
419 242 42 -107
-228 -241 -153 65
359 511 511 511
511 511 511 511
511 511 511 511
-512 -512 -392 -123
132 399 511 511
511 511 511 511
511 488 300 160
46 36 123 336
511 511 511 511
511 511 511 511
511 511 511 511
-290 -202 -18 225
451 511 511 511
511 511 511 511
511 511 511 465
383 396 500 511
511 511 511 511
511 511 511 511
511 511 511 511
162 238 399 511
511 511 511 511
511 511 511 511
511 511 511 511
511 511 511 511
511 511 511 511
511 511 511 511
511 511 511 511
511 511 511 511
511 511 511 511
511 511 511 511
511 511 511 511
511 511 511 511
511 511 511 511
511 511 511 511
511 511 511 511
511 511 511 511
511 511 511 511
511 511 511 511
511 511 511 511
511 511 511 511
511 511 511 511
511 511 511 511
511 511 511 511
511 511 511 511
511 511 511 511
511 511 511 511
511 511 511 511
511 511 511 511
511 511 511 511
511 511 511 511
511 511 511 511
511 511 511 511
511 511 511 511
511 511 511 511
511 511 511 511
511 511 511 511
511 511 511 511
511 511 511 511
511 511 511 511
511 511 511 511
511 511 511 511
511 511 511 511
511 511 511 511
511 511 511 511
511 511 511 511
511 511 511 511
511 511 511 511
511 511 511 511
511 511 511 511
511 511 511 511
511 511 511 511
511 511 511 511
511 511 511 511
511 511 511 511
473 204 30 -46
511 511 511 511
511 511 511 511
511 511 511 511
511 511 511 511
511 511 511 511
511 511 511 511
511 511 511 156
-314 -512 -512 -512
511 511 511 511
511 511 511 511
511 511 511 511
511 511 511 511
511 511 511 511
511 511 511 511
511 511 241 -406
-512 -512 -512 -512
511 511 511 511
511 511 511 511
511 511 511 511
511 511 511 511
511 511 511 511
511 511 511 511
511 511 -169 -512
-512 -512 -512 -512
511 511 511 511
511 511 511 511
511 511 511 511
511 511 511 511
511 511 511 511
511 511 511 511
511 328 -512 -512
-512 -512 -512 -512
511 511 511 511
511 511 511 511
511 511 511 511
511 511 511 511
511 511 511 511
511 511 511 511
511 -63 -512 -512
-512 -512 -512 -512
511 511 511 511
511 511 511 511
511 511 511 511
511 511 511 511
511 511 511 511
511 511 511 511
298 -377 -512 -512
-512 -512 -512 -512
511 511 511 511
511 511 511 511
511 511 511 511
511 511 511 511
511 511 511 511
511 511 511 453
-189 -512 -512 -512
-512 -512 -512 -512
511 511 511 511
511 511 511 511
511 511 511 511
511 511 511 511
511 511 511 511
511 511 361 -213
-512 -512 -512 -512
-512 -512 -512 -512
511 511 511 511
511 511 511 511
511 511 511 511
511 511 511 511
511 511 511 511
511 102 -512 -512
-512 -512 -512 -512
-512 -512 -512 -512
511 511 511 511
511 511 511 511
511 511 511 511
511 511 511 511
511 511 511 511
-42 -512 -512 -512
-512 -512 -512 -512
-512 -512 -512 -412
511 511 511 511
511 511 511 511
511 511 511 511
511 511 511 511
511 511 511 29
-512 -512 -512 -512
-512 -512 -512 -512
-512 -155 150 355
511 511 511 511
511 511 511 511
511 511 511 511
511 511 511 511
511 511 395 -512
-512 -512 -512 -512
-512 -512 -512 -512
-211 331 511 511
511 511 511 511
511 511 511 511
511 511 511 511
511 511 511 511
511 511 -25 -512
-512 -512 -512 -512
-512 -512 -512 -512
74 511 511 511
511 511 511 511
511 511 511 511
511 511 511 511
511 511 511 511
511 511 -172 -512
-512 -512 -512 -512
-512 -512 -512 -512
225 511 511 511
