511 511 511 511
511 511 511 511
511 511 511 511
511 511 511 511
511 511 511 511
511 511 511 511
511 511 511 511
511 511 511 371
511 511 511 511
511 511 511 511
511 511 511 511
511 511 511 511
511 511 511 511
511 511 511 511
511 511 511 511
511 511 511 403
511 511 511 511
511 511 511 511
511 511 511 511
511 511 511 511
511 511 511 511
511 511 511 511
511 511 511 511
511 511 511 469
142 126 47 -28
-146 -258 -358 -455
-512 -512 -512 -512
-512 -512 -494 -303
-38 278 511 511
511 511 511 511
511 511 511 511
511 511 511 511
-27 -26 -91 -128
-203 -244 -265 -282
-313 -314 -297 -234
-149 32 244 508
511 511 511 511
511 511 511 511
511 511 511 511
511 511 511 417
511 511 511 511
511 511 511 511
511 511 511 511
511 511 511 511
511 511 511 511
511 511 511 511
511 511 511 511
511 511 179 -8
511 511 511 511
511 511 511 511
511 511 511 511
511 511 511 511
511 511 511 511
511 511 511 511
511 511 103 -512
-512 -512 -512 -512
511 511 511 511
511 511 511 511
511 511 431 402
494 511 511 511
511 511 511 511
511 511 511 -19
-512 -512 -512 -512
-512 -512 -512 -512
-232 -406 -512 -512
-512 -512 -512 -512
-512 -512 -512 -512
-512 -512 -512 -512
-512 -392 -294 -379
-512 -512 -512 -512
-512 -512 -512 -512
-512 -512 -512 -512
-512 -512 -512 -512
-512 -512 -512 -512
-512 -512 -512 -512
-512 -512 -512 -344
-81 107 113 -71
-420 -512 -512 -512
-512 -512 -512 -512
-512 -512 -512 -512
-512 -512 -512 -512
-512 -512 -512 -512
-512 -308 -26 307
511 511 511 511
511 511 511 511
511 511 511 -512
-512 -512 -512 -512
-512 -512 -512 -512
-173 -165 -126 -75
4 200 393 511
511 511 511 511
511 511 511 511
511 511 511 511
511 511 511 511
-512 -512 -512 -512
-512 -512 -512 -512
-512 -512 -512 -512
-512 -512 -453 -143
314 511 511 511
511 511 511 511
511 511 511 511
511 511 511 511
-512 -512 -512 -512
-512 -512 -512 -512
-512 -512 -512 -512
-512 -512 -512 -512
-512 127 511 511
511 511 511 511
511 511 511 511
511 511 511 207
-512 -512 -512 -512
-512 -512 -512 -512
-512 -512 -512 -512
-512 -512 -512 -512
-512 -512 -512 -28
493 511 511 511
511 511 511 511
511 511 511 511
511 511 448 -22
-328 -494 -429 -256
-512 -512 -512 -512
-512 -512 -512 -512
-512 -512 -512 -295
67 511 511 511
511 511 511 511
511 511 511 511
511 511 511 511
511 511 511 440
