511 511 511 511
511 511 511 511
511 511 511 511
511 511 511 511
511 511 511 446
-291 -512 -512 -512
-512 -512 -512 -512
-512 -512 -375 -163
458 471 445 436
440 511 511 511
511 511 511 511
511 511 511 511
511 511 511 511
511 511 511 511
415 -116 -512 -512
-512 -512 -512 -370
-512 -512 -512 -512
-512 -512 -512 -512
-512 -512 -512 -419
-294 -182 -51 1
71 96 104 121
115 116 50 -92
-336 -512 -512 -512
-512 -512 -512 -512
-512 -512 -512 -512
-512 -512 -512 -512
-512 -512 -512 -512
-267 451 511 511
511 511 511 511
511 511 511 511
511 511 149 -431
-512 -512 -512 -512
35 78 26 102
212 437 511 511
511 511 511 511
511 511 511 511
511 511 511 511
511 511 511 511
511 511 511 511
511 511 511 511
-512 -512 -512 -512
-512 -206 365 511
511 511 511 511
511 511 511 511
511 511 511 511
511 511 346 266
451 511 511 511
511 511 511 511
511 511 511 511
511 511 -384 -512
-512 -512 -512 -512
-258 511 511 511
511 511 511 511
511 511 511 511
511 511 105 -327
-512 -512 -450 -281
511 511 511 511
511 511 511 511
511 511 511 -368
-512 -512 -512 -512
-512 -512 -512 -272
511 511 511 511
511 511 511 511
511 511 507 190
