-512 -512 -512 -512
511 511 -271 -512
-512 -512 -512 -512
87 511 511 30
-512 -512 -512 511
511 511 337 -512
-512 -512 -512 -512
-254 -397 -512 -512
-512 -512 511 511
511 511 -512 -512
-512 -512 -512 -512
-512 -512 -512 -512
511 511 511 511
503 -512 -512 -512
-512 -512 -512 -512
-512 -512 -512 -512
511 511 511 -512
-512 -512 -512 -512
-512 -512 -512 -512
-512 -512 -130 511
511 511 511 199
-512 -512 -512 -512
-512 -512 -512 -512
-354 511 511 511
511 511 511 511
511 511 511 511
193 -331 -472 -80
511 511 511 511
511 511 511 511
511 511 511 511
511 511 511 511
511 511 511 511
