6 8 -13 -9
4 -4 11 13
-28 32 -35 19
-3 -8 25 -22
0 5 3 0
3 -9 7 -15
-1 25 11 -32
6 -19 37 -16
-8 1 -5 -1
37 -5 -5 -26
-16 43 -15 4
4 -10 20 -18
5 -7 -16 21
16 -7 -15 12
0 -5 -30 15
47 -25 3 -10
2 1 9 -7
8 -53 30 13
4 2 -2 8
-14 -50 37 15
11 2 -13 5
-38 3 17 34
-31 21 -14 -2
-9 -12 29 -8
-2 -4 -4 -16
48 -4 17 -51
-3 12 -3 -3
32 -9 13 -29
-4 -4 -29 46
30 4 -59 12
-3 27 -45 20
34 -7 -7 -9
19 6 -11 -23
2 -31 35 11
10 0 -16 -13
2 -10 30 -18
-8 29 9 -10
-46 10 24 7
-34 45 12 -15
-42 -13 37 1
-12 4 -10 9
26 8 -6 -27
-21 27 0 10
3 -6 9 -6
-6 -12 -16 24
35 -9 -19 -14
12 6 -25 0
34 7 7 -28
-15 20 4 10
-25 -8 1 18
-8 24 -16 8
-18 -14 7 11
13 13 -9 -23
-4 -16 40 1
3 -17 1 -1
11 -21 8 6
15 -7 -36 22
13 5 -15 2
-11 11 -8 17
-11 -7 14 12
-22 -16 7 21
16 -37 11 -6
14 -10 -1 -1
11 -5 5 -7
-11 21 -4 -8
-11 9 15 -6
1 -8 -13 -4
30 14 -22 -16
4 20 -17 -2
24 -1 -12 -22
14 16 -10 8
-3 -8 -6 11
15 -2 -18 3
5 -18 14 -8
21 -15 24 -19
-13 -11 21 16
-22 13 5 -1
-29 3 21 1
-20 31 -1 -9
-42 31 20 -16
-26 7 14 9
13 3 1 -49
21 -6 26 -20
19 4 -14 -3
-6 15 -24 9
16 9 -12 8
-11 -11 -33 47
17 11 -35 4
5 11 -3 0
-29 -15 22 15
18 -28 22 -9
-17 -17 5 35
-7 7 -2 -7
-21 -11 21 8
2 11 -4 -3
-38 15 3 9
5 -6 -29 26
10 23 -21 -5
-1 -22 -1 13
26 20 -30 1
-21 -13 5 25
39 -25 -12 -25
22 -17 0 23
8 1 -24 7
1 20 -10 3
-45 23 -10 22
10 5 -11 -17
-11 28 -21 4
5 29 7 -47
-1 -7 39 -26
22 -8 22 -17
-25 1 -2 18
-8 -8 -7 39
-8 17 -30 2
-8 -8 23 16
-20 0 -10 30
-16 -18 10 -1
19 -12 22 -26
8 -21 16 -10
1 41 -2 -29
-23 21 23 -8
-35 17 4 -3
12 -7 13 -25
2 25 -27 0
10 22 -2 -29
-4 8 12 1
9 -24 -2 25
-4 -9 -32 32
30 -22 -18 2
8 -2 1 4
19 -45 28 -3
-3 -3 2 26
-26 -23 20 27
-16 -10 -12 13
-1 7 7 2
-36 24 -6 5
-11 -5 26 -3
-8 2 3 -4
24 -44 4 -4
42 16 -46 -13
18 12 -16 -7
16 28 -33 -2
-1 -3 -4 25
-3 5 -37 24
16 -11 2 -5
-6 7 -18 1
22 5 22 -28
-32 9 6 20
3 -1 15 -25
-30 15 15 10
-1 -3 13 -23
-25 31 5 -7
-23 -10 27 22
-11 15 -28 16
-18 -13 6 22
3 17 -30 -4
4 -15 20 -11
9 14 8 -14
-5 -44 29 14
20 0 -21 0
5 13 15 -32
-51 39 -2 31
-17 14 -7 -7
-30 24 -7 7
17 -10 19 -27
-1 -7 -3 -3
41 -15 26 -39
-9 -8 -1 22
19 -40 -4 26
14 6 -39 36
-12 -28 -15 40
13 12 -22 -6
-5 -34 35 12
6 -1 -7 -5
-5 -36 44 2
11 -9 -14 5
-4 0 34 -29
-14 11 -13 7
14 16 -6 -25
-4 19 -23 -8
47 6 -8 -38
-10 37 -20 14
14 -11 2 -16
6 -1 -11 15
6 -34 30 0
20 -17 -10 7
1 -22 26 10
-11 -14 6 9
6 -29 18 6
-28 36 -17 20
-29 -3 17 -10
-5 28 4 -21
-7 -6 46 -39
-8 10 13 -3
-1 -8 3 -13
11 21 -7 -31
14 1 16 -7
-24 34 -28 27
-18 -11 15 12
2 -21 -22 29
23 -18 12 -30
-2 11 0 19
-11 -3 2 2
-16 5 10 0
8 -28 23 6
-15 10 -31 17
12 3 18 -31
-7 0 6 5
-6 -26 23 21
8 -7 -37 41
-14 -12 -27 41
18 3 -35 -11
32 -22 11 -12
8 23 -5 -6
-8 -37 33 0
28 -16 -8 -2
12 -3 6 -22
-10 29 -34 9
-5 60 -15 -22
-42 21 7 -1
33 -7 8 -38
-6 8 0 9
33 -21 9 -44
20 -3 7 1
-10 -23 26 20
-1 -6 -12 36
-31 -27 -10 52
10 -4 -12 -11
-2 -26 30 8
-3 12 4 -8
-28 -25 47 1
11 -10 1 -8
6 17 18 -60
-20 26 26 -10
-8 23 7 -34
-18 20 15 -13
11 -1 6 -6
-13 10 -34 17
25 17 -8 -24
-8 -9 2 19
8 -32 8 15
34 -31 -8 6
13 -34 3 17
24 -12 -5 -7
-3 -12 11 18
-20 22 -8 18
-40 -6 11 25
-1 -1 -7 -3
1 -5 14 -10
10 -12 -1 -14
25 5 5 -18
0 -11 -3 6
28 6 -27 -10
-1 22 -21 18
2 11 -24 -6
5 16 -4 -4
