0
0
0
0
0
0
0
0
0
0
0
0
0
0
-61
0
0
0
0
0
0
0
0
0
0
0
0
0
0
0
-242
0
0
0
0
0
0
0
0
0
0
0
0
0
0
0
0
0
0
0
0
0
0
0
0
0
0
0
0
256
0
0
0
0
0
0
0
0
0
0
0
0
0
0
0
0
0
0
0
0
0
0
0
0
0
0
0
0
0
0
-191
0
0
0
0
0
0
0
0
0
0
0
0
0
0
0
0
0
0
0
0
0
0
0
0
0
0
0
0
0
0
0
0
0
0
24
0
0
0
0
0
0
0
-42
0
0
0
0
0
0
0
0
0
0
0
0
0
0
0
0
0
0
0
0
120
0
0
0
0
0
0
0
22
-188
0
0
0
0
0
0
0
0
0
0
139
0
0
0
199
0
0
0
0
0
0
0
0
0
0
0
95
0
0
0
0
0
0
0
0
0
-122
0
0
0
0
0
0
0
0
0
0
0
0
0
-187
0
0
0
0
0
0
0
0
0
0
0
0
0
0
0
0
0
0
0
0
0
83
0
0
0
0
0
0
0
0
0
0
0
0
0
0
0
-26
0
0
0
