6 6 -1 -8
-9 -10 -5 4
-7 3 -30 -1
40 36 24 -41
4 27 -36 -13
12 -14 18 -26
12 23 22 -8
-29 -20 7 32
-24 26 -29 12
27 -30 24 -9
-27 3 -9 8
4 -21 8 -14
-17 -15 19 30
3 -18 -6 30
-42 14 -26 12
23 -29 18 -26
25 5 0 -17
-5 19 -3 1
17 18 4 -7
-12 -6 10 13
8 7 -14 -15
-3 4 4 -21
33 -7 0 -16
8 47 -7 -4
-23 -19 3 7
5 4 -9 -13
1 -33 18 17
-5 1 -25 18
11 15 21 -5
-25 -7 10 21
-3 -22 12 7
-9 -13 -31 17
-15 -13 24 11
-3 8 -3 13
20 20 -27 -13
6 -4 12 -14
2 -26 -5 -6
10 40 -5 -33
-7 20 -17 4
21 -7 16 -1
24 48 -11 -34
-25 -22 15 1
-3 -1 -5 10
11 4 10 -3
-44 -4 -7 33
15 -39 9 0
-17 11 2 2
-5 -25 1 6
-21 -2 -12 17
31 3 8 -6
-13 -7 6 6
-13 -18 -3 -2
31 40 -10 -14
-11 -17 22 15
21 2 -6 -25
3 42 0 -21
5 -24 -1 -5
5 20 -25 -9
-4 6 -1 8
7 3 18 -2
27 -48 20 -8
-17 39 -39 -2
-8 -4 27 9
-17 -17 -12 34
