401 511 511 511
511 511 511 511
511 511 47 -487
-512 -512 -512 -512
-512 -512 -512 -512
-512 -512 -512 -512
-512 -155 421 511
511 511 511 511
-512 -512 -512 -512
-512 -512 -512 -512
50 511 511 511
511 511 511 511
511 511 511 511
511 511 511 511
138 -350 -512 -512
-512 -512 -512 -512
511 511 511 511
511 511 511 511
305 -252 -512 -512
-512 -512 -192 511
511 511 511 511
511 511 511 511
511 511 511 511
56 -512 -512 -512
511 511 511 511
511 511 511 511
511 511 511 458
511 511 511 511
511 511 511 511
511 511 511 511
511 511 511 457
-512 -512 -512 -512
