511 511 511 511
511 511 511 511
511 511 511 511
511 511 511 511
511 511 511 511
511 511 511 511
511 511 511 511
511 511 511 511
511 511 511 511
511 511 511 511
511 511 511 511
511 511 511 511
511 511 511 511
511 511 511 511
511 511 511 511
511 511 511 511
511 511 511 511
511 511 511 511
511 511 511 511
511 511 511 511
511 511 511 511
511 511 511 511
511 511 511 511
511 511 511 511
511 500 261 34
-213 -385 -398 -224
200 511 511 511
511 511 511 511
-188 -293 -479 -512
-512 -512 -512 -478
68 511 511 511
511 511 511 511
-274 -356 -493 -512
-512 -512 -486 -125
480 511 511 511
511 511 511 511
382 316 214 204
167 202 421 511
511 511 511 511
511 511 511 511
511 511 511 511
511 511 511 511
511 511 511 511
511 511 511 362
511 511 511 511
511 511 511 511
511 511 511 511
511 511 497 -260
511 511 511 511
511 511 511 511
511 511 511 511
511 511 -512 -512
511 511 511 511
511 511 511 511
511 511 511 511
511 -512 -512 -512
511 511 511 511
511 511 511 511
511 511 511 511
-228 -512 -512 -512
511 511 511 371
-137 -419 -265 280
511 511 511 -155
-512 -512 -512 -512
511 59 -512 -512
-512 -512 -512 -512
-302 -85 -335 -512
-512 -512 -512 -512
-512 -512 -512 -512
-512 -512 -512 -512
-512 -512 -512 -512
-512 -512 -512 -512
-512 -512 -512 -512
-512 -512 -512 -512
-278 -239 -512 -512
-512 -512 -512 -512
-512 -512 -512 -512
-512 -512 -512 -228
464 511 72 -512
-512 -512 -512 -512
-512 -512 -512 -512
-512 -512 179 511
511 511 511 -254
-512 -512 -512 -512
-512 -512 -512 -361
122 511 511 511
511 511 511 511
-512 -512 -512 -512
-308 -268 -13 345
511 511 511 511
511 511 511 511
-512 -512 -512 -512
-185 -151 94 472
511 511 511 511
511 511 511 511
-512 -512 -512 -512
-512 -512 -362 12
511 511 511 511
511 511 511 511
-512 -512 -512 -512
-512 -512 -512 -512
202 511 511 511
511 511 511 511
-512 -512 -512 -512
-512 -512 -512 -512
-158 511 511 511
511 511 511 511
-512 -512 -512 -512
-512 -512 -512 -512
-512 511 511 511
511 511 511 511
-503 -512 -512 -512
-512 -512 -512 -512
-512 -154 511 511
511 511 511 511
511 -409 -512 -512
-512 -512 -512 -512
-512 -485 461 511
511 511 511 511
511 511 299 -9
-512 -512 -512 -512
-512 -512 256 511
511 511 511 511
511 511 511 511
-491 -512 -512 -512
-512 -504 210 511
511 511 511 511
511 511 511 511
