511 511 -512 511
511 511 -512 511
511 511 -512 511
511 511 -512 511
511 192 -512 511
-55 -512 -512 511
-512 -512 -512 511
-512 -512 -512 511
-512 -512 -512 511
-512 -512 -512 511
-512 -512 -512 511
-512 -512 -512 511
-512 -512 -512 511
-512 -512 -512 511
-512 -512 -512 445
-512 -512 -512 435
-512 -512 -512 487
-512 -500 -512 94
-512 511 -512 -219
-512 511 -512 -512
-512 511 -512 -512
-512 511 -512 -512
-512 511 -512 -512
-512 511 -512 -512
-512 511 -512 -512
-484 511 -512 -512
-428 198 -512 -512
-512 -512 -512 -512
-512 -512 -512 -512
-512 -512 -512 -512
-512 -512 -512 -512
-512 -512 -512 -512
