-512 -7 511 511
511 511 511 511
-512 -322 511 511
511 511 511 511
-512 -512 511 511
511 511 511 511
-512 -512 -139 511
511 511 511 511
-512 -512 -512 511
511 511 511 511
-512 -512 -512 -512
511 511 511 511
-512 -512 -512 -512
-367 511 511 511
-512 -512 -512 -512
-512 260 511 511
-512 -512 -512 -512
-512 -484 511 511
-512 -512 -512 -512
-512 -512 511 511
-512 -512 -512 -512
-512 129 511 511
-512 -512 -512 -512
-179 511 511 511
-512 -512 -512 -512
511 511 511 511
511 -512 -512 -512
511 511 511 511
511 161 -512 -512
511 511 511 511
511 485 -356 -357
162 511 511 511
511 511 511 313
-357 -81 511 511
511 511 511 511
-320 -512 511 511
511 511 511 511
511 -512 425 511
511 511 511 511
511 100 -512 511
511 511 511 511
511 511 -512 -512
511 511 511 511
511 511 -512 -512
511 511 -341 173
511 511 -406 -512
511 511 -512 -512
511 511 483 -512
511 511 -512 -512
-512 511 511 -512
511 511 -490 -512
-512 511 511 -512
511 511 511 -512
-512 -307 511 -91
511 511 511 -512
-512 -512 511 511
511 511 511 -491
-512 -512 35 511
511 511 511 511
-512 -512 -512 390
511 511 511 511
-512 -512 -512 46
380 511 511 511
-512 -512 -512 -66
