374 511 511 511
511 511 511 511
484 511 511 511
511 511 511 511
511 511 511 511
511 511 511 511
511 511 511 511
356 -13 511 511
266 507 462 -417
-512 -512 511 511
317 511 511 125
-512 13 511 511
511 511 511 247
-292 511 511 511
511 511 511 511
511 511 511 511
511 511 511 166
-39 511 511 -512
511 511 -512 -512
-319 511 -101 -512
-273 -512 -512 -507
511 511 511 -512
-492 -512 -512 110
511 511 511 -512
-512 -512 -512 -512
511 511 511 -512
-512 -512 -512 -512
511 511 511 -512
-512 -512 -512 -512
138 511 511 86
-176 -512 -512 -512
-512 511 511 511
