31 1 -9 19
4 -16 7 -36
11 15 -9 -5
-5 -13 4 0
-19 5 -7 -3
16 25 -2 -14
4 9 -4 -22
-25 21 10 6
-12 6 24 8
-15 20 -14 -18
19 24 10 -17
-13 17 -29 -10
10 20 8 -10
3 6 -36 -2
-3 -7 7 13
6 -4 -12 2
19 -19 -18 -1
-9 -5 25 8
-12 -13 -4 19
12 -3 17 -17
8 26 -4 -10
-13 -15 14 -5
5 23 0 5
-1 6 7 -45
7 14 3 6
-23 4 15 -26
-5 6 -4 -3
-17 12 6 3
-19 -3 -14 -7
20 33 -19 8
3 5 -8 -22
-1 9 -23 38
-3 -10 16 13
10 4 -28 -4
28 2 7 -10
-12 -3 -8 -3
-13 9 19 -1
-2 -3 -4 -5
-28 7 6 -5
-6 3 19 2
-12 -4 -11 -2
-22 6 47 0
-25 -11 4 35
-15 -4 32 -17
13 14 -12 7
-23 -15 11 5
-2 11 -9 15
16 4 -23 -13
1 3 -4 -1
-6 -4 -12 22
-11 -18 -2 -5
1 17 1 18
-25 -13 3 -20
11 31 -2 13
-19 17 16 -38
-7 12 -9 28
-21 11 22 -6
8 16 -13 -16
14 7 4 -5
-28 -6 15 -3
-20 -11 5 34
-11 -12 16 -1
-16 -8 -25 16
-5 -6 21 22
