449 -78 511 -512
511 -135 511 -512
511 -198 511 -512
511 -231 511 -512
511 -225 511 -512
-72 -133 511 -512
-512 -8 511 -512
-512 167 511 -512
-512 429 279 -512
-512 511 -512 -512
-512 511 -512 -512
-512 511 -512 -512
-512 511 -512 -512
-512 511 -512 -512
-512 511 -512 -512
-512 511 -512 -512
-512 511 -492 -451
-512 511 354 126
-512 511 511 511
-512 511 511 511
-512 511 511 371
161 511 511 -159
511 511 511 -512
511 511 511 -512
511 511 511 -512
511 511 511 -512
511 511 511 -473
511 511 511 -431
511 511 511 -512
511 511 511 -512
511 511 511 -512
511 511 511 -512
