511 511 511 511
511 511 511 511
511 511 209 -512
-512 -512 -512 -512
-512 -512 -512 -512
-512 -512 -512 -512
-512 -122 382 511
511 511 511 340
-512 -512 -512 -512
-512 -512 -512 -512
-512 -512 -512 -512
-512 -512 -264 351
511 511 511 511
180 -489 -512 -512
-512 -512 -512 -512
-512 -512 -512 -512
-512 -512 -512 -512
-512 -512 -512 -512
-512 -512 -207 511
511 511 511 511
511 511 511 511
511 511 511 -512
-512 -512 -512 -512
-512 -512 -512 -512
-512 -512 -512 -512
-418 -166 80 306
499 511 511 511
511 511 511 511
420 321 240 200
183 195 232 278
330 379 394 399
369 311 223 119
