-512 -512 -512 -189
-411 -152 511 498
-512 -512 -512 -307
-512 -329 511 511
-512 -512 -512 -281
-512 -511 511 511
-512 -512 -512 -111
-512 -512 511 511
-512 -512 -16 157
-512 -512 511 511
-512 -512 511 418
-512 -512 511 511
-512 -512 511 511
-512 -512 511 511
-512 -512 511 511
-512 -512 511 344
-512 -512 511 511
-512 -512 511 -512
-512 -512 511 394
-512 -512 511 -512
-512 -66 511 -97
-512 -512 -37 -512
-512 511 511 -512
-512 -512 -436 -512
-512 511 511 -512
-512 -512 -512 -512
-512 511 511 -512
-512 -512 -512 -512
-512 511 511 -512
-512 -512 -512 -512
-512 511 511 -512
-512 -512 -512 -512
-512 511 -80 -512
-512 -512 -393 -512
-512 511 -512 -512
-512 190 -21 -512
-512 343 -512 -512
-512 511 367 -512
-512 -247 -512 -512
-512 511 511 -512
-512 -512 -512 -512
-512 511 511 135
-512 -512 -512 -512
-512 511 511 511
-512 -512 -512 -512
-512 374 511 511
-512 -512 -512 -512
-512 -119 511 511
-512 -512 -512 -512
-512 -463 511 511
-153 469 -512 -512
-512 -512 511 511
511 511 -512 -512
-512 -470 511 511
511 511 463 -512
-512 -219 511 511
511 511 511 -512
-512 164 511 511
511 511 511 -512
-512 511 511 511
511 511 511 -512
-512 511 511 511
511 511 511 -512
-512 511 511 511
