-512 -512 -512 -54
511 511 511 511
511 511 511 511
511 511 511 511
-512 -512 -512 -512
-512 -512 -512 -512
379 511 511 511
511 511 511 511
-512 -512 -512 -512
-512 -512 -512 -512
-512 -512 -512 -38
511 511 511 511
511 89 -512 -512
-512 -512 -512 -512
354 511 511 511
511 511 511 511
511 511 511 511
511 511 511 460
-173 -512 -512 -323
511 511 511 511
511 511 511 511
511 511 511 511
511 511 511 511
-501 -512 -512 -512
511 511 511 511
-162 -512 -512 -512
-512 -172 511 511
511 511 -512 -512
511 511 511 511
511 511 511 -512
-512 -512 -512 -512
-512 273 511 511
