-13 -11 -7 21
-13 36 -13 0
17 12 6 -32
-6 -17 -5 12
-21 27 13 -9
25 -19 32 -6
-9 -37 -14 26
-28 24 -11 24
8 -2 12 1
15 -35 -10 -11
-25 38 -10 4
17 -9 39 -21
22 -22 -8 -3
-48 27 -11 19
17 -14 7 26
9 -10 -17 -9
-8 19 -19 30
-6 -27 21 -31
29 -28 28 7
-22 12 -8 24
-16 10 -13 1
-20 12 14 -11
7 -2 3 -3
0 19 -11 -15
7 -22 28 -21
26 -8 -16 21
-11 19 -22 22
-16 -13 -3 12
14 -15 5 0
1 0 1 18
-20 -10 12 -26
31 -21 28 -15
-15 52 -16 20
-22 -19 1 -33
17 -26 27 11
1 30 -25 26
17 -20 -32 -10
-1 -11 5 -2
20 18 -1 11
6 3 -11 -10
-35 -19 33 -16
8 7 17 20
-4 7 -9 11
-39 -15 -4 -17
30 4 3 1
28 18 -23 12
-29 0 -14 -45
39 -7 21 4
-3 20 -12 25
-28 13 -35 17
-11 -11 20 -4
12 5 -10 19
7 -13 -4 -31
28 -32 25 -18
12 23 -17 17
-7 23 -26 7
-35 11 0 -6
12 -3 15 2
6 7 -10 4
-8 -34 27 -40
42 -10 -2 21
-12 35 -25 13
-21 -1 -8 -15
-4 23 -1 5
4 -25 -6 10
13 0 7 -3
26 -15 9 -22
0 -13 -8 18
-32 41 -8 13
0 4 11 -16
2 -17 -7 1
-9 21 -7 -3
34 -13 13 -27
30 -19 -20 4
-24 43 -31 17
8 2 16 -9
3 -9 -5 5
-35 12 10 -6
19 -20 31 -3
1 -6 4 -13
-11 -4 -28 17
5 21 22 -29
44 5 -22 -16
-9 -4 -15 -5
-7 27 3 21
10 3 -2 -3
6 -52 0 13
-26 19 -9 24
34 -16 20 -19
10 -17 -19 -4
-37 41 -3 -12
25 23 16 -10
-10 -2 3 -29
-23 11 -6 9
15 10 8 14
21 -38 3 -14
-2 13 -34 32
-19 10 6 -7
17 -15 3 4
-12 10 -8 2
-6 -5 22 -14
15 -8 6 -5
-3 4 -5 1
-11 12 -13 11
4 9 -8 -6
11 -9 1 -6
0 2 -11 8
7 1 9 -10
11 -21 14 -2
-14 10 -18 22
-16 13 8 -4
8 -19 14 -8
5 28 -8 9
-29 -1 -15 9
-15 -27 29 8
12 23 -11 18
-6 -21 0 -24
15 -26 12 -7
7 44 -4 1
2 -6 -9 0
-33 12 -7 -2
6 4 29 8
10 -16 -19 21
-19 -23 12 -29
35 -15 6 30
3 16 -29 9
-18 0 0 -24
-4 15 3 13
1 26 16 -31
2 -24 19 -26
4 -29 26 -1
23 23 -17 20
-15 7 -48 30
-23 -2 -9 -2
23 15 15 3
0 -19 8 -11
-7 -38 44 -33
10 7 21 37
-29 11 -27 25
-31 -2 -8 -11
4 18 -10 24
25 -5 -8 -26
20 -22 8 -39
20 -4 2 20
1 7 -26 20
-17 14 7 13
-13 1 -11 10
-9 -5 22 -22
-4 -4 23 5
-4 -7 16 -29
18 -12 10 8
-37 37 -33 29
6 -5 4 -19
11 0 -15 22
-13 -6 2 -11
40 -28 20 -6
-5 -11 3 18
-11 -6 -8 16
-13 16 -3 15
-16 -7 3 2
-2 -15 -22 10
-3 33 19 -4
21 -1 -16 -17
-10 -3 -5 -8
-21 19 37 5
17 -7 -5 4
-19 -24 0 5
-19 -1 7 26
28 7 -15 -2
2 -24 2 -17
-15 15 -9 7
23 22 13 -10
-9 -20 10 -5
-31 5 -10 11
20 3 16 22
-1 -28 -6 -2
0 -6 -13 -1
-2 24 15 -12
25 -12 -5 -16
-1 12 -24 7
-18 12 22 -2
24 -12 -14 16
-21 -4 -2 -2
3 -25 21 13
13 14 -21 7
-6 -17 20 -23
-7 12 -15 16
-2 30 7 -22
4 -17 14 -6
-19 13 -18 4
18 1 13 6
3 -19 -7 4
11 11 -9 0
3 -32 19 -9
4 -32 14 17
2 16 -3 6
-9 -3 -16 12
-22 13 -12 -10
14 26 10 -18
8 -1 -5 -17
7 -11 10 -28
18 12 2 22
-2 -4 -24 19
-12 -3 -15 4
-4 5 4 18
15 -12 4 -12
-7 -4 18 -33
0 -1 21 1
2 40 -14 7
-28 2 -28 20
-36 8 -10 27
23 9 10 -22
42 -43 -16 -8
7 -21 8 -26
47 18 4 15
-24 29 -46 23
-44 0 15 -18
-2 30 10 27
-2 -22 17 -32
17 -42 19 -32
14 23 -9 21
23 10 -22 -2
-27 28 -32 -9
-18 29 -3 17
9 -5 12 -20
13 -14 5 -7
8 -15 10 -6
17 6 -13 12
-13 12 -25 15
-6 5 -12 4
5 10 2 -8
11 -16 9 -12
8 -9 11 -17
11 -1 9 5
-13 16 -24 16
-15 11 -2 -9
0 12 -8 11
-2 2 5 -26
24 -18 19 -18
-1 8 -4 5
5 -26 -14 15
7 11 11 0
22 -5 -5 -9
-19 -3 -6 3
-22 16 35 -10
13 7 -4 10
-28 -8 -4 -16
9 -7 12 3
25 24 -32 12
6 -21 -6 -28
5 11 -14 14
11 19 7 1
-1 -26 12 -8
-34 4 4 10
9 -2 22 18
-10 -9 -2 -13
-15 2 -22 15
-1 21 20 -24
29 15 -26 -4
-22 0 -5 -15
11 1 26 4
7 8 -13 18
-16 -38 3 5
-8 -1 7 21
14 2 -2 9
-8 -17 -5 -19
-10 13 13 -12
14 26 1 6
-15 -4 6 -29
-10 1 -2 13
9 10 -4 21
17 -31 -2 -8
-7 13 -6 14
-14 4 -9 10
-19 15 -6 13
-11 -5 19 -14
21 -20 10 -9
-5 -2 12 -11
10 -7 6 6
-11 23 -22 16
-23 3 3 2
-1 3 -6 12
4 -10 16 -16
15 -32 12 -1
5 1 -7 10
3 0 -1 10
-16 6 -20 13
-11 15 -5 4
6 -1 44 -33
18 -45 2 -4
-15 -22 42 -1
12 4 1 30
-16 10 -47 14
-38 15 -1 2
4 30 10 -15
31 -19 16 -38
-15 -23 27 -16
17 2 10 30
-2 7 -29 36
-44 -21 -14 11
9 16 -22 37
17 -10 24 -35
20 -50 15 -34
-1 33 -4 13
-11 23 11 -1
-16 6 -24 4
-19 16 4 6
4 5 -1 1
29 -28 -6 -20
9 -13 6 10
3 6 -1 9
8 -5 -4 7
-47 10 2 18
-13 3 19 -2
10 -10 16 -10
-14 -22 11 -15
22 8 -11 6
10 14 -10 1
-6 -3 -27 3
-2 26 -18 13
-10 -1 -22 31
1 -4 14 -15
20 12 -15 14
-36 -4 9 -14
15 -10 29 -11
-7 25 -5 13
-17 -22 2 -11
7 10 -3 3
9 12 -11 14
3 -11 -20 -17
11 0 13 -9
11 8 -7 28
-11 -9 5 -25
-8 -8 14 18
-13 9 -1 17
8 -15 10 -20
-6 -25 -7 14
17 6 10 -12
26 20 -22 -5
-25 -14 2 -9
3 13 21 -1
1 23 -7 16
-21 -38 -1 -11
8 3 7 5
23 13 -13 17
1 -18 -23 -27
-2 20 8 -10
17 20 4 17
-13 -6 -1 -30
-26 -1 19 5
13 0 7 31
-1 -8 -7 -20
1 -25 33 -27
27 -6 -8 -4
9 13 -1 -19
13 -13 -9 11
0 19 -26 11
-3 13 -12 19
-9 -14 -4 -6
22 -18 19 -14
5 -2 8 3
3 -11 2 -14
-10 29 -9 4
-15 16 2 -2
-2 20 -22 -4
-13 7 23 -34
41 -31 11 5
-5 23 -24 0
4 11 5 13
-12 -13 -39 36
-43 14 0 26
3 -7 23 -12
38 -39 -1 -28
-2 -2 12 -15
17 26 -3 -5
9 25 -31 -2
-44 22 -12 7
2 18 -1 8
28 -24 17 -20
5 -48 10 -6
17 12 -13 23
9 5 7 -3
-29 5 -22 1
-33 54 -6 5
-6 27 5 -5
7 -37 11 -23
0 -3 0 28
-7 17 0 -3
36 -29 -25 5
-28 24 -24 14
10 12 14 -15
29 -12 3 -19
-25 -10 15 -3
-5 19 6 14
12 -13 11 -5
-28 -3 -28 18
-7 26 -6 -4
42 -13 13 -15
-14 -2 -16 -25
12 11 11 5
-6 -4 7 -9
13 -5 14 -17
12 8 -11 3
-14 5 -6 -3
12 -6 9 1
-6 17 -23 28
-21 -9 8 -15
26 -27 25 -5
-3 10 -14 20
-14 -5 7 -17
9 -1 8 2
-12 20 -13 12
-9 4 0 -14
6 -6 11 -8
12 -7 -4 8
2 0 -8 1
5 -44 9 -2
14 20 0 23
-7 22 -16 -11
-18 -24 20 -16
-14 13 45 -7
4 13 -3 13
-36 -17 0 -14
6 -6 15 10
20 28 -38 24
-1 -24 -9 -29
10 1 1 4
25 8 9 13
-15 -16 -4 3
-39 -8 21 -4
28 -14 16 44
-33 12 -24 -6
-4 -12 9 -14
4 23 -3 13
-18 39 -34 1
-3 -17 23 -35
19 -9 21 9
-1 6 -6 8
-3 -33 11 4
-15 2 -4 29
-2 8 -7 15
-15 -4 -5 -7
-8 -6 26 -28
34 -2 14 4
-21 12 -14 -3
-10 -10 10 -9
24 5 -15 44
-24 11 -30 8
5 10 18 -30
18 -39 27 -19
-8 -3 -3 25
-3 13 10 -13
12 -15 -21 27
-43 32 -29 14
8 8 26 -23
20 -25 13 -16
-3 -16 15 -7
-5 17 3 22
-2 -18 2 3
-14 5 -28 28
-25 26 -9 8
36 -34 21 -28
11 -8 -1 -13
-2 6 1 10
13 16 9 -13
-5 -27 -4 14
-32 -11 8 32
2 20 8 -7
19 -42 6 -16
-12 8 -20 12
-4 52 12 -28
33 -30 9 -16
-34 25 -28 15
-11 21 26 1
35 -45 1 10
-21 -12 -19 6
4 6 3 25
29 -15 2 -14
-15 2 -6 -16
-25 33 -1 16
5 3 8 -20
-3 15 -14 17
-23 16 -22 9
13 7 0 -21
29 -32 17 -12
17 -7 -25 21
-9 17 3 -8
15 -29 12 13
-27 30 -32 22
-25 9 31 -22
19 -25 16 -13
0 9 0 -17
-3 13 -2 6
9 3 -7 -17
11 9 -15 12
-27 25 -24 19
11 -37 1 -17
33 -2 26 4
5 16 -40 5
-9 -16 17 -33
1 13 18 30
-19 32 -31 5
-6 -28 16 -22
3 -3 7 8
39 5 -17 -6
-2 1 -20 -7
-8 4 6 -15
34 24 -9 20
-45 14 -4 -8
-10 -26 31 -26
29 3 14 28
-29 -1 -9 -4
