-512 451 511 511
-512 -512 -512 -512
-469 511 511 511
-512 -512 -512 -512
511 511 511 511
-512 -512 -512 -512
511 511 511 511
-512 -512 -512 -512
511 511 511 511
-512 -512 -512 511
511 511 511 -262
-512 -512 511 511
511 511 511 -480
-165 511 511 511
511 511 67 -208
511 511 511 511
511 -8 -361 511
511 511 511 511
106 -512 112 511
511 511 511 131
-12 -149 511 511
511 511 511 -512
302 511 511 511
511 511 511 -512
511 511 511 511
511 511 511 -492
511 511 511 511
511 511 241 23
511 511 511 511
511 -141 106 511
205 511 511 511
-327 -512 511 511
-484 -74 421 -41
-512 -360 511 511
-512 -512 -243 -321
-512 253 511 511
-512 -512 -381 -40
23 511 511 511
-512 -512 -63 511
511 511 511 511
-512 -512 282 511
511 511 511 511
-173 59 511 511
511 511 511 511
511 511 511 511
511 511 511 511
511 511 511 511
511 511 511 -512
511 511 511 511
511 511 511 -512
511 511 511 511
511 511 -423 -512
248 511 511 511
511 511 -512 -512
-349 511 511 511
511 9 -512 -512
-512 506 511 511
511 -512 -512 -454
-512 511 511 511
511 -512 -512 511
-512 446 511 511
-25 -512 -512 511
-502 242 511 511
-207 -512 -512 511
