-22 33 -24 -9
9 -31 28 -5
-4 21 -12 18
18 -31 5 11
31 -13 17 -42
26 7 -10 -13
-22 -3 38 -13
-35 14 -36 42
15 -25 -10 -22
12 -25 19 3
1 -3 43 -20
21 -15 11 22
-9 20 9 -13
18 -29 -4 -17
-2 -6 24 -40
7 -30 12 -12
-3 -10 -4 -6
-24 31 -35 -5
34 9 27 -28
9 -5 41 -27
37 -19 18 5
-2 -25 -6 -9
17 -10 -44 20
16 -21 -10 -28
7 -19 6 -3
-1 -36 28 0
34 -36 -11 45
-20 18 4 -17
8 -8 33 19
-48 -11 30 -28
14 -13 16 -19
-20 21 2 -27
-22 11 30 -1
-11 -2 -3 10
-12 14 -9 -16
17 2 -25 3
15 14 -26 -29
34 8 -2 8
-18 0 -4 28
1 -17 -4 21
24 2 -33 20
13 16 -12 24
-43 -12 8 2
2 -28 9 21
-56 7 6 4
-6 19 -9 17
-16 38 9 -26
2 14 18 10
5 13 -14 18
32 0 3 -41
-6 28 -19 5
-48 14 -9 24
-22 -17 -35 35
-10 29 -5 19
6 -18 21 -2
12 32 -10 -4
6 1 11 8
-10 20 -8 26
-29 -13 -28 19
-2 13 -19 -20
-11 -2 11 -5
1 2 6 18
-7 35 -30 28
-22 23 8 17
-8 -21 45 17
-9 -25 -11 32
12 -36 6 5
-6 2 -12 15
-25 28 -15 -5
-22 23 34 -16
-16 1 6 3
24 -21 22 -27
4 10 -29 4
-19 18 8 -14
12 -2 -1 2
9 4 15 -35
30 -18 14 27
-22 -13 -15 5
19 -13 2 -10
-15 12 -2 -5
11 -18 -22 -11
29 -26 -2 -10
12 19 28 1
-19 -24 40 30
-1 -22 31 -20
14 -18 8 -24
-9 0 6 -16
-4 10 -25 -17
5 -10 -4 -38
11 -23 26 8
-10 3 29 -16
39 -17 -4 20
-1 26 12 -37
40 -32 -11 -16
-6 4 18 -29
-5 -35 5 19
-15 6 -19 38
-32 -25 0 26
16 -18 12 12
14 -34 35 -16
36 -16 24 -10
-30 15 15 -17
-29 -6 32 -15
-23 13 -12 -18
3 -11 22 -25
1 10 2 -25
38 -15 -10 10
-16 36 -9 -17
1 3 0 33
-28 -13 6 -11
44 -22 -24 6
21 -13 9 -18
30 -41 11 24
5 5 -29 31
-24 -7 11 0
-33 7 14 4
-30 -12 18 -1
0 -12 26 9
-20 36 -38 24
-7 28 11 -35
-9 34 -17 19
12 -3 13 -1
-30 3 -24 12
2 -16 -22 21
-27 9 -27 2
-2 44 -13 18
-16 6 41 -17
-2 15 1 35
