268 511 511 511
511 511 511 511
511 511 511 511
511 511 511 511
285 511 511 511
479 218 -129 -452
-512 -512 -219 422
511 511 511 511
69 104 -1 -82
-268 -512 -512 -512
-512 -377 409 511
511 511 511 511
511 511 511 511
511 511 511 511
511 511 511 511
511 511 511 -512
199 160 -31 -455
-512 -512 -512 -512
-512 144 511 511
511 -512 -512 -512
-352 -512 -512 -512
-512 -512 -512 -512
511 511 511 511
511 511 -512 -512
-512 -512 -512 -512
-512 -512 -512 -512
511 511 511 511
511 511 -512 -512
-398 -512 -512 -512
-512 -512 -512 -512
-512 -512 511 511
511 511 511 511
