511 511 293 511
511 511 452 511
511 511 511 511
511 511 31 511
511 511 -512 511
511 511 -512 511
511 511 -512 511
511 511 -512 511
511 511 -512 511
511 511 -512 -100
511 511 -512 -512
511 511 -512 -512
511 511 -512 -512
511 511 -512 -512
511 -220 -512 -512
395 -512 -512 -512
-46 -512 -512 -512
-468 -512 -235 -512
-512 -512 511 -512
-512 -512 511 -512
-512 -512 511 -512
-512 -512 511 -512
-512 -512 511 -512
-512 -512 511 -512
-512 -512 511 -512
-512 -512 511 -512
-512 -512 511 -512
-512 -512 511 -512
-512 -512 511 -512
-512 -512 511 -512
-512 -512 93 -512
-512 -512 -193 -512
