-512 -512 -512 -512
-512 -512 -512 -512
461 511 511 452
-512 -512 -512 -512
-512 -512 -512 -512
-512 -117 511 511
511 511 511 511
511 499 86 -31
-512 -512 -512 -512
-512 -512 511 511
511 511 511 511
-286 -512 -512 -512
-512 -512 -512 -512
-512 -346 511 511
511 511 -87 -512
-512 -512 -512 -512
-512 -512 -512 -512
52 511 511 511
511 511 511 511
-512 -512 -512 -512
-512 -512 -512 -512
-512 -512 -512 -306
-495 -512 -512 -512
-512 -512 -512 -512
-512 -512 -512 426
511 511 511 511
511 -512 -512 -512
-512 -512 -512 -512
-512 -512 -512 -512
-512 260 493 244
-354 -512 -512 -512
-512 -512 -512 -512
159 189 285 241
-52 -512 -512 -512
-512 -512 -512 -512
-512 -512 -512 -512
-512 -512 -512 -321
435 511 511 511
328 -23 -205 -232
-161 -66 4 17
368 300 156 -132
-512 -512 -512 -512
-512 -512 -512 -512
-512 -512 -512 -512
-512 -512 -512 -512
-50 420 511 511
511 511 511 511
511 511 511 511
511 511 511 511
511 511 511 511
422 -320 -512 -512
-512 -512 -512 -512
-512 -512 -512 -512
-512 185 511 511
511 511 511 511
511 511 511 511
511 511 511 511
511 511 511 511
511 511 511 25
-512 -512 -512 -512
-512 -512 -512 -103
511 511 511 511
511 511 511 511
511 511 511 511
