-512 -512 -512 -512
-512 -512 31 511
511 511 511 511
511 511 511 511
511 19 -512 -512
-512 -512 -512 -512
-512 -512 -512 -512
-512 -512 -512 -512
457 511 511 511
511 511 511 511
511 511 511 511
511 161 -512 -512
-512 -512 -512 -512
-512 -512 -512 -512
-512 -512 -512 -512
-512 -512 -512 -512
486 511 511 511
511 511 511 511
511 511 511 511
511 511 511 511
511 511 511 511
511 511 511 511
511 511 511 511
511 511 511 511
511 511 511 511
511 511 511 511
511 511 511 511
511 511 511 511
511 511 511 511
511 511 511 388
-40 -441 -512 -512
-512 -512 -512 -512
178 383 511 511
511 511 511 511
511 511 511 511
511 511 308 -222
-512 -512 -512 -512
-512 -512 -512 -512
-512 -512 -354 169
511 511 511 511
-106 -116 -106 -12
155 419 511 511
511 511 511 511
511 511 466 139
-115 -364 -408 -367
-169 143 511 511
511 511 511 511
511 511 511 511
510 511 511 511
511 511 511 511
511 511 511 511
511 511 511 511
511 511 511 511
511 511 511 511
511 511 511 511
318 -190 -491 -512
-84 -105 -130 21
238 511 511 511
511 511 511 511
511 511 511 511
511 511 511 511
511 511 511 49
-358 -488 -375 -96
346 511 511 511
