0 0 0 0
0 0 0 -1
0 0 0 0
1 1 0 -1
0 0 0 1
1 1 -1 -2
0 0 0 1
2 1 -1 -2
0 0 1 2
2 1 -1 -2
0 1 1 2
2 1 -1 -2
0 1 2 2
1 0 -1 -1
0 1 2 2
1 0 -1 0
0 1 2 1
0 0 0 1
0 1 1 1
0 1 1 3
0 1 0 0
0 1 3 5
0 0 0 0
1 3 5 6
0 0 -1 0
2 4 6 7
-1 -1 -1 0
3 6 8 8
-1 -1 -1 1
5 8 9 9
-1 -1 0 3
6 9 11 9
-1 -1 0 4
8 11 11 9
-1 -1 1 5
9 12 11 9
-1 0 2 7
10 12 11 8
-1 0 3 8
11 12 10 7
-1 1 5 9
11 12 10 6
-1 2 5 9
11 11 8 5
0 2 6 10
11 10 8 4
0 3 7 9
10 9 6 3
0 4 7 9
9 7 5 3
1 4 6 8
8 6 4 2
1 4 6 7
7 5 3 1
1 4 5 6
5 4 2 0
1 3 4 5
4 3 1 -1
1 3 4 4
3 2 1 -1
1 2 3 3
2 1 0 -2
1 2 3 3
2 1 0 -2
