-512 -512 -512 -512
428 511 -512 -512
-512 -512 -512 511
511 511 511 340
-512 -512 -512 -512
511 511 -512 -512
-512 -512 -512 511
511 511 511 188
-512 -512 -512 -512
511 511 -512 -512
-512 -512 -512 511
511 511 511 -49
-512 -512 -512 -512
511 511 -512 -512
-512 -512 -512 511
511 511 281 -373
-512 -512 -512 -103
511 511 -512 -512
-512 -512 -512 511
511 511 -372 -512
-512 -512 -512 511
511 511 -512 -512
-512 -512 -512 511
511 242 -512 -512
-512 -512 -512 511
511 511 -512 -512
-512 -512 -512 511
511 -484 -512 -512
-512 -512 -512 511
511 511 -512 -512
-512 -512 -512 346
231 -512 -512 -512
-512 -512 -130 511
511 511 -512 -512
-512 -512 -512 -75
-214 -512 -512 -512
-512 -512 511 511
511 511 -512 -512
-512 -512 -512 -361
-453 -512 -512 -512
-512 -512 511 511
511 511 -512 -512
-512 -512 -512 -453
-512 -512 -512 -512
-512 -512 511 511
511 383 -512 -512
-512 -512 -512 -321
-512 -512 -512 -512
-512 -512 511 511
511 -512 -512 -512
-512 -512 -512 -51
-512 -512 -512 -512
-512 -382 511 511
511 -512 -512 -512
-512 -512 -492 372
-512 -512 -512 -512
-512 77 511 511
-512 -512 -512 -512
-512 -512 -146 511
-346 -512 -512 -512
-512 349 511 257
-512 -512 -512 -512
-512 -512 126 511
-106 -512 -512 -512
-130 400 454 -512
-512 -512 -512 -512
-512 -512 344 511
141 -512 -512 -512
165 366 -31 -512
-512 -512 -512 -512
-512 -512 511 511
248 -421 -444 -212
267 194 -512 -512
-512 -512 -512 -512
-512 -512 511 511
407 5 99 174
246 -19 -512 -512
-512 -512 -512 -512
-512 -512 511 511
511 498 511 511
81 -267 -512 -512
-512 -512 -512 -512
-512 -512 330 511
511 511 511 511
272 -86 -512 -512
-512 -512 -512 -512
-512 -512 172 511
511 511 511 511
511 269 -512 -512
-512 -512 -512 -512
-512 -512 -36 511
511 511 511 511
511 511 15 -512
-512 -512 -512 -512
-512 -512 -257 511
511 511 511 511
511 511 511 -146
-512 -512 -512 -512
-512 -512 -424 511
511 511 511 511
511 511 511 511
-436 -512 -512 -512
-512 -512 -445 511
511 511 511 511
511 511 511 511
511 -512 -512 -512
-512 -512 -333 511
511 511 511 511
511 511 511 511
511 -274 -512 -512
-512 -512 -63 511
511 511 511 511
511 511 511 511
511 296 -512 -512
-512 -512 311 511
511 511 511 511
511 511 511 511
511 511 -512 -512
-512 -512 511 511
511 511 511 511
511 511 511 511
511 511 -512 -512
-512 -512 511 511
511 511 511 511
511 511 511 511
511 511 -512 -512
-512 -512 511 511
511 511 511 511
