511 511 511 511
511 511 511 511
511 511 511 511
511 511 511 511
511 511 511 511
511 511 511 511
511 511 511 511
511 511 511 511
511 511 511 511
511 511 511 511
511 511 511 199
316 511 511 511
420 102 -426 -512
-512 255 511 511
-275 -512 -512 -512
-512 47 511 511
-435 -512 -512 -512
-512 435 511 511
-42 -203 -469 -512
-37 511 511 511
511 511 341 389
511 511 511 511
511 511 511 511
511 511 511 511
511 511 511 511
511 511 511 511
511 511 511 511
511 511 511 -157
511 511 511 511
511 511 511 -512
511 511 25 12
511 511 511 -512
511 -198 -512 -512
306 511 -512 -512
-410 -512 -512 -512
-69 511 -512 -512
-512 -512 -512 -512
453 511 -512 -512
-512 -512 -512 -512
511 511 -512 -512
-512 -512 -512 -137
511 511 511 -512
-512 -512 -482 511
511 511 511 -512
-512 -512 -55 511
511 511 511 -512
-512 -512 -32 511
511 511 511 -512
-512 -512 -444 511
511 511 511 -512
-512 -512 -512 511
511 511 511 -512
-512 -512 -512 511
511 511 511 -512
-512 -512 -512 333
511 511 511 -512
-512 -512 -512 -512
511 511 511 67
-512 -512 -512 -512
511 511 511 511
-512 -512 -512 -512
506 511 511 511
-512 -512 -512 -512
382 511 511 511
