179 447 511 511
511 511 511 511
511 511 511 511
511 511 511 511
376 511 511 511
511 511 511 511
511 511 468 411
511 511 511 511
72 226 322 507
511 511 236 -196
-512 -512 -512 45
511 511 511 511
511 511 511 511
511 511 511 511
511 439 511 511
511 511 511 511
511 511 511 511
511 -109 -512 -512
-512 -403 450 511
511 -512 -512 -512
-199 -455 -512 -512
-512 -512 -512 165
511 511 511 511
511 511 -512 -512
-494 -512 -512 -512
-512 -512 -512 -512
511 511 511 511
511 511 -512 -512
-360 -512 -512 -512
-512 -512 -512 -512
-512 27 511 511
511 511 511 511
