-512 -78 511 511
511 511 511 511
-512 -512 386 511
511 511 511 511
-512 -512 -512 -143
511 511 511 511
-512 -512 -512 -512
-512 511 511 511
-512 -512 -512 -512
-512 -512 511 511
-512 -512 -512 -512
-512 498 511 511
-512 -512 -512 -512
511 511 511 511
511 259 -512 -512
511 511 511 511
511 511 511 451
-472 -384 511 511
511 511 511 511
511 -512 205 511
511 511 511 511
511 511 -512 -512
511 511 -428 -33
511 511 -326 -512
511 511 -512 -512
-512 511 511 -512
511 511 511 -512
-512 -483 511 -66
511 511 511 -422
-512 -512 -27 511
511 511 511 511
-512 -512 -512 60
