-16 -512 -512 511
189 -512 -512 511
460 -512 -512 511
511 -512 -512 511
266 -512 -512 511
-81 511 -512 128
-393 511 -322 -512
-512 511 292 -512
-398 511 456 -512
49 511 511 -512
371 511 511 -512
511 511 511 -512
511 511 511 -512
511 511 511 -512
511 511 511 -512
511 511 511 -512
511 511 511 -512
511 511 511 -512
511 -179 511 -512
511 -371 511 -272
511 -433 511 -184
511 -330 511 -290
511 -97 511 -512
511 234 511 -512
511 511 511 -512
511 511 511 -512
511 511 511 -512
511 511 511 -512
511 511 511 -512
511 511 511 -512
511 511 511 -512
389 511 511 -498
