-5 2 19 -11
28 -8 3 -26
15 4 -20 -28
13 13 9 0
22 -7 -32 33
-13 11 -19 14
7 -18 25 -15
-19 18 18 -18
-11 9 -10 -38
17 -5 20 -22
4 47 -29 18
-6 3 -14 -3
20 -5 -27 -4
-20 35 -18 10
3 -9 41 -15
-5 1 -7 -4
3 19 -13 -17
9 15 5 -10
-22 34 -25 12
-6 -7 4 5
29 1 -9 14
8 8 -5 -2
-12 -14 3 1
-29 21 11 4
-9 19 -5 11
-1 17 -9 -16
9 -4 -6 -26
11 10 3 5
-9 -12 19 -31
34 -29 21 -27
27 13 -14 -17
14 5 3 -10
25 -38 -13 8
4 -23 0 7
38 -36 53 -31
-1 6 21 -33
-34 23 -17 -9
-7 13 -5 -4
-3 56 -45 14
4 6 -15 -3
15 5 -17 21
-22 38 -34 26
-27 8 -7 17
-37 34 -16 10
9 24 -10 6
5 14 5 -12
-22 2 -9 -1
3 -16 19 9
25 -5 12 -20
24 -8 20 -21
-1 -20 16 -6
-5 -5 8 8
1 -2 0 -19
6 -2 16 -23
26 -19 28 -17
11 -5 -10 2
-24 10 -19 -3
-8 -3 4 0
8 32 -19 11
5 -3 -7 -11
20 -32 -9 28
-15 -3 -28 42
-4 -7 12 10
-33 30 3 -19
-35 18 22 -13
17 -12 14 -32
19 12 -27 -25
42 -15 4 4
12 -7 14 17
7 -6 -2 -5
8 -35 12 -12
-9 19 3 7
2 14 -13 18
-9 7 -4 11
-26 13 -21 28
-22 6 1 6
-7 14 -18 0
-25 25 -10 16
-19 19 -1 18
1 -15 -11 5
9 -15 3 -25
-6 3 6 7
2 -4 24 13
-7 -4 -22 4
-13 8 4 -22
19 -34 46 -38
27 -14 14 -7
26 -33 7 -1
22 -20 12 23
6 -22 6 -1
18 -59 39 -15
-9 10 11 -1
-40 25 25 7
-2 8 -15 4
-23 41 -69 16
10 9 -14 18
-7 -1 -7 45
-32 14 -35 38
-13 -8 -1 2
-5 10 4 -5
-3 -16 1 3
-1 -27 11 11
6 0 0 25
-16 6 -7 -9
-26 11 -3 -15
-11 -4 17 -10
12 8 4 10
18 -20 -20 5
15 -10 6 -3
-9 2 5 5
2 -36 40 0
2 -13 -7 9
-2 13 20 -15
19 -19 28 -16
-23 7 -25 27
1 -21 4 18
14 4 -2 37
-20 9 -9 10
-4 -53 36 -7
-4 -2 5 12
-33 10 27 -19
11 -20 20 -19
8 15 -31 14
14 -2 -22 14
-11 -15 -7 26
-26 -8 -18 36
0 1 5 13
-4 2 -2 -15
