511 511 511 511
511 511 511 511
511 511 511 511
511 511 511 511
511 511 511 511
511 511 511 511
511 511 511 509
478 418 317 161
511 511 511 511
511 511 511 511
511 511 511 511
511 511 511 511
511 511 511 511
511 511 511 511
511 511 511 511
511 511 511 290
511 511 511 511
511 511 511 511
511 511 511 511
511 511 511 511
511 511 511 511
511 511 511 511
511 511 511 511
511 511 511 357
511 511 511 511
511 511 511 511
511 511 511 511
511 511 511 511
511 511 511 511
511 511 511 511
511 511 511 511
511 511 511 471
511 511 511 511
511 511 511 511
511 511 511 511
511 511 511 511
511 511 511 511
511 511 511 511
511 511 511 511
511 511 511 511
511 511 511 511
511 511 511 511
511 511 511 511
511 511 511 511
511 511 511 511
511 511 511 511
511 511 511 511
511 511 511 511
511 511 511 511
511 511 511 511
511 511 511 511
511 511 511 511
511 511 511 511
511 511 511 511
511 511 511 511
511 511 511 511
511 511 511 511
511 511 511 511
511 511 511 511
511 452 251 139
111 154 268 442
511 511 511 511
511 511 511 511
511 511 511 511
511 511 511 511
511 511 511 511
504 357 189 27
-173 -338 -469 -512
-467 -325 -78 242
511 511 511 511
511 511 511 511
511 511 511 511
511 511 511 511
511 511 511 474
332 225 90 -38
-207 -328 -413 -425
-300 -86 247 511
511 511 511 511
511 511 511 511
511 511 511 511
511 511 511 511
511 511 511 511
511 511 511 511
511 429 363 384
511 511 511 511
511 511 511 511
511 511 511 511
511 511 511 511
511 511 511 511
511 511 511 511
511 511 511 511
511 511 511 511
511 511 511 511
511 511 511 511
511 511 511 511
511 511 511 511
511 511 511 511
511 511 511 511
511 511 511 511
511 511 511 511
511 511 511 511
511 511 511 511
511 511 511 511
511 511 511 511
511 511 511 511
511 511 511 511
511 511 511 511
511 511 511 511
511 511 511 511
511 511 511 511
511 511 511 511
511 511 511 511
511 511 511 511
511 511 511 511
511 511 511 511
511 511 511 511
511 511 511 511
511 511 511 511
511 511 511 511
511 511 511 414
511 511 511 511
511 511 511 511
511 511 511 511
511 511 511 511
511 511 511 511
511 511 511 511
511 511 511 511
329 -89 -253 -231
511 511 511 511
511 511 511 511
511 511 386 103
-78 -128 -125 30
174 390 511 511
511 511 511 511
511 320 -417 -512
-512 -512 -512 -512
511 511 511 511
511 511 441 -58
-512 -512 -512 -512
-512 -512 -512 -512
-512 -512 -508 -297
-106 -15 -110 -409
-512 -512 -512 -512
-512 -512 -512 -512
511 511 511 404
-20 -473 -512 -512
-512 -512 -512 -512
-512 -512 -512 -512
-512 -512 -512 -512
-494 -512 -512 -512
-512 -512 -512 -512
-512 -512 -512 -512
191 10 -186 -512
-512 -512 -512 -512
-512 -512 -512 -512
-512 -512 -512 -512
-360 -50 102 75
-91 -498 -512 -512
-512 -512 -512 -512
-512 -512 -512 -512
-512 -512 -512 -512
-512 -512 -512 -512
-512 -512 -512 -512
-263 121 511 511
511 511 511 511
511 75 -512 -512
-512 -512 -512 -512
-512 -512 -512 -512
-290 -334 -316 -323
-290 -181 -99 5
196 310 487 511
511 511 511 511
511 511 511 511
511 511 367 -512
-512 -512 -512 -512
-512 -512 -512 -512
365 350 389 427
503 511 511 511
511 511 511 511
511 511 511 511
511 511 511 511
511 511 511 216
-512 -512 -512 -512
-512 -512 -512 -512
511 511 511 511
511 511 511 511
511 511 511 511
511 511 511 511
511 511 511 511
511 511 511 511
-512 -512 -512 -512
-512 -512 -512 -512
384 398 447 511
511 511 511 511
511 511 511 511
511 511 511 511
511 511 511 511
511 511 511 511
-512 -512 -512 -512
-512 -512 -512 -512
-465 -451 -408 -345
-255 -38 181 463
511 511 511 511
511 511 511 511
511 511 511 511
511 511 511 511
-512 -512 -512 -512
-512 -512 -512 -512
-512 -512 -512 -512
-512 -512 -512 -512
-114 365 511 511
511 511 511 511
511 511 511 511
511 511 511 511
-512 -512 -512 -512
-512 -512 -512 -512
-512 -512 -512 -512
-512 -512 -512 -512
-448 166 511 511
511 511 511 511
511 511 511 511
511 511 511 511
-512 -512 -512 -512
-512 -512 -512 -512
-512 -512 -512 -512
-512 -512 -512 -512
-512 -276 351 511
511 511 511 511
511 511 511 511
511 511 511 511
511 -512 -512 -512
-512 -512 -512 -512
-512 -512 -512 -512
-512 -512 -512 -512
-512 -512 -53 481
511 511 511 511
511 511 511 511
511 511 511 511
511 511 -56 -512
-512 -512 -512 -512
-512 -512 -512 -512
-512 -512 -512 -512
-512 -469 -139 285
511 511 511 511
511 511 511 511
511 511 511 511
511 511 511 511
10 -310 -340 -241
-48 -50 -141 -226
-385 -481 -512 -512
-512 -374 -115 255
511 511 511 511
511 511 511 511
511 511 511 511
511 511 511 511
511 231 57 -35
