-125 -157 -65 258
511 511 511 511
511 511 511 511
511 511 511 511
-468 -512 -512 -512
-512 -512 -512 -512
-512 -512 -512 -512
-512 -512 -512 -512
511 511 511 511
511 511 511 511
511 511 511 511
511 322 -247 -512
-512 -512 -512 -512
-512 -512 -239 216
511 511 511 511
511 511 511 511
135 205 177 43
-139 -299 -424 -467
-385 -192 99 511
511 511 511 511
511 511 511 511
511 511 511 511
511 511 511 511
511 423 29 -205
260 511 511 511
511 511 511 511
511 511 511 511
511 511 511 511
511 511 511 511
511 511 511 511
511 395 236 109
55 -17 -42 -103
-347 -512 -512 -512
-512 -512 -512 -512
-416 -261 -127 -43
-46 -92 -213 -376
-507 -512 -512 -512
-512 -327 12 485
511 511 511 511
511 511 511 511
-208 -355 -473 -512
-503 -392 -307 -171
-14 164 388 511
511 511 511 511
511 511 511 511
511 511 511 511
511 511 511 511
511 511 511 511
349 511 511 511
511 511 511 511
511 511 511 511
511 511 511 511
511 511 511 511
511 511 511 511
511 511 -33 -512
-512 -512 -512 -512
-297 -512 -512 -512
-512 -346 175 511
511 511 511 511
511 511 511 511
511 511 511 511
-307 -512 -512 -512
-512 -512 -512 -512
-512 -481 -126 29
