0 1 1 0
-1 -1 -1 0
0 1 1 0
-1 -1 -1 0
1 1 1 0
-1 -1 -1 0
1 1 1 0
-1 -1 -1 0
1 1 1 0
-1 -1 -1 -1
1 1 1 0
-1 -1 -1 -1
1 2 1 0
-1 -2 -2 -1
1 2 2 1
-1 -2 -2 -2
1 2 2 0
-1 -2 -3 -2
1 2 2 0
-1 -3 -3 -3
1 2 2 0
-2 -3 -4 -3
1 3 2 1
-2 -4 -5 -4
1 3 2 1
-2 -5 -6 -5
1 3 3 1
-2 -5 -7 -6
1 3 3 1
-2 -6 -8 -7
1 3 3 1
-2 -6 -9 -8
1 3 3 2
-2 -7 -9 -9
1 3 4 2
-2 -7 -10 -10
1 3 4 3
-2 -7 -11 -11
1 3 4 3
-2 -7 -11 -12
1 3 4 3
-1 -7 -11 -12
1 3 5 4
0 -7 -12 -13
0 3 5 4
0 -6 -11 -13
0 3 5 5
1 -5 -11 -13
0 3 5 5
1 -5 -11 -13
0 2 5 6
2 -4 -10 -13
0 2 5 6
3 -3 -9 -12
0 2 5 6
3 -2 -9 -11
0 2 5 6
4 -2 -8 -11
0 2 4 6
4 -1 -7 -10
0 2 4 6
4 -1 -6 -10
0 2 4 6
4 0 -6 -9
