511 511 511 511
511 511 511 511
511 511 511 511
511 511 511 511
511 511 511 420
170 -79 -277 -411
-347 -102 357 511
511 511 511 511
371 259 164 76
-23 -144 -138 -25
273 511 511 511
511 511 511 511
511 511 511 511
511 511 511 511
511 511 511 511
511 511 81 -512
-512 -512 -512 -512
-512 -512 -512 -512
-271 511 511 511
-316 -512 -512 -512
-512 -512 -512 -512
-428 -45 511 511
511 511 511 511
511 511 -512 -512
-512 -512 -512 -512
-512 -512 511 511
511 511 511 511
511 511 -512 -512
-512 -512 -512 -512
-512 -512 -512 -512
106 511 511 511
511 511 511 511
