511 511 511 511
511 511 511 511
511 511 511 511
511 511 511 511
511 511 511 511
511 511 511 511
511 511 511 511
511 511 511 511
511 511 511 511
511 511 511 511
511 511 511 511
511 511 511 511
511 511 511 511
511 511 511 511
511 511 511 511
511 511 511 511
511 511 511 511
511 511 511 511
511 511 511 511
511 511 511 511
511 511 511 511
511 511 511 511
511 511 511 511
511 511 511 511
511 511 511 511
511 511 511 511
511 511 511 511
511 511 511 511
511 511 511 511
511 511 511 299
2 -133 -134 15
511 511 511 511
511 511 511 511
474 202 -159 -512
-512 -512 -512 -512
361 511 511 511
443 448 398 345
173 -88 -430 -512
-512 -512 -512 -346
511 511 511 511
511 511 511 511
491 255 -44 -512
-512 -512 -331 511
511 511 511 511
511 511 511 511
511 511 511 120
-38 6 511 511
511 511 511 511
511 511 511 511
511 511 502 168
59 145 511 511
511 511 511 511
511 511 511 511
511 511 511 259
172 287 511 511
511 511 511 511
511 511 511 511
511 511 511 428
362 511 511 511
511 511 511 511
511 511 511 511
511 511 511 511
511 511 511 511
511 511 511 511
511 511 511 511
511 511 255 117
154 448 511 511
511 511 114 -512
511 511 511 511
201 -512 -512 -512
-512 -372 227 511
511 -509 -512 -512
511 511 511 -150
-512 -512 -512 -512
-512 -329 352 511
286 -512 -512 -512
511 299 -212 -512
-512 -512 -512 -512
-270 511 511 511
511 -512 -512 -512
-439 -512 -512 -512
-512 -512 -458 418
511 511 511 511
511 -512 -512 -512
-355 -452 -378 -360
-211 -22 389 511
511 511 511 511
511 -404 -512 -512
-82 -134 19 125
366 511 511 511
511 511 511 511
511 511 -512 -512
-44 -76 110 261
511 511 511 511
511 511 511 511
511 511 -512 -512
-327 -361 -185 -32
318 511 511 511
511 511 511 511
511 511 -512 -512
-512 -512 -512 -512
-437 98 511 511
511 511 511 511
511 511 -512 -512
-512 -512 -512 -512
-512 -512 330 511
511 511 511 511
511 511 -512 -512
-512 -512 -512 -512
-512 -512 200 511
511 511 511 511
511 511 -512 -512
-512 -512 -512 -512
-512 -512 -405 511
511 511 511 511
511 511 -274 -512
-512 -512 -512 -512
-512 -512 -512 79
511 511 511 511
511 511 511 267
-512 -512 -512 -512
-512 -512 -512 -288
511 511 511 511
511 511 511 511
-493 -512 -512 -512
-512 -512 -512 -411
511 511 511 511
511 511 511 511
