-512 -512 -317 511
511 511 511 439
-512 -512 -512 -512
-512 -512 -512 -512
-512 -512 378 511
511 511 250 -512
-512 -512 -512 -512
-512 -512 -512 -512
511 511 511 511
511 -512 -512 -512
-512 -512 -512 -512
-512 -512 -512 -181
511 511 511 393
-512 -512 -512 -512
-512 -512 -512 -512
-512 -512 -512 -27
511 511 511 258
-512 -512 -512 -512
-512 -512 -512 -481
114 511 511 511
511 511 511 511
511 511 511 511
511 511 511 511
511 261 -116 -319
511 511 511 511
511 511 511 511
511 511 511 214
-512 -512 -512 -512
511 511 511 511
511 511 511 511
391 -22 -512 -512
-512 -512 -512 -512
511 511 511 511
511 511 -137 -512
-512 -512 -512 -512
-512 -512 -512 -512
511 511 511 511
511 120 -512 -512
-512 -512 -512 -512
60 511 511 511
38 336 511 511
511 511 -52 -512
-512 -512 -454 511
511 511 511 511
511 511 511 511
511 511 511 511
511 511 511 511
511 511 511 511
511 511 511 511
511 511 511 511
511 511 511 511
511 511 511 511
511 511 511 511
511 511 511 511
511 511 511 511
511 -512 -512 -512
511 511 511 511
511 511 511 511
511 511 511 -276
-512 -512 -512 -512
511 511 511 511
511 511 511 511
511 -89 -512 -512
-512 -512 511 511
