-512 -512 -512 -142
359 511 511 511
511 511 511 511
408 -214 -512 -512
-512 -512 -512 -512
-512 -512 -512 -512
-512 -512 -512 -512
-512 -512 -512 -512
511 511 511 511
511 511 511 511
511 511 -206 -512
-512 -512 -512 -512
-512 -512 -512 -512
-512 -512 -512 -512
-512 -512 -512 -512
-512 -512 -186 155
511 511 511 511
511 511 511 511
511 511 -91 -512
-512 -512 -512 -512
-512 -512 -512 -512
-512 -512 -512 -512
-512 -465 167 511
511 511 511 511
511 511 511 511
511 511 511 511
511 203 -131 -329
-444 -409 -241 42
390 511 511 511
511 511 511 511
511 511 511 511
511 511 511 511
511 511 511 511
511 511 511 511
511 511 511 511
511 511 511 511
511 511 511 511
511 511 511 511
511 511 511 511
511 511 266 125
511 511 511 511
511 511 511 511
511 511 511 511
511 511 511 511
511 511 511 511
511 511 511 511
511 275 -370 -512
-512 -512 -512 -512
511 511 511 511
511 511 511 511
511 511 511 511
511 511 511 511
511 511 511 511
511 511 337 20
-240 -455 -512 -512
-512 -512 -512 -512
511 511 511 511
511 511 511 511
511 511 511 511
511 511 511 216
-64 -318 -512 -512
-512 -512 -512 -512
-384 -169 107 360
511 511 511 511
-512 -512 -418 -230
-47 146 306 447
511 511 493 417
261 105 -72 -214
-336 -388 -371 -261
-91 164 510 511
511 511 511 511
511 511 511 511
-512 -512 -512 -512
-420 -97 209 489
511 511 511 511
511 511 511 511
511 511 511 511
511 511 511 511
511 511 511 511
511 511 511 511
40 110 266 473
511 511 511 511
511 511 511 511
511 511 511 511
511 511 511 511
511 511 511 511
511 511 511 511
511 511 511 511
511 511 511 511
511 511 511 511
511 511 511 511
511 511 511 511
511 511 511 511
511 511 511 511
511 511 511 154
-139 -361 -502 -512
511 511 511 511
511 511 511 511
511 511 511 511
511 511 511 511
511 511 511 511
511 511 511 511
73 -512 -512 -512
-512 -512 -512 -512
511 511 511 511
511 511 511 511
511 511 511 511
511 511 511 511
511 511 511 511
511 226 -512 -512
-512 -512 -512 -512
-512 -512 -512 -512
454 511 511 511
511 511 511 511
511 511 511 511
511 511 511 511
511 6 -512 -512
-512 -512 -512 -512
-512 -512 -512 -512
-512 -512 -463 -275
-148 -10 221 511
511 511 511 511
511 511 511 511
511 511 511 219
-512 -512 -512 -512
-512 -512 -512 -512
-512 -512 -512 -313
340 511 511 511
