511 511 511 511
511 511 511 511
511 511 511 511
511 511 146 -512
-512 -512 -512 -512
-512 -512 -512 -317
511 511 511 511
511 511 511 511
-512 -512 -512 -512
-512 -512 -512 -512
-512 -512 -512 -512
-512 -512 -512 -512
-512 -512 -512 -512
-512 -512 -467 41
511 511 511 511
511 511 511 511
-512 -512 -512 -512
-512 -512 -512 -512
-162 386 511 511
511 511 64 -479
-512 -512 -512 -512
-512 -512 -512 -512
-512 -512 -49 511
511 511 511 511
-512 -512 -512 -512
-512 -512 -512 -512
-512 -512 -512 -512
-512 -512 -512 -512
-512 -512 -512 -512
-512 -512 -512 -512
-512 -512 -512 -512
-512 -512 -512 -512
