-512 65 -286 -512
-512 -512 -512 53
511 355 -512 -512
-512 -512 -512 511
511 511 -512 -512
-512 -512 511 511
511 511 -512 -512
511 511 511 511
511 511 511 511
511 511 511 -331
511 511 511 511
511 56 -512 -512
511 511 511 511
362 -512 -512 -512
511 511 511 -400
-512 -512 -512 -512
511 511 235 -512
-512 -3 511 511
-459 497 511 106
310 511 511 511
324 511 511 511
511 511 511 511
511 511 511 511
511 511 511 511
511 511 511 511
511 511 -512 -512
511 511 511 511
511 -345 -512 -512
511 511 511 511
197 -512 -512 -512
511 511 511 511
-512 -512 -512 511
