92 224 330 436
511 511 511 511
511 511 511 511
511 511 511 511
511 511 511 511
511 511 511 511
511 511 511 511
511 511 511 511
181 399 511 511
511 511 511 511
511 511 511 511
511 511 511 511
511 511 511 511
511 511 511 511
511 511 511 511
511 511 511 511
215 460 511 511
511 511 511 511
511 511 511 511
511 511 511 511
511 511 511 511
511 511 511 511
511 511 511 511
511 511 511 511
83 173 234 255
259 249 176 112
4 -143 -326 -512
-512 -512 -512 -512
-512 -512 -512 -512
-512 -512 -512 -219
336 511 511 511
511 511 511 511
11 30 19 -37
-92 -134 -249 -316
-425 -512 -512 -512
-512 -512 -512 -512
-512 -512 -512 -512
-512 -512 -57 511
511 511 511 511
511 511 511 511
98 213 277 278
284 322 276 278
242 173 79 2
-88 -144 -119 -48
94 241 511 511
511 511 511 511
511 511 511 511
511 511 511 511
269 511 511 511
511 511 511 511
511 511 511 511
511 492 511 511
511 511 511 511
511 511 511 511
511 511 511 511
511 511 511 511
437 511 511 511
511 511 511 511
511 511 511 511
511 453 511 511
511 511 511 511
511 511 511 511
511 511 511 511
-512 -512 -512 -512
367 511 511 511
511 511 511 465
143 -232 -512 -512
-512 -512 -512 -512
-512 -512 -136 367
511 511 511 511
511 511 -512 -512
-512 -512 -512 -512
-31 -166 -250 -422
-512 -512 -512 -512
-512 -512 -512 -512
-512 -512 -512 -512
-512 -512 27 511
511 511 511 511
511 511 -512 -512
-512 -512 -512 -512
-144 -356 -512 -512
-512 -512 -512 -512
-512 -512 -512 -512
-512 -512 -512 -512
-195 511 511 511
511 511 511 511
511 511 511 -175
-512 -512 -512 -512
-167 -380 -512 -512
-512 -512 -512 -512
-512 -512 -512 -512
-512 -512 -512 -60
511 511 511 511
511 511 511 511
511 511 511 511
116 -512 -512 -512
-225 -506 -512 -512
-512 -512 -512 -512
-512 -512 -512 -512
-512 -512 -512 -512
346 511 511 511
511 511 511 511
511 511 511 511
64 -512 -512 -512
-512 -512 -512 -512
-512 -512 -512 -512
-512 -512 -512 -512
-512 -512 -512 -512
-405 506 511 511
511 511 511 511
511 511 511 511
-512 -512 -512 -512
-390 -512 -512 -512
-512 -512 -512 -512
-512 -512 -512 -512
-512 -512 -512 -512
-512 -512 -512 -158
511 511 511 511
511 511 511 511
511 511 511 511
-68 -131 -203 -347
-485 -512 -512 -512
-512 -512 -512 -512
-512 -512 -512 -512
-512 -512 -512 -512
-66 511 511 511
511 511 511 511
511 511 511 511
