-512 -512 511 -512
-512 -512 511 511
-512 -512 511 -512
-512 -512 511 511
-512 -512 511 -512
-512 -512 511 511
-512 -512 511 -512
-512 -512 511 214
-512 -512 511 -512
-512 -512 511 -416
-512 -512 511 -512
-512 -512 511 -512
-512 -65 511 -512
-512 -512 511 -512
-512 511 511 -512
-512 -512 169 -512
-512 511 511 -512
-512 -512 -260 -512
-512 511 511 -512
-512 -512 -481 -512
-512 511 511 -512
-512 -512 -512 -512
-512 511 511 -512
-512 -512 -512 -512
-512 511 511 -512
-512 -512 -512 -512
-512 511 -145 -512
-512 -144 -512 -512
-512 511 -512 -512
-512 172 -475 -512
-232 511 -512 -512
-512 412 -234 -512
85 150 -512 -512
-512 511 20 -512
257 -489 -512 -512
-512 511 138 -417
259 -512 -512 -512
-512 511 317 112
166 -512 -512 -512
-512 511 511 511
-31 -512 -512 -512
-512 470 511 511
148 -512 -512 -512
-512 324 511 511
465 -512 -512 -512
-512 142 511 511
511 -405 -512 -512
-512 -50 511 511
511 511 -512 -512
-512 -186 511 511
511 511 -512 -512
-512 -181 511 511
511 511 51 -512
-512 -49 511 511
511 511 511 -512
-512 227 511 511
511 511 511 -512
-512 511 511 511
511 511 511 -512
-512 511 511 511
511 511 511 -512
-512 511 511 511
511 511 511 -512
-512 511 511 511
