511 511 511 511
511 511 511 511
511 511 511 511
511 511 511 511
511 511 511 511
511 511 511 511
425 298 265 338
511 511 511 511
511 511 511 511
511 511 294 -128
-317 -307 168 511
511 511 511 511
511 511 511 511
511 511 511 511
448 511 511 511
511 511 511 511
511 511 486 -261
-512 -512 -512 -512
-512 -245 431 511
279 -512 -512 -512
-129 -193 -61 26
260 511 511 511
511 511 511 511
511 511 -512 -512
-512 -512 -512 -512
-512 -512 448 511
511 511 511 511
511 511 -512 -512
-512 -512 -512 -512
-512 -512 -512 -227
511 511 511 511
511 511 511 511
