511 511 -512 511
511 511 -512 511
511 511 -512 511
511 511 -512 139
511 511 -512 -361
511 511 -512 -512
511 29 -512 -512
282 -512 -512 -512
-241 -512 -512 -512
-512 -512 -512 -512
-512 -512 -512 -512
-512 -512 -512 -512
-512 -512 -512 -512
-512 -512 182 -512
-512 -512 511 -512
-512 -512 511 -512
-512 -512 511 -512
-512 -512 511 -512
-512 -512 511 -512
-512 -512 511 -512
-512 -512 511 -512
-512 -512 511 -512
-512 -512 511 -512
-512 -512 511 -512
-512 -512 511 -512
-512 -512 511 -512
-512 -512 511 -512
-512 -512 511 -512
-512 -512 511 -512
-512 -512 511 -512
-512 -512 230 -512
-512 -512 -89 -512
