511 511 511 511
511 511 511 511
511 511 511 511
511 511 511 511
511 511 511 511
511 511 511 511
511 511 511 511
211 511 511 511
511 511 117 -349
-247 511 511 511
511 511 511 511
511 511 511 511
511 511 511 511
511 511 511 511
511 511 511 511
511 511 511 511
511 511 -506 -512
-512 326 -512 -512
310 -512 -512 -512
-511 -332 -512 -512
-511 -501 -20 511
511 511 -512 -512
511 511 511 511
511 511 -512 -512
-40 410 511 511
511 511 -512 -512
-512 -512 290 511
511 511 -512 -512
-512 -512 -432 511
511 511 511 -512
-398 -512 -426 511
511 511 511 449
