511 511 511 511
511 511 511 511
511 511 511 511
511 350 -325 -512
-512 -512 -512 -512
-512 -512 -512 -512
-512 -512 -512 -512
-512 -512 -291 -136
-512 -512 -512 -512
-512 -512 -512 -512
-512 -512 -512 -512
-512 -512 -512 -512
-370 191 511 511
511 511 511 57
-512 -512 -512 -512
-512 -512 -512 -512
-512 -512 -512 -512
-512 -512 -512 -512
-512 -512 -512 -512
-512 246 511 511
511 511 511 511
511 511 511 511
511 511 511 -512
-512 -512 -512 -512
-512 -512 -512 -512
-512 -462 -253 -63
118 268 402 492
511 511 511 495
431 365 291 230
176 156 150 174
215 279 347 421
486 511 511 511
