511 511 511 511
511 511 511 511
511 511 511 511
511 511 511 509
511 511 511 511
511 511 511 511
511 511 511 511
511 511 511 511
511 511 511 511
511 511 511 511
511 511 511 511
511 511 511 511
511 511 511 511
511 511 511 311
176 341 511 511
511 511 511 511
511 511 511 511
270 -14 -302 -512
-375 192 511 511
511 511 511 511
511 511 511 511
511 511 511 511
511 511 511 511
511 511 511 511
511 511 511 511
511 511 511 511
511 511 511 511
511 511 511 511
511 511 511 511
511 511 511 511
511 511 511 511
511 511 511 37
511 511 511 511
-243 -512 -512 -512
-512 -184 249 265
-512 -512 -512 -512
475 -82 -512 -512
-512 -512 -512 -512
-512 -208 -281 -512
-512 -512 -512 -512
-512 -512 -512 -442
-187 139 511 511
511 511 511 -263
-512 -512 -512 -512
511 511 511 511
511 511 511 511
511 511 511 511
-512 -512 -512 -512
-65 -5 284 511
511 511 511 511
511 511 511 511
-512 -512 -512 -512
-512 -512 -512 -512
-143 511 511 511
511 511 511 511
-512 -512 -512 -512
-512 -512 -512 -512
-512 261 511 511
511 511 511 511
511 -512 -512 -512
-327 -434 -512 -512
-512 -43 511 511
511 511 511 511
511 511 487 -29
