0
0
-89
0
0
0
0
0
0
0
0
0
0
0
0
0
0
0
0
0
0
0
0
0
0
0
0
0
0
0
0
0
0
0
0
0
0
0
0
0
0
0
0
0
0
0
0
0
0
0
0
0
-199
0
0
0
0
0
0
0
25
0
0
0
0
0
0
0
0
0
0
145
0
0
0
0
0
0
0
0
0
0
0
0
0
0
0
0
0
0
0
0
0
0
0
0
0
0
0
0
0
0
0
0
0
0
186
0
0
0
0
0
145
0
0
0
0
0
0
0
0
0
0
0
0
0
0
0
0
0
0
0
0
0
0
0
0
0
0
0
0
0
0
0
0
-21
0
0
0
0
0
0
0
0
0
0
0
0
0
0
0
0
0
0
197
-78
0
0
0
0
0
0
0
0
0
0
0
0
0
0
0
0
0
0
0
0
0
-205
0
0
-148
0
0
0
0
0
0
0
0
0
0
-202
0
0
13
0
0
0
0
0
0
0
0
0
0
0
0
0
0
0
0
0
0
0
0
0
0
0
0
0
0
0
0
0
0
0
0
0
-255
-50
0
0
0
0
0
0
0
0
-225
0
0
0
0
0
0
0
