-4 11 8 -5
11 -3 22 4
6 -6 24 -24
-6 19 -31 -39
-51 -1 -15 30
1 -19 7 -5
20 -9 10 18
4 -4 -35 20
10 9 -24 13
-5 14 7 -9
4 -6 19 13
1 -3 9 31
-3 -16 -29 8
8 -46 -27 -11
-13 -25 37 1
27 20 -7 -11
-20 25 5 -3
-14 -25 19 -23
38 5 13 -6
21 24 -12 11
-41 -4 -14 -13
-19 16 9 -11
-16 35 17 13
-23 0 -11 -31
-11 -39 -9 8
18 13 -40 6
13 38 9 33
9 -15 25 4
6 -28 7 -32
-13 -5 -3 3
13 -15 -21 23
39 -15 8 12
-16 -24 15 -5
-13 -47 -29 4
-3 24 11 34
22 26 14 -24
4 -16 -2 -15
-9 17 -24 11
0 46 -9 11
-21 -11 18 4
-35 -28 -4 -32
-11 43 -12 -27
5 25 30 13
9 -6 -11 -20
-18 -3 1 12
15 -29 10 7
32 -15 20 -17
17 27 -1 -3
-8 -1 -33 -6
-23 -43 13 3
6 -29 3 28
23 -3 -12 43
5 10 -15 24
-5 -4 -26 -29
-4 11 31 15
-6 15 3 12
-9 -2 -39 -5
1 -4 11 7
16 -2 19 -46
-14 17 -14 -17
-43 21 15 -1
1 1 39 -25
18 -3 22 1
26 1 -27 -8
