-512 -512 511 511
481 -512 -512 -512
-512 485 511 511
-512 -512 -512 -512
511 511 511 231
-512 -512 -512 -512
511 511 511 -512
-512 -512 -512 -512
511 511 511 -512
-512 -512 14 511
511 511 511 511
511 511 511 343
511 511 511 511
511 511 91 -512
511 511 511 511
511 320 -512 -512
511 511 511 511
-334 -512 -512 -512
293 511 511 -102
-512 -512 151 511
-357 442 511 -160
-512 -512 511 511
425 511 511 511
447 511 511 511
511 511 511 511
511 511 511 511
511 511 511 511
511 511 511 -512
511 511 511 511
511 511 -48 -512
-499 511 511 511
511 -458 -512 511
