0
0
0
0
0
0
0
0
165
0
0
0
0
-215
0
0
0
0
0
0
0
0
0
0
0
0
0
0
0
0
0
0
0
0
0
0
0
0
0
0
0
0
0
0
0
0
0
0
0
0
0
0
0
0
84
0
0
0
0
0
0
129
0
0
0
0
0
0
0
0
0
0
0
0
0
0
0
0
0
0
155
0
0
0
0
82
0
0
0
0
0
0
0
0
0
0
0
0
0
0
0
0
0
0
0
0
0
0
0
0
0
0
0
0
0
0
0
0
0
0
0
0
0
0
0
0
0
0
0
0
0
0
0
0
0
0
0
0
0
0
0
0
0
0
0
0
0
0
0
0
0
0
0
0
0
-112
0
0
0
0
0
0
0
0
0
0
0
90
0
0
0
0
0
-33
0
0
0
0
0
0
-27
0
0
0
0
0
0
182
0
0
0
0
-175
0
0
0
0
0
0
0
0
0
0
0
0
0
-150
0
0
0
0
0
0
0
184
0
0
-77
0
0
0
0
0
0
0
0
0
0
0
0
0
0
0
0
0
0
0
0
0
0
0
242
0
0
0
0
0
0
0
0
0
0
0
0
0
0
