19 18 -23 -1
5 13 6 -4
13 -8 -1 13
10 -1 -9 11
-1 -1 -4 7
17 -27 -1 16
18 -2 -5 23
5 24 -6 25
9 14 -33 15
-10 18 -2 -41
12 -24 -16 0
-21 -41 -35 -7
-15 0 -34 19
12 -38 -19 -18
26 -11 -15 2
-15 38 -14 7
-8 30 -10 18
21 -3 18 7
26 -9 -2 13
-11 7 -42 15
3 -1 -37 22
-34 -9 -3 -34
34 -25 -22 21
8 13 10 6
8 23 -3 24
42 1 26 21
44 13 -2 19
-2 45 -16 3
-8 20 -33 -25
-11 -14 -16 -11
-17 -22 9 1
10 -5 -21 37
14 -20 3 40
4 6 1 -8
24 -9 -26 4
-19 -33 -7 -32
12 0 -22 -35
7 -4 -12 -25
-14 6 4 17
-3 5 -4 36
-6 23 -8 12
15 2 -6 22
-4 -17 7 -27
-3 -26 -35 -13
12 -18 -2 2
-13 -7 8 -6
19 1 -12 41
19 23 29 20
13 29 -8 4
14 22 24 0
22 7 4 10
-1 12 -14 6
-27 4 -23 20
-9 -35 -23 1
10 -22 -6 -22
-1 21 -7 -7
0 -4 8 6
7 8 20 -17
12 4 -9 30
-16 -5 -16 11
-14 2 -22 14
-7 -18 -24 -18
5 -13 -9 -29
-18 0 -10 -18
