511 511 511 511
511 511 511 511
511 511 511 511
511 511 511 511
511 511 511 511
511 511 511 511
511 511 511 511
511 511 511 511
511 511 511 511
511 511 511 511
479 96 -304 -256
511 511 511 511
-512 -512 -512 -512
-202 511 511 511
-512 -512 -512 -512
-300 511 511 511
-512 -512 -512 -512
371 511 511 511
-488 -512 -512 -76
511 511 511 511
403 137 177 511
511 511 511 456
511 511 511 511
511 511 511 -512
511 511 511 511
511 511 511 -512
511 511 407 511
511 511 511 -512
-183 -452 -360 422
511 511 194 -512
-512 -512 -512 -512
511 511 -512 -512
-512 -512 -512 -512
419 511 -512 -512
-512 -512 -512 -512
511 511 -512 -512
-512 -512 -512 -512
511 511 -394 -512
-512 -512 -512 -378
511 511 511 -512
-512 -512 -512 511
511 511 511 -512
-512 -512 -512 511
511 511 511 -512
-512 -512 -179 511
511 511 511 -481
-512 -512 -94 511
511 511 511 159
-512 -512 -512 511
511 511 511 511
-512 -512 -512 -512
152 511 511 511
-512 -512 -512 -512
-512 -446 511 511
-512 -512 -512 -512
-512 -512 511 511
-512 -512 -512 -512
-512 -512 511 511
-55 -502 -512 -512
-512 -452 511 511
314 -99 -512 -512
-512 -28 511 511
300 46 -395 -512
-512 43 511 511
