8 -1 23 15
12 -28 -19 -12
18 -1 -1 5
11 3 15 11
32 28 10 14
-4 -5 -15 -27
-2 8 -8 6
-16 -10 -16 10
-24 18 31 39
5 -8 -22 22
-40 -16 5 15
2 -16 -23 21
-17 -6 20 16
16 -6 -21 -33
-8 -28 -6 -3
26 18 23 -2
-11 -15 13 -2
7 -2 6 -18
-7 -3 13 0
-10 -22 -8 0
0 9 0 -13
-30 6 32 35
42 35 -13 -17
-36 8 15 -1
32 23 -31 -41
-44 22 25 -12
17 12 -18 -17
0 28 20 7
-28 -21 -12 -23
12 18 8 -1
-22 -30 -15 -16
34 8 -14 -25
-14 -30 -19 -19
37 38 24 -14
3 -24 -34 -20
19 21 12 -5
-1 5 -4 -2
-15 -9 -13 -4
-7 -1 -15 3
-23 -14 7 67
11 22 5 8
-33 -19 0 33
35 8 -24 -14
-27 -16 1 7
28 0 -11 -11
3 12 26 0
8 -15 -5 -3
26 1 2 -6
-21 -23 2 -6
21 -9 -17 -18
-5 -2 5 10
36 14 -9 -12
0 -1 -21 -13
6 29 10 -6
20 35 5 11
-5 5 -29 -41
-17 7 2 7
-16 4 4 27
-17 17 41 36
-6 -23 -20 14
-18 -7 29 15
-14 -35 -15 -6
4 -6 31 18
5 -14 12 -9
