121 269 349 415
448 511 511 511
511 511 511 511
511 511 511 511
275 511 511 511
511 511 511 511
511 511 511 511
511 511 511 511
305 511 511 511
319 84 -90 -67
280 511 511 511
511 511 511 511
-6 -108 -386 -512
-512 -512 -512 -512
-512 -512 -320 511
511 511 511 511
-119 -329 -512 -512
-512 -512 -512 -512
-512 -443 511 511
511 511 511 511
104 94 -108 -339
-512 -512 -512 -92
511 511 511 511
511 511 511 90
381 511 499 261
-17 -249 -71 511
511 511 511 511
511 511 -512 -512
33 -86 -253 -512
-512 -512 -512 -442
511 511 511 511
511 -512 -512 -512
-244 -512 -512 -512
-512 -512 -512 -512
-512 209 511 511
511 -512 -512 -512
-512 -512 -512 -512
-512 -512 -512 -512
-512 390 511 511
511 -512 -512 -512
-512 -512 -512 -512
-512 -512 -512 -512
511 511 511 511
511 511 -512 -512
-512 -512 -512 -512
-512 -512 -512 -363
511 511 511 511
511 511 511 -308
-512 -512 -512 -512
-512 -512 -512 -512
-224 511 511 511
511 511 511 511
-512 -512 -512 -512
-512 -512 -512 -512
-512 -512 -512 -512
-512 511 511 511
52 123 18 -201
-512 -512 -512 -512
-512 -512 -512 -512
-437 511 511 511
255 491 511 405
50 -419 -512 -512
-512 -512 -512 -512
452 511 511 511
