-512 -512 511 -397
-512 -512 -390 -59
-512 -512 511 -337
-512 -512 -442 -302
-512 -512 511 -196
-512 -512 -512 -512
-512 -512 511 8
-512 -512 -512 -512
-512 -512 511 259
-512 -512 -512 -512
-512 -512 511 511
-512 -512 -512 -512
-512 -512 511 511
-512 -512 -512 -512
-512 -512 511 511
-512 -512 -512 -512
-512 -36 511 511
-512 -512 -512 -512
-512 511 511 511
-512 -512 -512 -512
-512 511 511 96
-512 -512 -512 -512
-512 511 511 -512
-512 -512 -512 -512
444 511 511 -512
-512 -512 -512 -512
511 511 511 -512
-512 -512 -512 -512
511 511 511 -512
-512 -512 -512 -512
511 511 511 -512
-512 -512 -512 -512
511 511 -366 -512
-512 -512 -512 -512
511 511 -512 -512
-512 -512 -512 -3
511 511 -512 -512
-512 -512 -512 511
511 511 -512 -512
-512 -512 -512 511
511 511 -161 -512
-512 -512 -496 511
511 511 511 -469
-512 -512 27 511
511 511 511 511
-122 -512 511 511
511 511 511 511
496 -512 511 511
511 511 511 511
511 -12 511 511
511 511 511 511
511 264 511 511
511 511 511 511
511 511 511 511
511 511 511 511
511 511 511 511
511 511 511 511
511 511 511 511
511 511 511 511
511 511 511 511
511 511 511 511
511 511 511 511
444 511 511 511
511 511 511 511
