511 511 511 511
511 511 511 482
511 511 511 511
511 511 511 511
511 511 511 511
511 511 511 511
511 511 511 511
511 511 511 511
511 511 511 511
511 511 511 511
511 511 511 511
511 511 511 511
511 511 511 511
511 511 511 511
511 511 511 497
157 511 511 511
511 511 304 -276
-337 511 511 511
511 511 163 -263
-116 511 511 511
511 511 511 482
511 511 511 511
511 511 511 511
511 511 511 511
511 511 511 511
511 511 511 511
511 511 511 511
511 511 511 511
511 511 511 511
511 511 511 511
511 511 511 511
511 511 511 283
511 511 511 -112
309 511 511 -512
511 511 -512 -512
-512 -2 -512 -512
511 -512 -512 -512
-512 -469 -512 -512
31 -512 -512 -512
-186 -217 -512 -512
-512 -512 -512 12
511 431 -512 -512
-273 -170 372 511
511 511 -512 -512
372 511 511 511
511 511 -512 -512
511 511 511 511
511 511 -512 -512
396 511 511 511
511 511 -512 -512
-427 2 511 511
511 511 -512 -512
-512 -512 423 511
511 511 -512 -512
-512 -512 221 511
511 511 -512 -512
-512 -512 -232 511
511 511 145 -512
-512 -512 -497 511
511 511 511 -512
-512 -512 -460 511
511 511 511 -82
-132 -477 -376 511
511 511 511 511
