-443 -512 -512 -512
-512 -512 -512 -512
-512 -512 -512 -401
353 511 511 511
511 511 511 511
511 511 511 511
511 511 511 511
511 511 511 511
-284 -512 -512 -512
-512 -512 -512 -512
-512 -512 -512 -512
-512 -512 -512 -512
-512 -512 -512 216
511 511 511 511
511 511 511 511
511 511 511 511
-512 -512 -512 -512
-512 -512 -512 -512
-512 -512 -512 -512
-512 -512 -512 -512
-512 -512 -512 -512
-512 -512 -512 -512
-512 -512 -253 -187
-354 -512 -512 -512
-16 -81 -200 -451
-512 -512 -512 -512
-512 -512 -512 -512
-512 -512 -512 -512
-512 -512 -512 -512
-339 201 511 511
511 511 511 511
511 511 511 511
80 168 113 -12
-182 -271 -426 -382
-262 -80 139 329
388 407 269 38
-191 -512 -512 -512
-512 -512 -512 -301
511 511 511 511
511 511 511 511
218 342 316 137
-167 -505 -512 -512
-512 -512 -512 -28
511 511 511 511
511 511 511 511
511 511 511 511
511 511 511 511
511 511 511 511
511 511 511 511
511 511 511 511
511 511 234 -512
-512 -512 -512 -512
-512 -436 511 511
511 511 511 511
511 511 511 511
511 511 511 511
455 511 511 511
511 511 511 511
511 511 511 511
511 511 511 511
511 -122 -512 -512
-512 -512 -415 220
511 511 511 511
511 511 511 511
