511 511 511 511
511 511 511 511
511 511 511 511
511 511 511 511
511 511 511 511
511 511 511 511
511 511 511 511
511 511 511 511
511 511 511 511
511 511 511 511
511 511 511 511
511 511 511 511
511 511 511 511
511 511 511 511
511 511 511 511
511 511 511 511
511 511 511 511
511 511 511 511
511 511 511 511
511 511 511 511
511 511 511 511
511 511 511 511
511 511 511 511
511 511 511 511
511 511 511 511
511 511 511 511
511 511 511 511
511 511 511 511
511 511 511 511
511 511 511 511
511 511 511 511
511 511 511 511
511 511 511 511
511 511 511 511
511 511 511 511
511 511 511 511
511 511 511 511
511 511 511 511
511 511 511 511
511 511 511 511
511 511 511 511
511 511 511 511
511 511 511 431
311 226 168 156
175 246 370 511
511 511 511 511
511 511 511 511
511 511 511 511
486 455 402 330
228 133 4 -91
-221 -330 -475 -512
-512 -512 -512 -512
-512 -512 -512 -424
-186 103 470 511
511 511 511 511
511 511 511 511
-209 -242 -290 -351
-443 -512 -512 -512
-512 -512 -512 -512
-512 -512 -512 -512
-512 -512 -512 -512
-505 -146 313 511
511 511 511 511
511 511 511 511
-370 -404 -445 -497
-512 -512 -512 -512
-512 -512 -512 -512
-512 -512 -512 -512
-512 -512 -512 -512
-212 207 511 511
511 511 511 511
511 511 511 511
24 -12 -50 -96
-163 -208 -273 -299
-362 -409 -486 -512
-512 -512 -512 -436
-331 -169 61 360
511 511 511 511
511 511 511 511
511 511 511 511
511 511 511 511
511 511 503 478
427 386 330 315
285 344 445 511
511 511 511 511
511 511 511 511
511 511 511 511
511 511 511 511
511 511 511 511
511 511 511 511
511 511 511 511
511 511 511 511
511 511 511 511
511 511 511 511
511 511 511 511
511 511 511 511
511 511 511 511
511 511 511 511
511 511 511 511
511 511 511 511
511 511 511 511
511 511 511 511
511 511 511 511
511 511 511 511
511 511 511 511
511 511 511 511
511 511 511 511
511 511 511 511
511 511 511 511
511 511 511 511
511 511 511 511
511 322 -512 -512
511 511 511 511
511 511 511 511
511 511 511 511
511 511 511 511
511 511 511 511
511 511 511 511
511 511 511 511
-498 -512 -512 -512
511 511 511 511
511 511 511 511
355 105 -75 -199
-196 -89 139 395
511 511 511 511
511 511 511 511
511 511 178 -512
-512 -512 -512 -512
511 511 511 494
272 -9 -278 -512
-512 -512 -512 -512
-512 -512 -512 -512
-235 136 511 511
511 511 511 511
511 -55 -512 -512
-512 -512 -512 -512
-263 -337 -488 -512
-512 -512 -512 -512
-512 -512 -512 -512
-512 -512 -512 -512
-512 -248 162 484
511 511 511 511
188 -512 -512 -512
-512 -512 -512 -512
-512 -512 -512 -512
-512 -512 -512 -512
-512 -512 -512 -512
-512 -512 -512 -512
-142 279 511 511
511 511 511 511
381 -512 -512 -512
-512 -512 -512 -512
-512 -512 -512 -512
-512 -512 -512 -512
-512 -512 -512 -512
-512 -512 -512 -297
184 511 511 511
511 511 511 511
511 18 -512 -512
-512 -512 -512 -512
-512 -512 -512 -512
-512 -512 -512 -512
-512 -512 -512 -512
-512 -346 147 511
511 511 511 511
511 511 511 511
511 511 -278 -512
-512 -512 -512 -512
-512 -512 -512 -512
-512 -512 -512 -512
-512 -512 -420 -213
104 511 511 511
511 511 511 511
511 511 511 511
511 511 511 -512
-512 -512 -512 -512
-512 -512 -512 -512
-512 -512 -512 -510
-363 -236 40 313
511 511 511 511
511 511 511 511
511 511 511 511
511 511 511 457
-512 -512 -512 -512
-512 -512 -512 -512
-512 -512 -512 -512
-392 -233 89 414
511 511 511 511
511 511 511 511
511 511 511 511
511 511 511 511
-512 -512 -512 -512
-512 -512 -512 -512
-512 -512 -512 -512
-512 -512 -297 84
511 511 511 511
511 511 511 511
511 511 511 511
511 511 511 511
-512 -512 -512 -512
-512 -512 -512 -512
-512 -512 -512 -512
-512 -512 -512 -270
249 511 511 511
511 511 511 511
511 511 511 511
511 511 511 397
-512 -512 -512 -512
-512 -512 -512 -512
-512 -512 -512 -512
-512 -512 -512 -462
70 511 511 511
511 511 511 511
511 511 511 511
511 511 511 62
-512 -512 -512 -512
-512 -512 -512 -512
-512 -512 -512 -512
-512 -512 -512 -512
-471 80 511 511
511 511 511 511
511 511 511 511
511 511 511 331
-512 -512 -512 -512
-512 -512 -512 -512
-512 -512 -512 -512
-512 -512 -512 -512
-512 -512 -294 191
511 511 511 511
511 511 511 511
511 511 511 511
511 272 -119 -356
-512 -512 -512 -512
-512 -512 -512 -512
-512 -512 -512 -512
-512 -512 -512 -436
11 511 511 511
511 511 511 511
511 511 511 511
511 511 511 511
-512 -512 -512 -512
-512 -512 -512 -512
-512 -512 -512 -512
-512 -512 -512 -512
-317 199 511 511
511 511 511 511
511 511 511 511
511 511 511 511
-512 -512 -512 -512
-512 -512 -512 -512
-512 -512 -512 -512
-512 -512 -512 -512
-438 68 511 511
511 511 511 511
511 511 511 511
511 511 511 511
