0 0 0 0
0 0 0 0
0 0 1 1
1 1 1 1
0 0 0 0
0 0 0 0
0 1 1 1
2 2 2 2
0 0 0 0
0 0 0 0
0 1 1 2
2 2 2 3
0 0 0 0
0 0 0 0
0 1 1 2
2 3 3 3
1 1 1 0
0 0 0 0
0 0 1 2
2 3 3 3
1 1 1 0
0 -1 -1 -1
-1 -1 0 1
1 2 2 2
1 1 1 0
0 -1 -2 -2
-2 -2 -2 -1
0 0 1 1
1 1 1 0
-1 -1 -2 -3
-4 -4 -4 -3
-3 -2 -2 -1
1 1 1 1
0 -1 -3 -4
-5 -5 -6 -6
-6 -5 -5 -4
2 2 2 1
0 -1 -2 -4
-5 -7 -8 -9
-9 -8 -8 -7
2 2 2 2
1 0 -2 -3
-5 -7 -9 -10
-11 -11 -10 -10
2 2 3 3
2 1 0 -2
-4 -7 -9 -11
-12 -12 -12 -12
2 2 3 3
3 2 1 -1
-3 -6 -8 -11
-12 -13 -13 -13
2 2 3 4
4 3 2 1
-2 -4 -7 -9
-12 -13 -14 -14
2 3 3 4
4 4 3 2
0 -3 -5 -8
-10 -12 -13 -13
2 2 3 4
4 4 3 2
0 -2 -4 -7
-9 -11 -12 -12
