-512 -512 -512 -512
-512 -512 -177 -512
-512 -512 -512 -512
-463 511 511 511
-512 -512 -512 -512
511 511 511 241
-512 -512 -512 -512
-228 511 511 289
-512 -512 -512 511
511 511 511 -109
-512 -512 -512 -512
140 -484 -512 -512
-512 -512 183 511
511 511 247 -512
-512 -512 -512 -512
-512 -512 -512 -512
-512 -486 511 511
305 -512 -512 -512
-512 -512 -512 -512
-465 -512 -512 -512
-512 -241 -10 -478
-512 -512 -512 -512
-512 -512 -512 -512
-512 -512 27 511
511 511 511 511
511 -173 -512 -512
-512 -512 -512 -512
-512 314 511 511
511 511 511 511
511 511 286 -512
-512 -512 -512 11
511 511 511 511
