-512 -512 -512 -512
-512 -512 -512 -389
119 511 511 511
511 511 511 511
511 511 511 -133
-512 -512 -512 -512
-512 -512 -512 -512
-512 -512 -512 -512
-502 -512 -512 -512
-512 -406 163 511
511 511 511 511
511 511 511 511
511 -129 -512 -512
-512 -512 -512 -512
-512 -512 -512 -512
-512 -512 -512 -512
259 511 511 511
511 511 511 511
511 511 511 511
511 511 511 -512
-512 -512 -512 -512
-512 -512 -512 -512
-512 -512 -512 -512
-512 -512 -512 -512
477 511 511 511
511 511 511 511
511 511 511 511
511 -187 -512 -512
-512 -512 -512 -512
-512 -512 -512 -512
-512 -512 -512 -512
-512 -512 -512 -512
511 511 511 511
511 511 511 511
511 511 511 212
-380 -512 -512 -512
-512 -512 -512 -512
-512 -512 -512 -512
-512 -314 82 511
511 511 511 511
489 511 511 511
511 511 511 511
511 511 511 511
511 511 511 511
511 511 511 511
511 511 511 511
511 511 511 511
511 479 365 274
511 511 511 511
511 511 511 511
511 511 511 511
511 511 511 511
511 511 511 511
511 511 511 511
511 511 -38 -512
-512 -512 -512 -512
511 511 511 511
511 511 511 511
511 511 511 511
511 511 511 511
511 511 511 511
511 511 343 -68
-427 -512 -512 -512
-512 -512 -512 -512
511 511 511 511
511 511 511 511
511 511 511 511
511 511 511 511
511 119 -312 -512
-512 -512 -512 -512
-512 -512 -512 -512
-512 -512 -512 -512
32 109 188 317
475 511 511 511
511 511 511 511
511 511 48 -490
-512 -512 -512 -512
-512 -512 -512 -512
-512 -366 284 511
511 511 511 511
-218 -340 -421 -390
-263 -12 222 511
511 511 511 511
511 422 -19 -511
-512 -512 -512 -512
-512 -512 -512 -158
511 511 511 511
511 511 511 511
30 141 253 411
511 511 511 511
511 511 511 511
511 511 511 511
428 331 421 511
511 511 511 511
511 511 511 511
511 511 511 511
415 511 511 511
511 511 511 511
511 511 511 511
511 511 511 511
511 511 511 511
511 511 511 511
511 511 511 511
511 511 511 511
495 511 511 511
511 511 511 511
511 511 511 511
511 511 511 511
511 511 511 511
511 511 511 511
511 511 511 228
-504 -512 -512 -512
176 370 511 511
511 511 511 511
511 511 511 511
511 511 511 511
511 511 511 511
511 511 511 511
511 290 -126 -416
-512 -512 -512 -512
-259 -421 -512 -445
-211 293 511 511
511 511 511 511
511 511 511 511
511 511 511 511
511 377 -512 -512
-512 -512 -512 146
511 511 511 511
