104 231 329 394
463 511 511 511
511 511 511 511
511 511 511 511
511 511 511 511
511 511 511 511
511 511 511 511
511 511 511 511
95 183 240 228
203 160 50 -52
-194 -367 -512 -512
-512 -512 -512 -512
-512 -512 -485 -128
301 511 511 511
511 511 511 511
511 511 511 511
-13 -47 -106 -255
-391 -512 -512 -512
-512 -512 -512 -512
-512 -512 -512 -512
-512 -446 92 511
511 511 511 511
511 511 511 511
511 511 511 511
236 405 511 511
511 453 363 224
53 -136 -339 -439
-423 -319 84 511
511 511 511 511
511 511 511 511
511 511 511 511
-512 -512 -512 -512
-133 -360 -512 -512
-512 -512 -512 -512
-512 -512 -512 -512
-512 -512 -512 -512
-512 -512 -278 438
511 511 511 511
511 511 -512 -512
-512 -512 -512 -512
-284 -512 -512 -512
-512 -512 -512 -512
-512 -512 -512 -512
-512 -512 -512 -512
54 511 511 511
511 511 511 511
511 511 511 511
511 -512 -512 -512
-512 -512 -512 -512
-512 -512 -512 -512
-512 -512 -512 -512
-512 -512 -512 -512
-512 -475 10 501
511 511 511 511
511 511 511 511
511 511 511 511
26 83 118 127
120 88 -67 -209
-418 -512 -512 -512
-512 -512 -512 -512
-512 -512 -512 -512
-512 -512 -512 -512
-512 101 511 511
511 511 511 511
