-53 9 76 267
511 511 511 511
511 511 511 511
511 511 511 413
-371 -512 -512 -512
-512 -512 -512 -512
-33 511 511 511
511 511 511 511
-387 -512 -512 -512
-512 -512 -512 -512
-512 -512 -512 -512
-512 -512 -512 -512
-512 -512 -512 -512
-512 -512 -512 -512
-512 -512 -512 -310
-141 21 87 182
-512 -512 -512 -512
-512 -512 -512 -512
-512 -512 -263 511
511 511 511 511
511 216 -512 -512
-512 -512 -512 -512
-512 -512 -512 -512
-512 -512 -273 -61
60 94 137 172
180 137 120 58
-16 -101 -203 -329
-434 -512 -512 -512
-512 -512 -512 -512
-512 -512 -512 -512
-512 -512 -512 -512
-512 -512 -512 -512
