511 511 -512 310
511 511 -512 6
511 511 -512 -489
511 511 -512 -512
511 489 -512 -512
511 -512 -512 -512
-413 -512 -512 -512
-512 -512 -512 -512
-512 -512 -512 -512
-512 -512 -435 -512
-512 -512 511 -512
-512 -512 511 -512
-512 -512 511 -512
-512 -512 511 -512
-512 -512 511 -512
-512 -512 511 -512
-512 -512 511 -512
-512 -512 511 -512
-512 -512 511 -512
-512 -512 511 -512
-512 -452 511 -512
-512 -126 511 -447
-512 193 511 -74
-512 401 511 199
-512 508 511 385
-512 511 2 480
-512 511 -512 511
-512 448 -512 511
-512 361 -512 463
-502 265 -512 363
-361 171 -512 245
-198 72 -512 125
