511 450 174 -215
-512 -512 -512 -512
-512 -512 -512 -512
-512 -512 -512 -512
-512 -512 -512 -512
-512 -512 -512 -33
511 511 511 511
511 511 511 511
-512 -512 -512 -512
-512 -23 511 511
511 511 511 511
511 511 511 511
511 235 -512 -512
-512 -512 -512 -512
-512 -512 -512 -512
-512 -492 -175 19
-35 -32 -10 23
81 144 253 355
501 511 511 511
511 511 511 511
511 511 511 511
511 511 511 511
511 477 113 -193
-477 -512 -512 -512
511 511 511 511
511 511 511 511
511 511 511 511
511 511 511 511
511 511 511 511
511 511 511 511
511 511 -254 -512
-512 -512 -512 -512
