-512 -512 -226 223
-45 -512 -512 -512
-512 -512 -512 -512
-512 -512 17 475
511 511 511 -327
-512 -512 -512 -512
-512 -512 -512 -512
-512 511 511 511
511 511 511 -4
-512 -512 -512 -512
-512 -512 -512 -512
511 511 511 511
511 511 511 511
-512 -512 -512 -512
346 511 511 511
511 511 511 511
511 511 511 511
511 511 511 511
511 511 511 511
511 -6 -346 -313
511 511 511 511
511 511 511 511
511 511 321 -512
-512 -512 -512 -512
511 511 511 511
511 511 511 511
511 -489 -512 -512
-512 -512 -512 -512
511 511 511 511
511 511 -138 -512
-512 -512 -512 -512
-512 -512 -512 -294
511 511 511 511
450 -145 -512 -512
-512 -512 -139 511
511 511 511 511
-512 -182 298 511
511 511 166 -50
170 511 511 511
511 511 511 511
208 511 511 511
511 511 511 511
511 511 511 511
511 511 511 511
511 511 511 511
511 511 511 511
511 511 511 511
511 511 511 511
511 511 511 511
511 511 511 511
511 511 511 99
-512 -512 -512 -512
511 511 511 511
511 511 511 511
511 511 -9 -512
-512 -512 -512 -512
511 511 511 511
511 511 511 511
511 -512 -512 -512
-512 -512 -512 -512
511 511 511 511
511 511 511 511
-512 -512 -512 -512
-512 482 511 511
