-501 -73 511 511
511 511 511 511
511 511 511 159
-403 -434 -298 -114
-406 -315 47 511
511 511 511 511
511 511 511 511
511 359 -229 -287
-512 -512 -512 -512
-512 279 511 511
511 511 511 511
511 511 -119 -386
-512 -512 -512 -512
-512 -512 -512 -193
511 511 511 511
511 511 511 101
-512 -512 -512 -512
-512 -512 -512 -512
-451 511 511 511
511 511 511 411
-512 -512 -512 -512
-512 -512 -512 64
511 511 511 511
511 511 511 425
-66 -483 -512 -512
-512 -495 434 511
511 511 511 511
511 511 511 511
511 511 511 440
109 286 511 511
511 511 511 511
511 511 511 511
511 511 511 511
511 511 511 511
471 511 511 511
511 511 511 511
511 511 511 511
511 511 511 511
-49 -512 -512 -445
511 511 511 511
511 511 511 511
511 511 511 511
511 394 -512 -512
-512 -512 -512 -512
511 511 511 511
-512 -512 -374 511
511 511 511 -512
-512 -512 -512 -512
511 511 511 511
-512 -512 -512 -512
-118 511 511 511
26 -512 -512 -512
511 511 511 511
511 -512 -512 -512
-512 -512 343 511
511 407 -348 -512
511 511 511 511
511 454 -512 -512
-512 -512 -512 53
511 511 511 470
511 511 511 511
511 511 -355 -512
-512 -512 -512 -512
111 511 511 322
