511 511 511 511
511 511 511 511
511 511 511 511
511 511 511 511
511 511 511 511
511 511 511 511
511 511 511 511
511 511 511 511
511 511 511 511
511 511 511 511
511 511 511 511
511 511 511 511
511 511 511 511
511 511 511 511
511 511 511 511
511 511 511 511
511 511 511 511
511 511 511 511
511 511 511 511
511 511 511 511
511 511 511 511
511 511 511 511
511 511 511 511
511 511 511 511
511 511 511 511
511 511 511 511
511 511 511 511
511 511 511 511
511 511 511 511
511 511 511 511
511 511 511 511
511 511 511 511
511 511 511 511
511 511 511 511
511 511 511 511
511 511 511 511
511 511 511 511
511 511 511 511
511 511 511 511
511 511 511 511
511 511 450 356
249 141 20 -72
-175 -255 -327 -359
-375 -309 -186 -17
188 448 511 511
511 511 511 511
511 511 511 511
511 511 511 511
-464 -512 -512 -512
-512 -512 -512 -512
-512 -512 -512 -512
-512 -512 -512 -512
-512 -381 -42 326
511 511 511 511
511 511 511 511
511 511 511 511
-512 -512 -512 -512
-512 -512 -512 -512
-512 -512 -512 -512
-512 -512 -512 -512
-512 -500 -122 289
511 511 511 511
511 511 511 511
511 511 511 511
-512 -512 -512 -512
-512 -512 -512 -512
-512 -512 -512 -512
-512 -512 -512 -512
-219 149 511 511
511 511 511 511
511 511 511 511
511 511 511 458
-396 -453 -510 -512
-512 -512 -512 -512
-512 -512 -512 -512
-472 -221 107 466
511 511 511 511
511 511 511 511
511 511 511 511
511 511 511 240
502 440 374 286
225 162 132 117
123 133 209 326
498 511 511 511
511 511 511 511
511 511 511 511
511 511 511 511
511 511 3 -512
511 511 511 511
511 511 511 511
511 511 511 511
511 511 511 511
511 511 511 511
511 511 511 511
511 511 511 511
511 -407 -512 -512
511 511 511 511
511 511 511 511
511 511 511 511
511 511 511 511
511 511 511 511
511 511 511 511
511 511 511 511
-452 -512 -512 -512
511 511 511 511
511 511 511 437
402 341 409 507
511 511 511 511
511 511 511 511
511 511 511 511
511 511 511 -512
-512 -512 -512 -512
-118 -157 -219 -312
-320 -377 -369 -422
-405 -445 -365 -285
-70 240 511 511
511 511 511 511
511 511 511 511
511 511 -512 -512
-512 -512 -512 -512
-512 -512 -512 -512
-512 -512 -512 -512
-512 -512 -512 -512
-512 -512 -512 -332
94 511 511 511
511 511 511 511
511 -375 -512 -512
-512 -512 -512 -512
-512 -512 -512 -512
-512 -512 -512 -512
-512 -512 -512 -512
-512 -512 -512 -512
-243 217 511 511
511 511 511 511
511 -512 -512 -512
-512 -512 -512 -512
-512 -512 -512 -512
-512 -512 -512 -512
-512 -512 -512 -512
-512 -512 -512 -512
-209 330 511 511
511 511 511 511
511 -137 -512 -512
-512 -512 -512 -512
-512 -512 -512 -512
-512 -512 -512 -512
-512 -512 -512 -512
-512 -512 -512 -512
45 511 511 511
511 511 511 511
511 491 -512 -512
-512 -512 -512 -512
-512 -512 -512 -512
-512 -512 -512 -512
-512 -512 -512 -512
-512 -512 8 511
511 511 511 511
511 511 511 511
511 511 498 -512
-512 -512 -512 -512
-512 -512 -512 -512
-512 -512 -512 -512
-512 -512 -512 -512
-277 418 511 511
511 511 511 511
511 511 511 511
511 511 511 413
-512 -512 -512 -512
-512 -512 -512 -512
-512 -512 -512 -512
-512 -512 -512 -31
511 511 511 511
511 511 511 511
511 511 511 511
511 511 511 511
57 -512 -512 -512
-512 -512 -512 -512
-512 -512 -512 -512
-512 -512 84 511
511 511 511 511
511 511 511 511
511 511 511 511
511 511 511 511
511 -119 -512 -512
-512 -512 -512 -512
-512 -512 -512 -512
-512 -477 191 511
511 511 511 511
511 511 511 511
511 511 511 511
511 511 511 511
511 353 -45 -267
-512 -512 -512 -512
-512 -512 -512 -512
-512 -512 -512 -154
237 511 511 511
511 511 511 511
511 511 511 511
511 511 511 511
511 511 511 511
-512 -512 -512 -512
-512 -512 -512 -512
-512 -512 -512 -512
-512 -512 -512 -391
-214 19 265 511
511 511 511 511
511 511 511 511
511 511 511 511
-512 -512 -512 -512
-512 -512 -512 -512
-512 -512 -512 -512
-512 -512 -512 -512
-512 -512 -512 -512
-512 -512 -253 29
391 511 511 511
511 511 511 511
-512 -512 -512 -512
-512 -512 -512 -512
-512 -512 -512 -512
-512 -512 -512 -512
-512 -512 -512 -512
-512 -512 -512 -286
288 511 511 511
511 511 511 511
-512 -512 -512 -512
-512 -512 -512 -512
-512 -512 -512 -512
-512 -512 -512 -512
-512 -512 -512 -512
-512 -512 -512 -17
511 511 511 511
511 511 511 511
19 -15 -71 -150
-310 -459 -512 -512
-512 -512 -512 -512
-512 -512 -512 -512
-512 -512 -512 -512
-512 -512 -116 390
511 511 511 511
511 511 511 511
383 351 296 219
78 -55 -252 -392
-512 -512 -512 -512
-512 -512 -512 -512
-512 -512 -512 -512
-508 -187 234 511
511 511 511 511
511 511 511 511
342 323 288 240
155 74 -42 -127
-239 -320 -425 -496
-512 -512 -512 -512
-512 -512 -512 -375
-223 -46 189 408
511 511 511 511
511 511 511 511
