0 0 0 0
0 0 0 0
0 0 0 0
-1 -1 -1 0
0 0 0 0
0 0 0 1
0 0 0 -1
-1 -1 -1 -1
0 0 0 0
0 1 1 1
0 0 -1 -1
-2 -2 -1 -1
0 0 0 1
1 1 1 0
0 0 -1 -2
-3 -2 -2 -1
0 0 1 1
1 1 1 0
0 -1 -2 -2
-3 -2 -1 -1
1 1 1 1
1 1 1 0
-1 -1 -2 -2
-3 -2 -1 0
1 1 1 2
1 1 0 0
-1 -1 -2 -2
-2 -2 -1 0
1 2 2 2
1 1 0 0
-1 -1 -1 -1
-1 -1 0 0
1 2 2 2
1 1 0 0
0 0 0 0
0 0 1 1
1 2 2 1
1 1 1 0
0 1 1 1
2 2 2 1
1 2 2 1
1 1 1 1
2 2 3 3
3 3 2 1
2 2 2 2
2 2 2 3
3 4 4 5
4 4 3 1
2 2 2 2
2 3 4 4
5 6 6 6
5 4 3 1
2 2 3 3
4 4 5 6
7 7 7 6
5 4 2 1
3 3 4 4
5 6 7 8
9 9 8 7
5 4 2 1
3 4 5 6
7 8 9 9
10 9 8 7
5 3 1 0
4 5 6 7
8 9 10 11
11 10 8 6
4 2 1 0
5 6 7 8
9 10 11 11
11 10 8 6
3 1 0 0
5 6 8 9
10 11 12 12
11 9 7 5
2 1 -1 -1
6 7 9 10
11 12 12 11
10 8 6 4
1 0 -1 -1
7 8 9 11
11 12 12 11
9 7 5 2
1 -1 -2 -1
7 8 10 11
11 11 11 10
8 6 3 1
0 -1 -2 -1
7 9 10 11
11 11 10 8
6 4 2 1
-1 -2 -2 -1
8 9 10 11
11 10 9 7
5 3 1 0
-1 -2 -2 -1
8 9 10 10
10 9 7 6
4 2 0 -1
-2 -2 -2 -1
7 8 9 9
8 7 6 5
3 1 0 -1
-2 -2 -2 -1
7 7 8 8
7 6 5 3
2 0 -1 -1
-2 -2 -2 -1
6 7 7 6
6 5 4 2
1 0 -1 -1
-2 -2 -2 -1
5 5 6 5
4 3 2 1
0 -1 -1 -2
-2 -2 -2 -1
4 4 4 4
3 2 2 1
0 -1 -1 -2
-2 -2 -2 -1
3 4 4 3
3 2 1 0
-1 -1 -2 -2
-2 -2 -2 -1
3 3 3 3
2 2 1 0
-1 -2 -2 -2
-2 -2 -2 -1
