-1 -3 -6 -8
-9 -10 -10 -9
-1 -3 -6 -8
-9 -10 -10 -10
-1 -4 -6 -8
-10 -11 -11 -10
-1 -4 -7 -9
-11 -11 -12 -11
-1 -4 -7 -9
-11 -12 -12 -12
-1 -4 -7 -9
-11 -12 -12 -11
-1 -4 -7 -9
-10 -11 -12 -11
-1 -4 -6 -8
-9 -10 -10 -10
-1 -3 -5 -7
-8 -8 -9 -8
-1 -3 -4 -6
-6 -7 -7 -6
-1 -2 -3 -4
-5 -5 -5 -4
-1 -2 -2 -3
-3 -3 -3 -2
0 -1 -2 -2
-2 -2 -1 -1
0 -1 -1 -2
-1 -1 0 0
0 -1 -1 -1
-1 -1 0 1
0 -1 -1 -1
-1 -1 0 0
0 -1 -1 -1
-1 -1 -1 0
0 -1 -1 -2
-2 -2 -1 -1
0 0 -1 -2
-2 -2 -2 -1
0 0 -1 -2
-2 -3 -2 -2
0 0 -1 -2
-3 -3 -3 -3
0 0 -1 -1
-2 -3 -3 -3
0 0 0 -1
-2 -3 -3 -3
0 0 0 -1
-2 -3 -3 -3
0 0 0 -1
-2 -3 -3 -3
1 1 0 0
-1 -2 -3 -3
1 1 1 0
-1 -2 -3 -4
0 1 1 0
-1 -2 -3 -3
0 1 1 0
-1 -2 -3 -3
1 1 1 0
-1 -2 -3 -3
0 1 1 0
-1 -2 -3 -3
1 1 1 0
-1 -2 -3 -3
