-512 -512 511 -512
-512 -512 511 511
-512 -512 511 -512
-512 -512 511 508
-512 -512 511 -512
-512 -512 511 -32
-512 -512 511 -512
-512 -512 493 -512
-512 -512 511 -512
-512 -512 134 -512
-512 93 511 -512
-512 -512 -107 -512
-512 511 511 -512
-512 -512 -512 -512
-512 511 511 -512
-512 -512 -512 -512
-512 511 511 -512
-512 -512 -512 -512
-512 511 511 -512
-512 -512 -512 -512
-512 511 511 -512
-512 -512 -512 -512
418 511 511 -512
-512 -512 -512 -512
511 511 223 -512
-512 -512 -512 -512
511 511 -512 -512
-512 -512 -512 -512
511 511 -512 -512
-512 -512 -512 -512
511 511 -512 -512
-512 -512 -512 -512
511 511 -512 -512
-512 -512 -512 -452
511 156 -512 -512
-512 -512 -512 511
511 -29 -512 -512
-512 -512 -512 511
511 195 -512 -512
-512 -512 -258 511
511 511 -512 -512
-512 -512 148 511
511 511 -512 -512
-512 -512 473 511
511 511 511 -102
-512 -512 511 511
511 511 511 511
-413 -512 511 511
511 511 511 511
-145 -457 511 511
511 511 511 511
-174 -261 511 511
511 511 511 511
-75 106 511 511
511 511 511 511
207 511 511 511
511 511 511 511
511 511 511 511
511 511 511 511
511 511 511 511
511 511 511 511
511 511 511 511
511 511 511 504
421 511 511 442
