42 110 165 233
310 417 510 511
511 511 511 511
511 511 511 511
511 511 511 511
511 511 511 511
511 511 511 511
511 511 511 511
60 162 245 350
470 511 511 511
511 511 511 511
511 511 511 511
511 511 511 511
511 511 511 511
511 511 511 511
511 511 511 511
61 166 254 371
502 511 511 511
511 511 511 511
511 511 511 511
511 511 511 511
511 511 511 511
511 511 511 511
511 511 511 511
95 238 359 510
511 511 511 511
511 511 511 511
511 511 511 511
511 511 511 511
511 511 511 511
511 511 511 511
511 511 511 511
146 341 509 511
511 511 511 511
511 511 511 511
511 511 511 511
511 511 511 511
511 511 511 511
511 511 511 511
511 511 511 511
192 435 511 511
511 511 511 511
511 511 511 511
511 511 511 511
511 511 511 511
511 511 511 511
511 511 511 511
511 511 511 511
226 507 511 511
511 511 511 511
511 511 511 511
511 511 511 511
511 511 511 511
511 511 511 511
511 511 511 511
511 511 511 511
164 376 511 511
511 511 511 511
511 511 511 511
511 511 511 511
511 389 230 81
-17 -108 -145 -65
149 511 511 511
511 511 511 511
89 222 326 447
511 511 511 511
511 511 511 511
511 402 110 -218
-512 -512 -512 -512
-512 -512 -512 -512
-512 -65 511 511
511 511 511 511
33 114 165 232
298 389 410 463
487 479 442 343
166 -43 -363 -512
-512 -512 -512 -512
-512 -512 -512 -512
-512 292 511 511
511 511 511 511
19 96 134 185
243 348 366 440
484 494 477 404
243 56 -232 -512
-512 -512 -512 -512
-512 -512 -512 -330
502 511 511 511
511 511 511 511
41 147 201 258
327 459 488 511
511 511 511 511
511 361 133 -127
-331 -512 -512 -512
-512 -397 61 511
511 511 511 511
511 511 511 511
72 199 272 334
404 511 511 511
511 511 511 511
482 327 117 -116
-291 -512 -512 -512
-466 -183 327 511
511 511 511 511
511 511 511 511
169 384 511 511
511 511 511 511
511 511 511 511
511 511 350 129
-40 -244 -288 -291
-139 163 511 511
511 511 511 511
511 511 511 511
319 511 511 511
511 511 511 511
511 511 511 511
511 511 511 511
415 242 219 230
410 511 511 511
511 511 511 511
511 511 511 511
491 511 511 511
511 511 511 511
511 511 511 511
511 511 511 511
511 511 511 511
511 511 511 511
511 511 511 511
511 511 511 511
511 511 511 511
511 511 511 511
511 511 511 511
511 511 511 511
511 511 511 511
511 511 511 511
511 511 511 511
511 438 -333 -512
511 511 511 511
511 511 511 511
511 511 511 511
511 202 -73 -251
-380 -377 -317 -178
104 473 511 511
511 511 511 -387
-512 -512 -512 -512
511 511 511 511
511 511 511 511
511 511 412 -89
-492 -512 -512 -512
-512 -512 -512 -330
85 511 511 511
511 511 -366 -512
-512 -512 -512 -512
408 511 511 511
511 511 511 511
302 -93 -512 -512
-512 -512 -512 -512
-512 -512 -130 413
511 511 511 511
511 511 -336 -512
-512 -512 -512 -512
63 38 35 -67
-169 -321 -406 -512
-512 -512 -512 -512
-512 -512 -512 -483
-26 511 511 511
511 511 511 511
511 511 511 -512
-512 -512 -512 -512
-34 -135 -207 -360
-481 -512 -512 -512
-512 -512 -512 -512
-512 -512 -502 9
511 511 511 511
511 511 511 511
511 511 511 39
-512 -512 -512 -512
-85 -217 -321 -499
-512 -512 -512 -512
-512 -512 -512 -512
-512 -512 -148 443
511 511 511 511
511 511 511 511
511 511 511 511
-512 -512 -512 -512
-126 -289 -426 -512
-512 -512 -512 -512
-512 -512 -512 -512
-512 -512 -77 511
511 511 511 511
511 511 511 511
511 511 511 511
333 -512 -512 -512
-162 -361 -512 -512
-512 -512 -512 -512
-512 -512 -512 -512
-512 -512 -366 366
511 511 511 511
511 511 511 511
511 511 511 511
511 -512 -512 -512
-201 -450 -512 -512
-512 -512 -512 -512
-512 -512 -512 -512
-512 -512 -512 -286
511 511 511 511
511 511 511 511
511 511 511 511
296 -512 -512 -512
-264 -512 -512 -512
-512 -512 -512 -512
-512 -512 -512 -512
-512 -512 -512 -512
-131 511 511 511
511 511 511 511
511 511 511 511
-290 -512 -512 -512
-489 -512 -512 -512
-512 -512 -512 -512
-512 -512 -512 -512
-512 -512 -512 -512
-498 511 511 511
511 511 511 511
511 511 511 511
-336 -512 -512 -512
-480 -512 -512 -512
-512 -512 -512 -512
-512 -512 -512 -512
-512 -512 -512 -512
-512 -442 511 511
511 511 511 511
511 511 511 511
511 -439 -512 -512
-289 -512 -512 -512
-512 -512 -512 -512
-512 -512 -512 -512
-512 -512 -512 -512
-512 -512 -261 511
511 511 511 511
511 511 511 511
511 511 511 383
-99 -208 -319 -512
-512 -512 -512 -512
-512 -512 -512 -512
-512 -512 -512 -512
-512 -512 -512 300
511 511 511 511
511 511 511 511
511 511 511 511
4 4 -15 -137
-260 -415 -512 -512
-512 -512 -512 -512
-512 -512 -512 -512
-512 -512 -512 172
511 511 511 511
511 511 511 511
511 511 511 511
