-512 -512 -82 511
511 511 511 511
-512 -512 -512 511
511 511 511 511
-512 -512 -512 -512
511 511 511 511
-512 -512 -512 -512
-512 288 511 511
-512 -512 -512 -512
-512 -512 -37 -284
-512 -512 -512 -512
-512 -512 55 -512
-512 -512 -512 -512
-512 357 511 511
460 -512 -512 -512
-512 511 511 511
511 131 -149 -512
-512 -512 511 511
-356 -512 511 511
429 -512 511 511
-379 -512 511 511
511 511 511 511
511 -325 -512 511
511 511 511 166
511 511 -512 -512
511 511 511 111
511 511 511 -512
-445 511 511 511
511 511 511 511
-512 511 511 511
511 511 511 511
-512 -512 511 511
