511 511 511 511
511 511 -250 270
511 511 511 511
511 511 -36 -306
385 258 511 511
511 511 511 186
-463 -511 107 511
511 511 511 511
-512 -512 -512 -101
511 511 511 -465
-512 -512 -512 -512
-336 66 -201 -512
-512 -512 -512 -512
511 511 511 -512
-512 -512 -512 -512
511 511 511 511
-512 -512 -512 -512
-512 511 511 511
-512 -204 511 511
-271 -406 511 511
-512 -512 511 511
511 511 511 511
-512 -512 366 511
511 511 511 511
511 -512 -512 434
511 511 511 511
511 511 -512 -512
511 511 511 511
511 511 511 -512
-512 511 511 511
511 511 511 -51
-512 -512 511 511
