-512 -512 455 511
-512 -512 251 511
-512 -512 -102 511
-420 -512 -512 511
-186 -512 -512 511
-324 -512 -512 511
-489 292 -512 511
-512 511 -512 91
-512 511 -512 -512
-512 511 -512 -512
-512 511 -512 -512
-476 511 -512 -512
-311 511 -512 -512
-161 511 -512 -512
-86 511 -512 -512
-43 511 -273 -512
-32 511 436 -512
258 511 511 -512
511 511 511 -512
511 511 511 -512
511 511 511 -512
511 511 511 -512
511 352 511 -512
511 408 511 -512
511 511 511 -512
511 511 511 -512
511 511 511 -512
511 511 511 -512
511 511 511 -512
511 511 511 -512
511 511 511 -512
511 511 511 -512
