-512 -512 511 -512
-512 -254 511 511
-512 -512 511 -512
-512 -286 511 511
-512 -512 511 -512
-512 -344 511 466
-512 -512 511 -512
-512 -463 511 -127
-512 -512 511 -512
-512 -512 511 -512
-512 211 511 -512
-512 -512 511 -512
-512 511 511 -512
-512 -512 476 -512
-512 511 511 -512
-512 -512 34 -512
-512 511 511 -512
-512 -512 -241 -512
-512 511 511 -512
-512 -512 -512 -512
-512 511 511 -512
-512 -512 -512 -512
-31 511 -512 -512
-512 135 -512 -512
511 511 -512 -512
-512 511 -301 -512
511 511 -512 -512
-512 511 -435 -512
511 511 -512 -512
-512 511 -512 -512
511 -123 -512 -512
-512 511 -401 -132
511 -512 -512 -512
-512 511 -112 511
511 -512 -512 -512
-512 511 359 511
511 -512 -512 -512
-483 511 511 511
511 -512 -512 -512
-370 511 511 511
511 -19 -512 -512
-434 491 511 511
511 511 -512 -512
-422 289 511 511
511 511 161 -344
-496 121 511 511
511 511 511 224
-512 61 511 511
511 511 511 511
-512 155 511 511
511 511 511 495
-512 165 511 511
511 511 511 481
-512 339 511 511
511 511 511 511
-266 511 511 511
511 511 511 511
166 511 511 458
511 511 511 511
511 511 511 180
511 511 511 511
511 511 511 20
511 511 511 395
344 511 315 -54
