-512 -512 -512 -512
-512 -236 467 511
511 511 511 511
511 511 511 511
511 511 511 511
409 -182 -512 -512
-512 -512 -512 -512
-512 -512 -512 -512
-512 -512 -512 -512
-512 -288 511 511
511 511 511 511
511 511 511 511
511 430 -395 -512
-512 -512 -512 -512
-512 -512 -296 336
511 511 511 511
511 511 511 511
511 511 511 511
511 511 511 511
511 511 511 511
511 511 511 511
511 511 511 511
511 511 -279 -512
-512 -512 -512 -512
511 511 511 511
511 511 511 -178
-512 -512 -512 -512
-512 -512 -512 -512
-512 -512 -248 168
502 511 511 511
405 67 -314 -512
-512 -512 -512 -512
