0 1 3 3
3 3 2 1
0 -1 -1 -1
-1 -1 -1 0
-1 0 1 2
3 3 3 2
1 0 0 -1
-1 -1 -1 0
-4 -3 -1 0
1 2 3 2
2 1 0 0
-1 -1 0 0
-5 -5 -4 -3
-1 0 1 2
2 1 1 0
0 0 0 0
-6 -7 -7 -6
-5 -3 -1 0
1 1 1 1
0 0 0 0
-6 -7 -8 -8
-7 -6 -5 -3
-1 0 0 0
0 0 0 0
-5 -6 -8 -9
-9 -9 -8 -6
-4 -3 -1 0
0 0 1 0
-4 -5 -7 -8
-10 -10 -10 -9
-8 -6 -4 -2
-1 0 1 1
-3 -4 -5 -7
-9 -10 -11 -11
-11 -9 -7 -4
-2 -1 0 1
-3 -3 -3 -5
-6 -8 -10 -11
-12 -11 -9 -7
-4 -2 0 0
-2 -2 -2 -2
-3 -5 -8 -10
-12 -12 -11 -9
-7 -4 -2 0
-2 -2 -1 -1
-1 -2 -4 -7
-10 -11 -12 -11
-9 -6 -3 -1
-2 -1 -1 0
0 0 -1 -3
-6 -8 -10 -10
-9 -7 -4 -2
-1 -1 -1 0
0 1 0 0
-2 -4 -6 -8
-8 -7 -5 -2
1 0 0 0
0 1 2 2
1 -1 -3 -5
-6 -5 -4 -2
1 0 0 0
0 1 1 1
1 0 -1 -2
-3 -3 -2 -1
