-512 -512 -512 -512
-512 -512 -298 -473
-512 -512 -422 409
511 511 511 479
-512 -512 -512 -512
-512 -96 1 -512
-512 -512 -512 511
511 511 511 511
-512 -512 -512 -512
309 511 511 -512
-512 -512 -512 511
511 511 511 511
-512 -512 -512 -512
511 511 511 -512
-512 -512 -512 511
511 511 511 -138
-512 -512 -512 511
511 511 511 -512
-512 -512 -512 319
511 -307 -512 -512
-512 -512 -512 511
511 511 400 -512
-512 -512 -512 28
-290 -512 -512 -512
-512 -512 -69 511
511 511 -512 -512
-512 -512 -512 -498
-512 -512 -512 -512
-512 -512 297 511
511 32 -512 -512
-512 -512 -512 -273
-512 -512 -512 -512
-512 -512 361 511
-14 -512 -512 -512
-512 -512 -357 511
48 -512 -512 -512
-512 -512 -178 -507
-512 -512 -512 -512
-512 -512 475 511
511 -353 -512 -512
-512 -512 -512 -512
-512 -512 -512 -512
-512 -512 511 511
511 511 511 378
-512 -512 -512 -512
-512 -512 -512 -512
-512 -512 -245 511
511 511 511 511
-512 -250 33 -360
-512 -512 -512 -512
-512 -512 -512 511
511 511 511 511
511 511 511 511
511 -512 -512 -512
-512 -512 -512 511
511 511 511 511
511 511 511 511
511 200 -512 -512
-512 -512 16 511
511 511 511 511
511 511 511 511
511 511 -512 -512
-512 -512 511 511
511 511 511 511
