0 2 3 2
1 0 0 -1
0 2 3 2
1 0 0 -1
-1 1 3 3
1 1 0 -1
-2 0 2 3
2 1 0 0
-3 -1 1 2
2 1 0 0
-4 -2 0 2
2 1 0 0
-5 -4 -1 1
1 1 0 0
-6 -5 -3 0
1 1 0 -1
-6 -6 -4 -2
0 0 0 -1
-5 -7 -6 -4
-1 -1 -1 -1
-5 -7 -7 -5
-3 -2 -1 -1
-4 -7 -8 -7
-4 -3 -2 -2
-3 -6 -8 -8
-6 -4 -3 -2
-3 -6 -8 -8
-7 -5 -4 -3
-2 -5 -8 -9
-8 -7 -5 -3
-1 -4 -7 -9
-10 -8 -6 -4
-1 -3 -6 -9
-10 -9 -7 -5
-1 -2 -5 -8
-10 -10 -8 -6
0 -1 -3 -7
-10 -11 -9 -7
0 0 -2 -5
-10 -11 -10 -8
0 0 0 -4
-8 -11 -11 -9
0 1 1 -2
-7 -11 -11 -9
0 1 2 -1
-5 -9 -11 -10
0 1 2 1
-4 -8 -11 -10
0 1 2 2
-2 -6 -10 -10
0 0 2 2
0 -5 -9 -10
0 0 2 3
1 -3 -7 -9
0 0 1 3
2 -1 -5 -7
1 0 1 3
3 0 -4 -6
1 0 1 2
3 1 -2 -4
1 0 0 1
2 1 -1 -3
0 0 0 1
1 1 -1 -1
