257 385 466 511
511 511 511 511
334 465 494 511
511 511 511 511
485 511 511 511
511 511 511 511
511 511 511 511
511 511 511 511
511 511 511 480
511 511 511 511
357 162 -420 -512
-171 511 511 511
34 -440 -512 -512
-512 511 511 511
-212 -512 -512 -512
-512 454 511 511
-304 -512 -512 -512
-512 511 511 511
-212 -512 -512 -512
39 511 511 511
32 -435 -512 -512
511 511 511 511
277 -87 -512 59
511 511 511 -158
511 304 -200 511
511 511 511 -512
473 172 -410 265
511 511 511 -512
-12 -378 -512 -308
511 511 511 -512
-306 -512 -512 -512
330 511 -466 -512
-512 -512 -512 -512
-107 511 -512 -512
-512 -512 -512 -512
-299 511 -454 -512
-512 -512 -512 -512
-354 511 90 -512
-512 -512 -512 -512
511 511 511 -512
-512 -512 -512 -512
511 511 511 -512
-512 -512 -512 -512
511 511 511 -512
-512 -512 -512 -512
511 511 511 207
-512 -512 -512 -512
511 511 511 511
-512 -512 -512 -512
511 511 511 511
-512 -512 -512 -512
-512 -7 511 511
-512 -512 -512 -512
-512 -512 132 511
-422 -512 -512 -512
-512 -512 199 511
88 -221 -512 -512
-512 -512 511 511
413 252 -512 -512
-512 -512 511 511
467 394 -341 -512
-512 -512 511 511
316 299 -111 -512
-512 -448 511 511
