-476 -512 -512 -512
-512 -173 436 511
511 511 511 511
511 511 511 511
511 -403 -512 -512
-512 -512 -512 -512
-512 -512 -512 -512
-512 -512 -512 -512
413 511 511 511
511 511 511 511
511 511 511 511
511 511 511 -346
-512 -512 -512 -512
-512 -512 -512 -512
-512 -512 -512 -512
-512 -512 -512 -512
511 511 511 511
511 511 511 511
511 511 511 511
511 511 352 -347
-512 -512 -512 -512
-512 -512 -512 -512
-512 -512 -306 425
511 511 511 511
511 511 511 511
511 511 511 511
511 511 511 511
92 -253 -447 -477
-333 -73 360 511
511 511 511 511
511 511 511 511
511 511 511 511
255 440 503 412
243 50 -169 -335
-416 -411 -320 -94
193 511 511 511
511 511 511 511
511 511 511 511
511 511 511 511
511 511 511 511
92 140 112 51
-30 -41 61 248
511 511 511 511
511 511 511 511
511 511 511 511
511 511 511 511
511 511 511 477
-208 -512 -512 -512
255 511 511 511
511 511 511 511
511 511 511 511
511 511 511 511
511 511 511 511
511 511 511 511
511 511 511 266
54 -150 -267 -384
142 317 469 511
511 511 511 511
511 511 511 511
511 511 511 511
511 511 511 191
-50 -241 -339 -320
-207 -21 228 511
511 511 511 511
-268 -470 -512 -512
-512 -512 -447 -254
-73 75 190 238
196 102 -72 -287
-474 -512 -512 -512
-512 -512 -262 162
511 511 511 511
511 511 511 511
-512 -512 -512 -512
-512 -512 -512 -512
-512 -512 -485 -250
-97 35 108 125
164 138 246 379
511 511 511 511
511 511 511 511
511 511 511 511
-293 -512 -512 -512
-512 -512 -512 -419
-233 -31 213 496
511 511 511 511
511 511 511 511
511 511 511 511
511 511 511 511
511 511 511 511
174 348 490 511
511 511 511 511
511 511 511 511
511 511 511 511
511 511 511 511
511 511 511 511
511 511 511 511
511 511 423 305
368 511 511 511
511 511 511 511
511 511 511 511
511 511 511 511
511 511 511 511
511 511 511 511
511 511 174 -512
-512 -512 -512 -512
77 132 158 223
271 365 511 511
511 511 511 511
511 511 511 511
511 511 511 511
511 511 511 511
-17 -512 -512 -512
-512 -512 -512 -512
-292 -512 -512 -512
-512 -347 170 511
511 511 511 511
511 511 511 511
511 511 511 511
-181 -512 -512 -512
-512 -512 -512 -512
-512 -512 -312 -169
-337 -512 -512 -512
-512 -439 35 511
511 511 511 511
511 511 511 511
511 511 57 -512
-512 -512 -512 -512
-512 -512 -512 -512
118 511 511 511
