511 511 511 511
511 511 511 511
511 511 511 511
511 511 511 511
511 511 511 511
511 511 511 511
511 511 511 511
511 511 511 511
511 511 511 511
511 511 511 511
511 511 511 511
511 511 511 511
511 511 511 511
511 511 511 511
511 511 511 511
511 511 511 511
511 511 511 511
511 511 511 511
511 511 511 511
511 511 511 511
511 511 511 511
511 511 511 511
511 511 511 511
511 511 511 511
511 511 511 511
511 511 511 511
511 511 511 511
511 511 511 326
162 40 -38 -61
-60 -44 43 143
398 511 511 511
511 511 511 511
465 466 469 477
433 415 343 313
219 148 -11 -151
-370 -512 -512 -512
-512 -512 -512 -512
-512 -512 -512 -243
362 511 511 511
511 511 511 511
511 511 511 511
511 511 511 511
511 511 511 511
511 414 228 97
-32 -91 -67 74
294 511 511 511
511 511 511 511
511 511 511 511
511 511 511 511
511 511 511 511
511 511 511 511
511 457 326 247
177 166 234 405
511 511 511 511
511 511 511 511
511 511 511 511
511 511 511 511
511 511 511 511
511 511 511 511
511 511 511 511
509 511 511 511
511 511 511 511
511 511 511 511
511 511 511 511
511 511 511 511
511 511 511 511
511 353 -35 -349
-512 -512 -512 -512
-512 -462 -261 -41
284 511 511 511
511 511 452 -451
-512 -512 -512 -512
511 511 511 435
165 -165 -495 -512
-512 -512 -512 -512
-512 -512 -512 -512
-512 -355 71 434
511 511 511 511
511 -64 -512 -512
-512 -512 -512 -512
-457 -490 -512 -512
-512 -512 -512 -512
-457 -457 -341 -232
0 339 511 511
511 511 511 511
511 511 511 511
511 511 40 -512
-512 -512 -512 -512
-16 -38 -30 -27
65 124 258 342
481 511 511 511
511 511 511 511
511 511 511 511
511 511 511 511
511 511 511 511
-512 -512 -512 -512
-512 -512 -512 -512
-512 -512 -459 -358
-189 -33 274 511
511 511 511 511
511 511 511 511
511 511 511 511
511 511 511 511
-512 -512 -512 -512
-512 -512 -512 -512
-512 -512 -512 -512
-512 -512 -512 -512
-86 511 511 511
511 511 511 511
511 511 511 511
511 511 511 463
-512 -512 -512 -512
-512 -512 -512 -512
-512 -512 -512 -512
-512 -512 -512 -512
-512 -507 68 511
511 511 511 511
511 511 511 511
511 511 511 511
511 260 -379 -512
-512 -512 -512 -512
-512 -512 -512 -512
-512 -512 -512 -512
-512 -512 -512 -170
345 511 511 511
511 511 511 511
511 511 511 511
511 511 511 511
