-512 -512 -512 -512
-512 438 511 -512
-512 -512 -512 -512
-512 -292 -145 -512
-512 -512 -512 -512
-17 511 511 511
-512 -512 -512 -512
-512 -512 -512 -512
-512 -512 -512 -512
511 511 511 511
-512 -512 -512 -512
-512 -512 -512 -512
-512 -512 511 511
511 511 511 -512
-512 -512 -512 -512
-512 -512 -512 -512
511 511 511 511
511 59 -512 -512
-512 -512 -512 -512
-512 -512 -512 -512
511 511 511 511
511 -512 -512 -512
-512 -512 -512 -512
-512 -512 -116 511
511 511 511 511
511 511 511 -180
-512 -512 -512 -512
-512 405 511 511
511 511 511 511
511 511 511 511
11 -512 -461 511
511 511 511 511
