-512 -512 -512 -512
-512 -512 -512 -512
-512 -512 -512 21
511 511 511 511
511 511 511 511
511 511 511 511
511 511 511 511
511 511 511 511
-463 -512 -512 -512
-512 -512 -512 -512
-512 -512 -512 -512
129 511 511 511
511 511 511 511
511 511 511 511
511 511 511 511
511 511 511 511
-347 -512 -512 -512
-512 -512 -512 -512
-512 -512 -512 -512
-512 -386 478 511
511 511 511 511
511 511 511 511
511 511 511 511
511 511 511 511
-203 -439 -512 -512
-512 -512 -512 -512
-512 -512 -512 -512
-512 -512 -512 20
511 511 511 511
511 511 511 511
511 511 511 511
511 511 511 511
-101 -239 -409 -512
-512 -512 -512 -512
-512 -512 -512 -512
-512 -512 -512 -512
-512 272 511 511
511 511 511 511
511 511 511 511
511 511 511 511
-125 -280 -442 -512
-512 -512 -512 -512
-512 -512 -512 -512
-512 -512 -512 -512
-512 -512 -512 47
511 511 511 511
511 511 511 511
511 511 511 511
-271 -512 -512 -512
-512 -512 -512 -512
-512 -512 -512 -512
-512 -512 -512 -512
-512 -512 -512 -512
-512 -512 155 511
511 511 511 511
511 511 511 511
-482 -512 -512 -512
-512 -512 -512 -512
-512 -512 -512 -512
-512 -512 -512 -512
-512 -512 -512 -512
-512 -512 -512 -512
110 511 511 511
511 511 511 511
-512 -512 -512 -512
-512 -512 -512 -512
-512 -512 -512 -512
-512 -512 -512 -512
-512 -512 -512 -512
-512 -512 -512 -512
-512 44 511 511
511 511 511 511
-512 -512 -512 -512
-512 -512 -512 -512
-512 -512 -512 -512
-512 -512 -512 -512
-512 -512 -512 -512
-512 -512 -512 -512
-512 -138 392 511
511 511 511 511
-512 -512 -512 -512
-512 -512 -512 -512
-512 -512 -512 -512
-512 -512 -512 -512
-512 -512 -512 -512
-512 -512 -512 -512
-98 477 511 511
511 511 511 511
-297 -512 -512 -512
-512 -512 -512 -512
-512 -512 -512 -512
-512 -512 -512 -512
-512 -512 -512 -512
-512 -512 -150 419
511 511 511 511
511 511 511 511
66 85 27 -175
-423 -512 -512 -512
-512 -512 -512 -512
-512 -512 -512 -512
-512 -512 -512 -512
-239 277 511 511
511 511 511 511
511 511 511 511
415 511 511 511
511 511 99 -319
-512 -512 -512 -512
-512 -512 -512 -512
-512 -512 -512 -351
168 511 511 511
511 511 511 511
511 511 511 511
511 511 511 511
511 511 511 511
150 -290 -512 -512
-512 -512 -512 -512
-512 -512 -512 -410
22 491 511 511
511 511 511 511
511 511 511 511
511 511 511 511
511 511 511 511
420 132 -131 -352
-512 -512 -512 -512
-512 -512 -512 -512
-512 -304 156 511
511 511 511 511
511 511 511 511
511 511 511 511
511 511 511 511
511 511 511 511
511 511 511 364
95 -254 -494 -512
-512 -512 -512 -224
511 511 511 511
511 511 511 511
511 511 511 511
511 511 511 511
511 511 511 511
511 511 511 511
511 511 465 -64
-503 -512 -512 -512
-184 511 511 511
511 511 511 511
503 511 511 511
511 511 511 511
511 511 511 511
511 511 511 511
511 511 511 511
511 321 -136 -330
-233 173 511 511
511 511 511 511
511 511 511 511
511 511 511 511
511 511 511 511
511 511 511 511
511 511 511 511
511 511 511 511
491 293 358 511
511 511 511 511
511 511 511 511
511 511 511 511
511 511 511 511
511 511 511 511
511 511 511 511
511 511 511 511
511 511 -67 -509
-512 -512 -512 -512
511 511 511 511
511 511 511 511
511 511 511 511
511 511 511 511
511 511 511 511
511 511 511 511
511 511 48 -512
-512 -512 -512 -512
511 511 511 511
511 511 511 511
511 511 511 511
301 112 261 511
511 511 511 511
511 511 511 511
511 511 511 -512
-512 -512 -512 -512
511 511 511 511
511 511 511 511
511 511 511 511
122 -461 -512 -512
-377 211 511 511
511 511 511 511
511 511 511 99
-512 -512 -512 -512
511 511 511 511
511 511 511 511
511 511 511 511
179 -512 -512 -512
-512 -512 -512 30
511 511 511 511
511 511 511 511
10 -512 -512 -512
511 511 511 511
511 511 511 511
511 511 511 511
511 147 -512 -512
-512 -512 -512 -512
-326 464 511 511
511 511 511 511
511 -87 -512 -512
511 511 511 511
511 511 511 511
511 511 511 511
511 511 511 -250
-512 -512 -512 -512
-512 -512 -155 498
511 511 511 511
511 511 226 9
283 511 511 511
511 511 511 511
511 511 511 511
511 511 511 511
-172 -512 -512 -512
-512 -512 -512 -512
-244 338 511 511
511 511 511 511
-106 13 303 511
511 511 511 511
511 511 511 511
511 511 511 511
511 -512 -512 -512
-512 -512 -512 -512
-512 -470 157 511
511 511 511 511
-423 -512 -512 -208
468 511 511 511
511 511 511 511
511 511 511 511
511 358 -512 -512
-512 -512 -512 -512
-512 -512 -436 22
406 511 511 511
-489 -512 -512 -512
-263 453 511 511
511 511 511 511
511 511 511 511
511 511 -132 -512
-512 -512 -512 -512
-512 -512 -512 -271
30 193 291 315
-328 -512 -512 -512
-373 13 511 511
511 511 511 511
511 511 511 511
511 511 57 -432
-512 -512 -512 -512
-512 -512 -448 -265
-96 2 61 78
