511 511 -230 430
511 511 -512 511
511 511 -512 511
511 511 -512 511
511 511 -512 511
511 511 -512 511
511 511 -512 511
511 511 -512 511
511 511 -512 511
511 86 -512 511
511 -512 -512 511
325 -512 -512 511
-338 -512 -512 343
-512 -512 -512 -116
-512 -512 -512 -512
-512 -512 -512 -512
-512 -512 -512 -512
-512 -512 -113 -512
-512 -512 511 -512
-512 -512 511 -512
-512 -512 511 -512
-512 -512 511 -512
-512 -512 511 -512
-512 -512 511 -512
-512 -501 511 -512
-512 -512 511 -512
-512 -512 511 -512
-512 -512 511 -512
-512 -512 511 -512
-512 -512 511 -512
-512 -512 362 -512
-512 -512 121 -512
