-23 -11 14 7
38 -2 -20 -34
39 49 20 15
-69 -25 -17 -8
-4 -25 -2 21
43 2 -3 3
23 30 16 -21
1 -15 -10 2
16 35 13 -15
-58 -6 8 -5
8 -32 -21 1
-2 -24 3 31
-6 9 3 10
19 -4 -33 -19
-19 10 18 -17
-12 13 24 0
-8 -21 11 27
6 -11 12 21
-38 -10 -7 44
41 39 -24 -29
-5 0 -1 -47
-15 -17 23 39
-15 -31 2 11
-4 -20 8 12
-25 -1 -30 0
-20 43 16 9
16 15 5 -42
-7 -24 16 48
-2 -34 -8 16
21 -10 15 36
-33 0 -7 9
-25 37 22 -2
-21 5 15 -10
18 -2 -15 -22
-17 -41 -25 7
17 -15 2 43
-27 -6 24 38
5 15 -3 -41
18 23 4 -21
0 9 4 -4
-4 1 -14 -4
-12 -10 7 62
21 9 31 9
-4 -18 -10 -50
38 4 -28 -36
-27 -16 5 23
-23 16 -1 18
-9 -2 -29 10
26 24 47 -7
2 -12 -2 -60
8 -21 -4 27
23 -2 0 4
2 27 0 36
5 3 -47 -13
-5 22 43 -22
-6 -11 1 -47
7 -25 -9 10
2 -11 0 -9
48 30 -24 -7
-27 -17 -27 18
-18 20 34 -7
3 -3 4 -3
44 1 -15 -10
-17 -1 19 11
