0 -1 -2 -4
-5 -6 -7 -8
-9 -9 -10 -10
-10 -10 -10 -10
0 -1 -2 -4
-6 -7 -8 -9
-10 -10 -11 -11
-12 -11 -11 -11
0 -1 -3 -4
-6 -7 -8 -10
-11 -11 -12 -12
-12 -12 -12 -12
0 -1 -3 -4
-5 -7 -8 -9
-10 -10 -11 -11
-11 -11 -11 -11
0 -1 -2 -3
-4 -5 -6 -6
-7 -7 -8 -8
-8 -8 -7 -7
0 -1 -1 -2
-2 -3 -3 -4
-4 -4 -4 -4
-4 -4 -4 -3
0 0 -1 -1
-1 -2 -2 -2
-2 -1 -1 -1
-1 -1 0 0
0 0 -1 -1
-1 -1 -1 -1
-1 -1 -1 0
0 0 0 1
0 0 0 -1
-1 -1 -1 -1
-2 -2 -1 -1
-1 -1 0 0
0 0 0 0
-1 -1 -2 -2
-2 -2 -2 -2
-2 -2 -2 -2
0 0 0 0
0 -1 -1 -2
-2 -3 -3 -3
-3 -3 -3 -3
0 0 0 0
0 0 -1 -1
-2 -2 -3 -3
-3 -3 -3 -3
0 1 1 1
0 0 0 -1
-1 -2 -2 -3
-3 -3 -4 -4
0 1 1 1
1 1 0 0
0 -1 -2 -2
-3 -3 -3 -4
0 1 1 1
1 1 1 0
0 -1 -1 -2
-3 -3 -3 -3
0 1 1 1
1 1 0 0
0 -1 -1 -2
-2 -3 -3 -3
