237 511 511 511
511 511 511 511
356 511 511 511
511 511 511 511
373 511 511 511
511 511 511 511
502 511 511 511
511 511 511 511
511 511 511 511
511 511 511 511
511 511 511 511
511 511 511 511
511 511 511 511
511 511 511 511
511 511 511 511
225 -122 511 511
438 511 511 19
-512 -512 511 511
244 467 417 -454
-512 -512 511 511
217 443 464 -316
-512 -512 511 511
303 511 511 61
-512 71 511 511
377 511 511 53
-512 321 511 511
511 511 511 289
-260 511 511 511
511 511 511 511
239 511 511 511
511 511 511 511
511 511 511 511
511 511 511 511
511 511 511 -107
511 511 511 -110
-282 511 511 -512
511 511 148 -512
-512 511 -95 -512
511 511 -512 -512
-71 511 23 -512
-59 -512 -512 -512
511 511 511 -512
-317 -512 -512 -359
511 511 511 -512
-427 -512 -512 10
511 511 511 -512
-512 -512 -512 100
511 511 511 -512
-512 -512 -512 -169
511 511 511 -512
-512 -512 -512 -512
511 511 511 -512
-512 -512 -512 -512
511 511 511 -512
-512 -512 -512 -512
511 511 511 -512
-512 -512 -512 -512
511 511 511 -512
-512 -512 -512 -512
-149 511 511 511
-412 -512 -512 -512
-498 511 511 511
-42 -512 -512 -512
-512 511 511 511
