511 511 511 511
511 511 511 511
511 511 511 511
511 511 511 511
511 511 511 511
511 511 511 511
511 511 511 511
511 511 511 511
511 511 511 511
511 511 511 511
511 511 511 511
511 511 511 511
511 511 511 511
511 511 511 511
511 511 511 511
511 511 511 511
511 511 511 511
511 511 511 511
511 481 414 384
371 436 511 511
511 511 511 511
511 511 511 511
511 511 511 511
511 511 511 511
-512 -512 -512 -512
-512 -512 -512 -512
-512 -512 -512 -512
-512 -512 -512 -512
-512 -475 -117 271
511 511 511 511
511 511 511 511
511 511 511 511
-512 -512 -512 -512
-512 -512 -512 -512
-512 -512 -512 -512
-512 -512 -512 -201
134 511 511 511
511 511 511 511
511 511 511 511
511 511 511 444
511 511 511 511
510 442 409 386
391 398 479 511
511 511 511 511
511 511 511 511
511 511 511 511
511 511 511 511
511 511 -356 -512
511 511 511 511
511 511 511 511
511 511 511 511
511 511 511 511
511 511 511 511
511 511 511 511
511 511 511 511
-512 -512 -512 -512
-409 -445 -503 -512
-512 -512 -512 -512
-512 -512 -512 -512
-399 -107 298 511
511 511 511 511
511 511 511 511
511 511 -512 -512
-512 -512 -512 -512
-512 -512 -512 -512
-512 -512 -512 -512
-512 -512 -512 -512
-512 -512 -512 -512
-235 244 511 511
511 511 511 511
511 -453 -512 -512
-512 -512 -512 -512
-512 -512 -512 -512
-512 -512 -512 -512
-512 -512 -512 -512
-512 -512 -512 -318
321 511 511 511
511 511 511 511
511 511 -512 -512
-512 -512 -512 -512
-512 -512 -512 -512
-512 -512 -512 -512
-512 -512 -512 -512
-142 511 511 511
511 511 511 511
511 511 511 511
511 511 511 511
-512 -512 -512 -512
-512 -512 -512 -512
-512 -512 -512 -512
-512 -471 157 511
511 511 511 511
511 511 511 511
511 511 511 511
511 511 511 511
511 -49 -512 -512
-512 -512 -512 -512
-512 -512 -512 -512
-512 -512 -512 -259
104 494 511 511
511 511 511 511
511 511 511 511
511 511 511 511
511 511 511 511
-512 -512 -512 -512
-512 -512 -512 -512
-512 -512 -512 -512
-512 -512 -512 -512
-512 -512 -512 -512
-512 -512 -323 -30
348 511 511 511
511 511 511 511
-512 -512 -512 -512
-512 -512 -512 -512
-512 -512 -512 -512
-512 -512 -512 -512
-512 -512 -512 -512
-512 -512 -494 25
511 511 511 511
511 511 511 511
424 392 336 257
116 -19 -217 -360
-512 -512 -512 -512
-512 -512 -512 -512
-512 -512 -512 -512
-512 -234 182 511
511 511 511 511
511 511 511 511
