-512 -512 -512 -512
-512 -512 92 511
-512 -512 -512 -325
-512 -512 254 511
-512 -512 366 511
-512 -512 343 511
-512 -512 511 511
-512 -512 431 216
-512 -512 511 511
-512 -512 257 -512
-512 -49 511 511
-512 -512 -99 -512
-512 511 511 301
-512 -512 -512 -512
-512 511 511 -512
-512 -512 -512 -512
-512 511 511 -512
-512 -512 -512 -512
-512 511 -512 -512
-512 -512 -512 -512
-402 168 -512 -512
-512 -512 -512 -397
-512 -118 -512 -512
-512 -512 -512 511
27 511 -512 -512
-512 -512 -512 511
511 511 511 -512
-512 -512 36 511
511 511 511 -512
-512 -512 511 511
511 511 511 -512
-512 -405 511 511
