511 511 511 511
511 511 511 511
511 511 425 0
-226 -181 27 212
511 511 511 511
511 511 511 511
511 511 511 364
-130 -166 103 369
511 511 511 511
511 511 511 511
511 511 511 511
-72 -348 -204 14
511 511 511 511
511 511 511 511
511 511 511 511
404 -216 -369 -334
511 511 511 511
511 511 511 511
511 511 511 511
511 344 -134 -320
448 331 237 372
511 511 511 511
511 511 511 511
511 511 461 75
249 120 -3 35
440 511 511 511
511 511 511 511
511 511 511 511
-512 -512 -512 -512
-223 319 511 511
511 511 511 511
511 511 511 511
-512 -512 -512 -512
-512 -277 263 511
511 511 511 511
511 511 511 78
-512 -512 -512 -512
-512 -512 -305 6
311 511 511 511
511 511 -219 -512
-512 -512 -512 -512
-512 -512 -512 -510
-336 -240 -9 199
218 -235 -512 -512
-512 -512 -512 -512
-512 -512 -512 -512
-380 -211 51 227
139 -512 -512 -512
-512 -512 -512 -512
-512 -512 -512 -512
-16 428 511 511
511 -172 -512 -512
-512 -512 -512 -512
-512 -512 -512 -512
263 511 511 511
511 511 -512 -512
-512 -512 -512 -512
-512 -512 -512 -512
259 511 511 511
511 511 52 -512
-512 -512 -512 -512
-512 -512 -512 -512
-44 511 511 511
511 511 511 511
-512 -512 -512 -512
-512 -512 -512 -512
-512 133 511 511
511 511 511 511
-399 -512 -512 -512
-512 -512 -512 -512
-512 -512 56 511
511 511 511 511
-461 -512 -455 -46
360 482 356 -143
-512 -512 -512 506
511 511 511 511
-512 -512 -512 166
511 511 511 511
402 -397 -512 129
511 511 511 511
-512 -512 -512 -169
511 511 511 511
511 511 176 349
511 511 511 511
-512 -512 -512 -381
511 511 511 511
511 511 511 511
511 511 511 511
-512 -512 -512 -512
382 511 511 511
511 511 511 511
511 511 511 511
97 -512 -512 -512
-512 485 511 511
511 511 511 511
511 511 511 511
511 511 -512 -512
-512 -512 511 511
511 511 511 511
511 511 511 421
511 511 423 -512
-512 -512 -512 511
511 511 511 511
511 511 511 511
511 511 511 -331
-512 -512 -512 -512
511 511 511 511
511 511 511 511
511 511 511 511
-512 -512 -512 -512
-177 511 511 511
511 511 511 511
511 511 511 511
511 -512 -512 -512
-512 322 511 511
511 511 511 511
511 511 511 511
511 511 -408 -512
-512 -512 119 511
511 511 511 511
511 511 511 511
511 511 511 -512
-512 -512 -512 67
511 511 511 511
511 511 511 511
511 511 511 -512
-512 -512 -512 -512
511 511 511 511
