1 2 2 1
-1 -2 -3 -3
1 2 2 1
-1 -3 -3 -3
1 2 2 1
-1 -3 -3 -3
1 2 3 1
-1 -3 -4 -4
1 2 3 1
-1 -3 -4 -4
1 3 3 1
-1 -3 -5 -5
1 3 3 2
-1 -4 -5 -5
1 3 3 2
-1 -4 -6 -6
1 3 4 2
-1 -5 -7 -7
1 3 4 2
-1 -5 -8 -8
1 3 4 2
-2 -6 -8 -9
1 3 4 2
-2 -6 -9 -10
1 3 4 3
-2 -7 -10 -11
1 3 4 3
-2 -7 -11 -12
1 3 4 3
-1 -7 -12 -13
1 3 5 4
-1 -7 -12 -13
1 3 5 4
-1 -7 -13 -14
1 3 5 5
0 -7 -12 -14
0 3 5 5
1 -6 -12 -14
0 2 5 5
1 -5 -11 -13
0 2 5 5
2 -4 -10 -12
0 2 4 6
3 -3 -9 -11
0 1 4 6
3 -2 -7 -10
-1 1 4 5
4 0 -6 -9
-1 1 3 5
4 0 -4 -8
-1 1 3 5
4 1 -3 -6
-1 0 2 4
4 2 -2 -4
-1 0 1 3
3 2 -1 -3
-1 0 1 2
3 2 0 -2
0 0 1 2
2 2 0 -1
0 0 0 1
2 1 0 -1
0 0 0 1
1 1 0 0
