511 511 511 511
511 511 511 511
511 511 511 511
511 511 511 511
511 511 511 511
511 511 511 511
511 511 511 511
511 511 511 511
511 511 511 511
511 511 511 511
511 511 511 511
511 511 511 511
511 511 511 511
511 511 511 511
511 511 511 511
511 511 511 511
511 511 511 511
511 511 511 511
511 511 511 511
511 511 511 511
511 511 511 511
511 480 281 151
209 443 511 511
511 511 511 511
476 359 180 -29
-281 -512 -512 -512
-512 -512 -34 511
511 511 511 511
-219 -331 -483 -512
-512 -512 -512 -512
-512 -512 -315 509
511 511 511 511
-379 -485 -512 -512
-512 -512 -512 -512
-512 -512 12 511
511 511 511 511
14 -90 -184 -273
-385 -512 -512 -498
-245 169 511 511
511 511 511 511
511 511 511 500
409 304 340 505
511 511 511 511
511 511 511 511
511 511 511 511
511 511 511 511
511 511 511 511
511 511 511 511
511 511 511 511
511 511 511 511
511 511 511 511
511 511 511 511
511 511 511 511
511 511 511 511
511 511 511 511
511 511 511 -512
511 511 511 511
511 511 511 511
511 511 511 511
511 511 -512 -512
511 511 511 511
222 -125 -199 299
511 511 511 511
511 -512 -512 -512
511 511 151 -457
-512 -512 -512 -512
-76 511 511 511
450 -512 -512 -512
-281 -512 -512 -512
-512 -512 -512 -512
-479 323 511 511
-318 -512 -512 -512
-512 -512 -512 -512
-512 -512 -512 -512
47 511 511 511
-188 -512 -512 -512
-512 -512 -512 -512
-512 -512 -512 -467
407 511 511 511
511 -512 -512 -512
-512 -512 -512 -512
-512 -512 -512 427
511 511 511 511
511 -512 -512 -512
-512 -512 -512 -512
-512 -321 292 511
511 511 511 511
511 332 -512 -512
-512 -512 -512 -512
-280 165 511 511
511 511 511 511
511 511 -512 -512
-512 -512 -512 -512
-292 234 511 511
511 511 511 511
511 511 -512 -512
-512 -512 -512 -512
-512 -130 511 511
511 511 511 511
511 511 -512 -512
-512 -512 -512 -512
-512 -505 511 511
511 511 511 511
511 511 -512 -512
-512 -512 -512 -512
-512 -512 390 511
511 511 511 511
511 511 -512 -512
-512 -512 -512 -512
-512 -512 -176 511
511 511 511 511
511 511 -512 -512
-512 -512 -512 -512
-512 -512 -512 -57
511 511 511 511
511 511 511 -265
-512 -512 -512 -512
-512 -512 -512 -512
284 511 511 511
511 511 511 511
-512 -512 -512 -512
-512 -512 -512 -512
-56 511 511 511
511 511 511 511
-512 -512 -512 -512
-512 -512 -512 -512
-183 511 511 511
511 511 511 511
