-512 -512 285 511
511 511 350 -512
-512 -512 -512 -512
-512 -512 -512 -512
511 511 511 511
-512 -512 -512 -512
-512 -512 -512 -512
-512 -512 -512 -130
511 511 511 511
511 511 511 511
511 511 511 511
511 511 333 221
511 511 511 511
511 511 511 511
511 481 -181 -512
-512 -512 -512 -512
511 511 511 511
511 137 -512 -512
-512 -512 -512 -512
-512 319 511 511
511 511 511 511
511 511 511 104
-69 112 511 511
511 511 511 511
511 511 511 511
511 511 511 511
511 511 511 511
511 -76 -512 -512
511 511 511 511
511 511 511 511
511 511 -512 -512
-512 -512 -250 345
