-512 -512 -260 511
511 511 511 511
-94 -512 -512 -512
-512 -512 -512 -512
511 511 511 511
511 511 511 -269
-512 -512 -512 -512
-512 -512 -512 -512
511 511 511 511
511 511 511 -512
-512 -512 -512 -512
-512 -512 -254 511
511 511 511 511
511 511 -512 -512
-512 -512 -459 511
511 511 511 511
511 511 511 511
210 26 220 511
511 511 511 511
511 511 511 511
465 511 511 511
511 511 511 511
511 511 511 511
511 511 -40 -512
511 511 511 511
511 511 511 511
511 511 511 511
511 168 -512 -512
511 511 511 511
511 511 511 511
511 511 326 -221
-512 -512 -512 -512
225 490 511 511
511 511 511 155
-512 -512 -512 -512
-292 497 511 511
-512 -512 -512 -310
22 132 -152 -512
-512 -512 -512 -360
511 511 511 511
-512 -512 -512 -326
46 284 214 -57
-338 -324 159 511
511 511 511 511
-1 163 356 511
511 511 511 511
511 511 511 511
511 511 511 511
511 511 511 511
511 511 511 511
511 511 511 511
511 511 511 295
511 511 511 511
511 511 511 511
511 511 511 511
511 511 -512 -512
134 307 511 511
511 511 511 511
511 511 511 511
415 -351 -512 -512
-512 -512 53 511
511 511 511 511
511 511 488 -512
-512 -493 511 511
