-512 511 511 511
-512 -512 -512 -512
511 511 511 215
-512 -512 -512 -512
511 511 511 -419
-512 -512 -512 322
511 511 511 -512
-512 131 511 511
511 511 40 511
511 511 511 511
511 511 511 511
511 511 511 -512
511 511 511 511
511 511 511 -512
511 511 511 511
511 -83 -512 -512
477 511 511 321
-512 -512 168 511
-512 -345 169 -512
-512 -512 511 511
-512 -355 298 13
-367 511 511 511
176 511 511 511
511 511 511 511
511 511 511 511
511 511 511 471
511 511 511 511
511 511 511 -512
293 511 511 511
511 511 -138 -512
-512 511 511 511
511 -512 -512 511
