-264 511 511 -512
-512 511 511 -512
-512 511 511 -512
-512 511 511 -512
-512 511 511 -512
-512 511 62 -512
-512 511 -512 -512
-512 511 -512 -512
-512 511 -512 -512
-512 511 -512 -512
-512 511 -512 -512
-512 511 -512 -512
-512 511 -512 -67
-512 511 -512 430
-512 511 -235 511
-512 511 379 511
-512 511 511 511
-373 511 511 511
511 511 511 511
511 511 511 152
511 511 511 -242
511 511 511 -479
511 511 511 -512
511 511 511 -512
511 511 511 -392
511 511 511 -106
511 511 511 -146
511 511 511 -379
511 464 511 -512
511 105 511 -512
511 -147 458 -512
511 -259 148 -512
