122 -512 -512 -453
-512 -512 -279 222
19 -512 -512 -512
-512 -512 -512 480
-270 -512 -512 -512
-512 -512 -512 511
-512 -512 -512 -512
-512 -512 -512 511
-512 -512 -512 -231
-512 -512 -512 511
-512 -512 -512 410
-512 -512 -512 511
-512 -512 -512 511
-512 -512 -512 448
-512 -512 -423 511
-512 -512 -448 -450
-512 -512 350 511
-512 -512 -271 -512
-512 -512 511 511
-512 -512 -163 -512
-512 -512 511 511
-512 -512 -125 -512
-512 -512 511 511
-512 -512 -260 -512
-512 -512 511 511
-512 -512 -512 -512
-512 -512 511 511
-512 -512 -512 -512
-512 -512 511 511
-512 -512 -512 -512
-512 -36 511 384
-512 -512 -512 -512
-512 511 511 -512
-512 -512 -512 -512
-512 511 511 -512
-512 -512 -512 -512
-512 511 511 -512
-512 -512 -512 -512
-197 511 511 -512
-512 -512 -512 -512
194 511 511 -512
-512 -512 -512 -512
386 511 511 -512
-512 -512 -512 -512
396 511 391 -512
-512 -512 -512 -387
292 511 511 -512
-512 -512 -512 11
192 511 511 -512
-512 -512 -512 511
214 511 511 -512
-512 -512 -512 511
307 511 511 -300
-512 -512 -512 511
486 511 511 511
-512 -512 -241 511
511 511 511 511
-512 -512 511 511
511 511 511 511
-512 -512 511 511
511 511 511 511
-512 -512 511 511
511 511 511 511
-512 -144 511 511
