511 511 511 511
511 511 511 511
511 511 511 511
511 511 4 -152
511 511 511 511
511 511 511 511
511 511 511 511
511 511 72 -158
511 511 511 511
511 511 511 511
511 511 511 511
511 511 145 -205
-512 -512 -512 -512
-512 -512 -503 193
511 511 511 511
511 511 -55 -435
-512 -512 -512 -512
-482 -132 498 511
511 511 511 511
511 511 -512 -512
511 511 511 511
511 511 511 511
511 511 511 511
511 -512 -512 -512
511 511 511 511
511 511 511 511
511 511 511 511
-512 -512 -512 -512
-512 -512 -512 -512
-512 -512 -136 511
511 511 381 -512
-512 -512 -512 -512
-512 -512 -512 -512
-512 -512 -512 -512
-44 163 -294 -512
-512 -512 -512 -512
-512 -512 -512 -512
-512 -512 -512 511
511 511 511 -369
-512 -512 -512 -512
-512 -512 -512 -512
-148 511 511 511
511 511 511 511
-512 -512 -512 -512
-512 -512 -512 84
511 511 511 511
511 511 511 511
-5 -512 -512 -512
-512 -512 -512 -512
95 511 511 511
511 511 511 511
511 472 268 202
-512 -512 -512 -512
-512 -512 -512 -512
12 511 511 511
511 511 511 511
-512 -512 -512 -512
-512 -512 -512 -512
-407 511 511 511
511 511 511 511
511 445 126 -202
-512 -512 -512 -424
153 511 511 511
511 511 511 511
