-512 -512 -512 -512
-512 -512 -512 -512
-404 -70 304 511
511 511 511 511
511 511 308 -372
-512 -512 -512 -512
-512 -512 -512 -512
-512 -512 -512 -512
-512 -512 -512 -512
-512 -512 -512 290
511 511 511 511
511 511 511 -396
-512 -512 -512 -512
-512 -512 -512 -512
-512 -173 356 511
511 511 511 455
511 511 511 511
511 511 511 511
511 511 511 511
511 511 511 511
511 511 -112 -512
-512 -512 -512 -512
-512 -512 -512 -512
-512 -512 -512 -374
511 511 511 511
511 511 511 511
511 511 471 346
325 373 422 511
511 511 376 112
-218 -512 -512 -512
-512 -512 -512 -512
-512 -512 -512 -512
