168 430 511 511
511 511 511 511
511 511 511 511
511 511 511 511
511 511 -412 -512
-512 -512 -512 -512
-512 -512 -512 -512
117 511 511 511
119 173 222 193
101 -108 -333 -512
-512 -512 -512 -512
-512 -512 -512 -512
-512 -512 -512 -512
-512 -512 -512 -512
-512 -512 -512 -512
-512 -512 -512 -512
34 -70 -211 -512
-512 -512 -512 -512
-512 -512 -512 -512
-512 -512 -512 -512
-512 511 511 511
511 511 511 511
511 511 293 -512
-512 -512 -512 -512
-145 -342 -512 -512
-512 -512 -512 -512
-512 -512 -512 -512
-512 -512 -512 -512
-324 244 511 511
511 511 511 511
511 494 -62 -512
-512 -512 -512 -512
