511 511 511 511
265 -512 -512 14
511 511 511 511
511 -512 -512 -112
511 511 511 511
511 -512 -512 -512
511 511 511 511
511 -512 -512 -512
511 511 511 511
511 511 -512 -512
511 511 511 511
511 511 -512 -512
511 511 511 511
511 511 -117 -512
-49 207 511 511
511 511 349 -512
-512 -512 412 511
511 511 479 -512
-512 -512 -145 511
511 511 225 -512
-512 -512 -512 -79
219 287 -227 -512
-512 -512 -512 -155
338 291 -512 -512
-512 -512 -512 163
511 511 -438 -512
-512 -512 -512 386
511 511 71 -512
-512 -512 -512 334
511 511 511 -512
-512 -512 -512 216
511 511 511 155
-512 -512 -512 122
511 511 511 511
-143 -256 -22 431
511 511 511 511
25 492 511 511
511 511 511 511
-493 511 511 511
511 511 511 511
-512 476 511 511
511 511 511 511
-512 285 511 511
511 511 511 511
-512 -155 511 511
511 511 423 511
445 -512 511 511
511 511 -512 -172
511 -512 -159 511
511 511 -512 -512
511 -257 -512 511
511 511 292 -512
511 511 -512 306
511 511 511 -371
511 511 -512 -512
511 511 511 102
511 511 -512 -512
511 511 511 511
511 511 511 -512
-512 511 511 511
511 511 511 -512
-512 511 511 511
511 511 511 -512
-512 -250 511 511
