-467 -512 -418 75
511 511 511 511
511 485 -512 -512
-512 -512 -512 -512
-512 -512 -512 -446
511 511 511 511
511 47 -512 -512
-512 -512 -512 -512
-512 -512 -512 -339
511 511 511 511
511 -512 -512 -512
-512 -512 -512 -512
-512 -512 -331 511
511 511 511 511
-2 -512 -512 -512
-512 -512 -512 -512
-129 303 511 511
511 511 511 511
-512 -512 -512 -512
-512 -512 -512 -512
511 511 511 511
511 511 511 -307
-512 -512 -512 -512
-512 -512 -512 -512
511 511 511 511
511 511 511 -512
-512 -512 -512 -512
-512 -512 -512 -512
511 511 511 511
511 511 -234 -512
-512 -512 -512 -512
-512 -512 -512 -512
511 511 511 511
511 511 -512 -512
-512 -512 -512 -512
-512 -512 249 511
511 511 511 511
511 355 -512 -512
-512 -512 -512 -512
-176 502 511 511
511 511 511 511
511 511 288 261
511 511 511 511
511 511 511 511
511 511 511 511
511 511 511 511
511 511 511 511
511 511 413 59
511 511 511 511
511 511 511 511
511 511 511 511
511 326 -512 -512
511 511 511 511
511 511 511 511
511 511 511 511
511 -383 -512 -512
511 511 511 511
511 511 511 511
511 511 511 511
63 -512 -512 -512
511 511 511 511
511 511 511 511
511 511 511 -172
-512 -512 -512 -512
511 511 511 511
511 511 511 511
511 224 -512 -512
-512 -512 -512 -512
511 511 511 511
511 511 511 511
-127 -512 -512 -512
-512 -512 -512 -512
419 511 511 511
511 511 511 15
-512 -512 -512 -512
-512 -173 511 511
-50 86 402 511
511 511 479 -465
-512 -512 -512 -512
-313 511 511 511
-319 -323 -23 511
511 511 403 -500
-512 -512 -512 -512
511 511 511 511
-347 -333 -8 511
511 511 511 -255
-512 -512 -512 -95
511 511 511 511
-125 58 431 511
511 511 511 204
-293 -380 52 511
511 511 511 511
227 511 511 511
511 511 511 511
511 511 511 511
511 511 511 511
511 511 511 511
511 511 511 511
511 511 511 511
511 511 511 511
511 511 511 511
511 511 511 511
511 511 511 511
511 511 511 511
511 511 511 511
511 511 511 511
511 511 511 511
511 511 -312 -512
511 511 511 511
511 511 511 511
511 511 511 511
511 326 -512 -512
511 511 511 511
511 511 511 511
511 511 511 511
511 -214 -512 -512
115 333 511 511
511 511 511 511
511 511 511 511
84 -252 -78 171
-303 -291 410 511
511 511 511 511
511 511 511 -384
-512 -153 511 511
-501 -512 196 511
511 511 511 511
511 511 414 -512
-512 -85 511 511
