7 -15 34 7
28 10 29 23
23 2 10 -13
30 1 21 11
8 4 44 0
33 26 36 20
6 -19 19 2
30 -11 -2 17
2 0 25 -5
27 15 49 25
27 -3 14 -10
24 3 16 2
8 -7 33 11
31 2 18 11
-9 -5 20 -5
21 -9 25 12
18 -5 0 -21
27 4 20 22
2 2 31 -8
17 2 13 -15
4 -4 13 14
34 -20 14 14
0 -12 7 -24
-2 -13 18 -4
15 -4 6 -13
24 9 25 9
-4 1 11 -4
17 -32 -11 -23
-10 -4 21 -9
10 -9 16 10
17 -11 -12 -26
10 -13 -2 -3
-8 -5 6 -16
3 -12 15 -24
8 -8 14 8
16 -24 -7 1
-2 -15 2 -30
-15 -19 -7 -14
5 3 -1 -16
18 1 11 -8
-4 -19 -3 -18
-2 -27 -23 -14
-3 -8 25 -6
-8 -10 0 -3
17 -9 -18 -18
3 -19 -10 -18
-3 -11 9 -15
-7 0 0 -21
0 -22 1 -11
-6 -20 -19 9
0 3 7 -12
-1 -11 -7 -11
6 -6 -1 -19
-3 0 -14 -27
7 -18 1 -1
2 -3 -5 13
-16 -13 1 -15
-26 -23 -2 -11
23 5 1 7
20 8 -6 -4
-4 -5 6 -16
-13 2 -13 -22
-10 -5 -6 0
2 -11 5 25
