-259 -493 -512 -512
-512 -439 -164 108
428 511 511 511
511 511 511 511
511 511 511 346
-163 -512 -512 -512
-512 -512 -512 -512
-512 -512 -512 -512
-512 -512 -512 -512
-512 -512 -512 -401
106 511 511 511
511 511 511 511
511 511 511 -175
-512 -512 -512 -512
-512 -512 -512 -512
-512 -512 -512 -512
-512 -512 -512 -512
-512 -512 -512 -290
301 511 511 511
511 511 511 511
511 511 46 -512
-512 -512 -512 -512
-512 -512 -512 -512
-512 -512 -512 -512
-488 -512 -512 -512
-512 -336 236 511
511 511 511 511
511 511 511 511
511 -202 -512 -512
-512 -512 -512 -512
-512 -512 -512 -512
-512 -512 -512 -512
-114 -118 13 388
511 511 511 511
511 511 511 511
511 511 511 356
-512 -512 -512 -512
-512 -512 -512 -512
-512 -512 -512 -512
-512 -512 -512 -512
264 511 511 511
511 511 511 511
511 511 511 511
511 511 511 -512
-512 -512 -512 -512
-512 -512 -512 -512
-512 -512 -512 -512
-512 -512 -512 -512
419 511 511 511
511 511 511 511
511 511 511 511
511 511 189 -512
-512 -512 -512 -512
-512 -512 -512 -512
-512 -512 -512 -512
-512 -512 -512 -512
478 511 511 511
511 511 511 511
511 511 511 511
419 -394 -512 -512
-512 -512 -512 -512
-512 -512 -512 -512
-512 -512 -512 -512
-512 -512 -512 -512
511 511 511 511
511 511 511 511
511 511 511 420
-318 -512 -512 -512
-512 -512 -512 -512
-512 -512 -512 -512
-512 -512 -512 -512
-90 493 511 511
511 511 511 511
511 511 511 511
511 511 511 243
-306 -512 -512 -512
-512 -512 -512 -512
-512 -512 -512 -512
-370 -61 283 511
511 511 511 511
511 511 511 511
511 511 511 511
511 511 511 511
403 260 226 283
416 511 511 511
511 511 511 511
511 511 511 511
511 511 511 511
495 511 511 511
511 511 511 511
511 511 511 511
511 511 511 511
511 511 511 511
511 511 511 511
511 511 511 511
511 311 171 62
511 511 511 511
511 511 511 511
511 511 511 511
511 511 511 511
511 511 511 511
511 511 511 511
511 511 511 82
-359 -512 -512 -512
511 511 511 511
511 511 511 511
511 511 511 511
511 511 511 511
511 511 511 511
511 511 511 511
511 482 -86 -512
-512 -512 -512 -512
511 511 511 511
511 511 511 511
511 511 511 511
511 511 511 511
511 511 511 511
511 511 511 511
309 -142 -512 -512
-512 -512 -512 -512
511 511 511 511
511 511 511 511
511 511 511 511
511 511 511 511
511 511 511 511
511 460 64 -318
-512 -512 -512 -512
-512 -512 -512 -512
511 511 511 511
511 511 511 511
511 511 511 511
511 511 511 511
511 511 505 86
-273 -512 -512 -512
-512 -512 -512 -512
-512 -512 -512 -512
471 511 511 511
511 511 511 511
511 511 511 511
511 511 511 511
215 -234 -512 -512
-512 -512 -512 -512
-512 -512 -512 -512
-512 -512 -512 -512
214 451 511 511
511 511 511 511
511 511 511 511
511 511 399 -133
-512 -512 -512 -512
-512 -512 -512 -512
-512 -512 -458 30
500 511 511 511
-41 -26 1 94
233 438 511 511
511 511 511 511
511 419 -81 -512
-512 -512 -512 -512
-512 -512 -512 -512
-512 -45 511 511
511 511 511 511
-190 -295 -365 -329
-207 27 258 511
511 511 511 511
511 356 -124 -512
-512 -512 -512 -512
-512 -512 -512 -512
56 511 511 511
511 511 511 511
-209 -317 -387 -346
-208 52 287 511
511 511 511 511
511 494 76 -391
-512 -512 -512 -512
-512 -512 -512 158
511 511 511 511
511 511 511 511
-92 -87 -61 45
223 494 511 511
511 511 511 511
511 511 440 109
-147 -391 -425 -371
-158 167 511 511
511 511 511 511
511 511 511 511
101 269 427 511
511 511 511 511
511 511 511 511
511 511 511 511
511 511 511 511
511 511 511 511
511 511 511 511
511 511 511 511
309 511 511 511
511 511 511 511
511 511 511 511
511 511 511 511
511 511 511 511
511 511 511 511
511 511 511 511
511 511 511 511
464 511 511 511
511 511 511 511
511 511 511 511
511 511 511 511
511 511 511 511
511 511 511 511
511 511 511 511
511 511 511 511
511 511 511 511
511 511 511 511
511 511 511 511
511 511 511 511
511 511 511 511
511 511 511 511
511 511 511 511
9 -512 -512 -512
458 511 511 511
511 511 511 511
511 511 511 511
511 511 511 511
511 511 511 511
511 511 511 511
511 511 511 -51
-512 -512 -512 -512
311 511 511 511
511 511 511 511
511 511 511 511
511 511 511 511
511 511 511 511
511 511 511 511
511 511 100 -473
-512 -512 -512 -512
50 137 201 380
511 511 511 511
511 511 511 511
511 511 511 511
511 511 511 511
511 511 511 511
301 -78 -258 -293
-149 6 178 211
-182 -281 -370 -238
-11 449 511 511
511 511 511 511
511 511 511 511
511 511 511 511
511 511 12 -512
-512 -512 -486 30
511 511 511 511
-291 -478 -512 -512
-284 245 511 511
511 511 511 511
511 511 511 511
511 511 511 511
511 63 -512 -512
-512 -512 -512 218
511 511 511 511
