511 511 511 511
511 511 511 511
439 -256 -512 -512
-512 -341 -5 100
511 511 511 511
511 511 511 511
511 -61 -512 -512
-512 -512 -149 85
511 511 511 511
511 511 511 511
511 360 -512 -512
-512 -512 -512 -120
511 511 511 511
511 511 511 511
511 511 -308 -512
-512 -512 -512 -427
511 511 511 511
511 511 511 511
511 511 511 -512
-512 -512 -512 -512
511 511 511 511
511 511 511 511
511 511 511 386
-512 -512 -512 -512
511 511 511 511
511 511 511 511
511 511 511 511
19 -512 -512 -512
-54 -16 132 444
511 511 511 511
511 511 511 511
489 -436 -512 -512
-512 -512 -512 -331
220 511 511 511
511 511 511 511
511 -209 -512 -512
-512 -512 -512 -512
-316 115 452 511
511 511 511 511
310 -358 -512 -512
-512 -512 -512 -512
-512 -358 -141 66
208 275 311 247
-152 -512 -512 -512
-512 -512 -512 -512
-512 -512 -260 97
327 386 339 143
-431 -512 -512 -512
-512 -512 -512 -512
-512 -512 -63 511
511 511 511 511
-295 -512 -512 -512
-512 -512 -512 -512
-512 -512 42 511
511 511 511 511
258 -512 -512 -512
-512 -512 -512 -512
-512 -512 -63 511
511 511 511 511
511 -329 -512 -512
-512 -512 -512 -512
-512 -512 -163 511
511 511 511 511
511 511 210 -239
-512 -512 -512 -512
-512 -512 -154 511
511 511 511 511
511 511 511 511
-21 -169 -305 -145
0 122 318 511
511 511 511 511
511 511 511 511
101 122 289 511
511 511 511 511
511 511 511 511
511 511 511 511
-504 -263 329 511
511 511 511 511
511 511 511 511
511 511 511 511
-512 -512 -98 511
511 511 511 511
511 511 511 511
511 511 511 511
-512 -512 -235 511
511 511 511 511
511 511 511 511
511 511 511 511
-512 -512 -454 511
511 511 511 511
511 511 511 266
365 511 511 511
511 44 -512 -294
511 511 511 511
511 511 511 338
-512 -512 -189 87
511 511 -193 -512
-512 511 511 511
511 511 511 511
-512 -512 -512 -512
511 511 511 -512
-512 -512 511 511
511 511 511 511
499 -512 -512 -512
511 511 511 -512
-512 -512 -280 511
511 511 511 511
511 312 -379 -409
511 511 511 445
-512 -512 -512 267
511 511 511 511
511 511 106 -230
511 511 511 511
28 -512 -512 -512
511 511 511 511
511 511 511 12
511 511 511 511
511 -231 -512 -512
-512 167 511 511
511 511 511 255
511 511 511 511
511 511 -512 -512
-512 -512 175 511
511 511 511 511
511 511 511 511
511 511 -512 -512
-512 -512 -512 511
511 511 511 511
