-512 -512 -462 511
511 511 511 511
-512 -512 -512 511
511 511 511 511
-512 -512 -512 511
511 511 511 511
-512 -512 -512 -512
511 511 511 511
-512 -512 -512 -512
511 511 511 511
-512 -512 -512 -512
-512 511 511 511
-512 -512 -512 -512
-512 125 511 511
-512 -512 -512 -512
-512 -512 511 511
-512 -512 -512 -512
-512 -512 484 511
-512 -512 -512 -512
-512 -512 277 511
-512 -512 -512 -512
-512 -512 511 511
-512 -512 -512 -512
-512 -150 511 511
-82 -512 -512 -512
-512 511 511 511
511 -136 -512 -512
-512 511 511 511
511 511 -512 -512
-512 511 511 511
511 511 -211 -512
-512 160 511 511
511 511 511 511
-479 -512 511 511
511 511 511 511
421 -512 511 511
511 511 511 511
511 -93 511 511
511 511 511 511
511 511 329 511
511 511 511 511
511 511 58 -512
511 511 511 511
511 511 291 -512
511 511 511 380
511 511 511 -512
511 511 511 -512
511 511 511 -512
511 511 511 -512
-512 511 511 -512
511 511 511 -512
-512 511 511 -491
511 511 511 474
-512 -260 511 255
511 511 511 511
-512 -512 511 511
511 511 511 511
-512 -512 60 511
-320 511 511 511
-512 -512 -512 511
-512 511 511 511
-233 -512 -512 232
-512 511 511 511
-8 -512 -482 32
