511 511 -512 511
511 511 -512 388
511 511 -512 99
511 107 -512 -182
511 -512 -512 -512
-176 -512 -512 -512
-512 -512 -512 -512
-512 -512 -512 -512
-512 -512 -512 -512
-512 -512 -446 -512
-512 -512 511 -512
-512 -512 511 -512
-512 -512 511 -512
-512 -512 511 -512
-512 -512 511 -512
-512 -512 511 -512
-512 -512 511 -512
-512 -205 511 -512
-512 379 511 -512
-512 511 511 -512
-512 511 511 -512
-512 511 511 -512
-512 511 511 -512
-512 511 511 -512
-512 511 511 -33
-512 511 78 441
-512 485 -512 511
-512 300 -512 511
-512 148 -512 511
-512 24 -512 511
-441 -17 -512 511
-246 -31 -512 370
