-512 -512 -512 -512
-512 -180 511 511
511 511 511 511
511 511 511 511
-512 -512 -512 -512
-512 -512 511 511
511 511 511 511
511 511 511 511
-512 -512 -512 -512
-512 -512 -512 511
511 511 511 511
511 511 511 511
-420 -512 -512 -512
-512 -512 -512 -232
511 511 511 511
511 511 511 511
-226 -512 -512 -512
-512 -512 -512 -512
64 511 511 511
511 511 511 511
-266 -512 -512 -512
-512 -512 -512 -512
-512 -201 511 511
511 511 511 511
-512 -512 -512 -512
-512 -512 -512 -512
-512 -512 -512 511
511 511 511 511
-512 -512 -512 -512
-512 -512 -512 -512
-512 -512 -512 -512
483 511 511 511
-512 -512 -512 -512
-512 -512 -512 -512
-512 -512 -512 -512
-260 511 511 511
-512 -512 -512 -512
-512 -512 -512 -512
-512 -512 -512 -512
-422 511 511 511
-512 -512 -512 -512
-512 -512 -512 -512
-512 -512 -512 -512
229 511 511 511
-512 -512 -512 -512
-512 -512 -512 -512
-512 -512 -512 204
511 511 511 511
84 -119 -512 -512
-512 -512 -512 -512
-512 -512 115 511
511 511 511 511
511 511 511 -264
-512 -512 -512 -512
-512 -498 511 511
511 511 511 511
511 511 511 511
-253 -512 -512 -512
-512 -507 337 511
511 511 511 511
511 511 511 511
147 -339 -512 -512
-512 -512 -396 511
511 511 511 511
511 511 511 511
511 511 511 468
-117 -512 -512 -423
511 511 511 511
511 511 511 511
511 511 511 511
511 129 -512 -512
352 511 511 511
511 511 511 511
511 511 511 511
511 511 502 -267
6 511 511 511
511 511 511 511
511 511 511 511
511 511 511 511
376 511 511 511
511 511 511 511
511 511 511 511
511 511 511 511
511 -322 -512 -512
511 511 511 511
511 511 511 511
511 511 511 511
511 -512 -512 -512
511 511 511 511
511 511 177 511
511 511 511 511
511 -173 -512 -512
511 511 511 511
511 511 -317 -512
40 511 511 511
511 511 -512 -512
511 511 511 511
511 511 -512 -512
-512 -214 511 511
511 511 -473 -512
511 511 511 511
511 511 396 -512
-512 -512 198 511
511 511 248 -512
511 511 511 511
511 511 511 0
-512 -512 -512 291
511 511 511 80
511 511 511 511
511 511 511 511
-512 -512 -512 -512
158 511 511 511
-67 511 511 511
511 511 511 511
-219 -512 -512 -512
-512 477 511 511
-512 -289 511 511
511 511 511 511
511 -512 -512 -512
-512 -136 511 511
-512 -512 397 511
511 511 511 511
511 -512 -512 -512
-512 -384 119 329
-512 -512 -16 511
511 511 511 511
511 -285 -512 -512
-512 -326 -43 86
