23 15 25 7
-14 -3 -34 -10
-9 -23 17 -20
19 -3 -11 2
-26 -14 -10 -21
9 -17 -16 -11
-35 -5 -4 -1
28 -29 -7 -44
1 -25 23 -5
19 18 1 9
-19 7 0 23
-1 40 -4 32
-4 14 27 -7
28 -2 15 23
-4 52 5 34
9 15 19 9
-19 -28 -35 9
12 37 8 4
7 -37 7 -29
32 -11 14 5
8 1 -10 0
-2 -5 -3 12
19 -1 8 -24
14 -30 17 13
-17 -20 -7 -17
-2 7 24 11
-11 2 -16 -1
-23 11 1 -2
-14 -7 0 -10
-3 8 11 -5
-19 -6 -17 -8
-20 12 0 -3
15 16 -10 -9
-4 -29 -11 -1
15 17 -17 14
-11 -15 -29 -26
-9 -22 -12 18
16 8 -16 -24
-23 -44 -26 9
1 8 -30 -12
-17 29 -3 18
-20 -12 13 -16
13 17 43 11
12 -19 19 -40
-1 12 26 49
5 41 12 -23
5 -19 43 0
20 28 17 3
-7 -16 -25 -2
40 -2 16 -2
0 20 -39 51
-8 21 -13 -1
25 -1 4 26
12 7 -2 11
30 6 -9 31
-19 28 -16 39
-40 -7 -28 3
-6 12 39 -16
-21 -30 -21 -25
-17 -8 32 -25
-6 -18 -25 -21
-58 -2 -4 -23
1 -28 4 -44
-38 -9 -17 -20
9 16 -19 8
14 -5 3 -2
12 -12 -30 -1
13 7 19 11
25 -15 -28 3
-4 6 -6 5
22 -18 6 17
19 6 -21 -3
6 20 42 3
-2 -17 1 -11
-24 23 1 30
-18 32 11 7
-10 3 17 -2
4 12 13 -8
-14 25 19 36
-2 35 -5 -17
17 17 0 28
7 4 -34 -20
8 -19 31 0
53 -17 -2 -10
7 6 -1 23
12 -6 -16 1
21 -1 25 6
39 -22 4 0
-5 -25 24 -13
-1 11 -5 -1
-35 -4 2 1
-16 9 -19 -2
-31 3 9 -25
-9 -25 -4 -10
-29 19 -18 -8
-27 -9 -3 -20
8 -36 -13 -22
5 21 -7 30
6 -18 -18 -33
3 -4 -11 25
-8 -8 -22 -24
13 -17 -1 10
-14 -6 -34 -9
2 -23 0 -1
-8 -22 -1 -10
-17 32 13 39
21 -6 35 -42
23 0 33 31
0 20 11 6
31 31 42 24
3 13 18 -5
38 7 53 20
18 -25 18 -23
6 -5 -25 14
-6 21 -1 18
-12 1 -50 0
-25 2 12 -1
33 -16 -6 -3
-31 7 -39 13
-12 -2 -4 3
4 6 9 8
-17 -3 -27 -16
-2 -4 44 -5
19 -36 -29 -39
-26 9 16 17
3 -13 -19 -25
-19 -14 2 -21
6 -24 4 -16
