511 -512 -512 511
511 -512 -512 511
511 -512 -512 511
511 -512 -512 511
511 -384 -512 511
-374 511 -512 113
-512 511 368 -512
-512 511 511 -512
-512 511 511 -512
-512 511 511 -512
-512 511 511 -512
-512 511 511 -512
-512 511 511 -512
-512 511 511 -512
-512 511 511 -512
-512 511 511 -512
159 511 511 -344
511 -82 511 30
511 -512 511 325
511 -512 511 511
511 -512 511 511
511 -512 511 511
511 -451 511 315
511 -106 511 7
511 511 511 -245
511 511 511 -491
511 511 511 -512
511 511 511 -512
511 511 511 -512
342 511 511 -512
199 511 511 -510
65 511 511 -282
