-304 -466 -287 287
511 511 511 511
511 511 511 511
511 511 511 511
-313 -512 -512 -512
258 511 511 511
511 511 511 511
511 511 511 511
-103 -387 -512 -512
-512 -512 511 511
511 511 511 511
511 511 511 511
-247 -512 -512 -512
-512 -512 -512 196
511 511 511 511
511 511 511 511
-512 -512 -512 -512
-512 -512 -512 -512
-512 -177 291 511
511 511 -223 -512
-512 -512 -512 -512
-512 -512 -512 -512
-512 -512 -512 -512
-439 -512 -512 -512
-512 -512 -512 -512
-512 -512 -512 -512
-512 -512 33 511
511 90 -512 -512
-512 -512 -512 -512
-512 -512 -512 -512
-512 -512 140 511
511 511 511 410
42 -89 -464 -512
-512 -512 -512 -512
-512 -512 -512 -64
511 511 511 511
-512 -512 -512 -512
-512 129 511 423
-188 -512 -512 -512
511 511 511 511
-512 -512 -512 -512
-512 -428 511 511
511 511 511 335
511 511 511 511
86 -484 -512 -512
-512 -512 -512 511
511 511 511 511
511 511 511 511
511 511 511 94
-512 -512 -512 -512
511 511 511 511
511 511 511 511
511 511 511 511
511 -512 -512 -512
-512 511 511 511
511 511 511 511
511 511 511 511
511 511 511 108
-512 -417 511 511
511 511 511 511
511 511 511 511
511 511 511 511
414 -512 -512 -223
511 511 511 511
