-512 -512 -512 -512
-512 204 511 -512
-512 -512 -512 -512
-512 -172 221 -79
-512 -512 -512 -512
-512 314 511 -512
-512 -512 -512 -512
-512 -225 22 -367
-512 -512 -512 -512
-512 511 511 -472
-512 -512 -512 -512
-512 -360 -336 -512
-512 -512 -512 -512
-512 511 511 -327
-512 -512 -512 -512
-512 -512 -512 -512
-512 -512 -512 -512
-512 511 511 -76
-512 -512 -512 -512
-512 -512 -512 -512
-512 -512 -512 -512
-425 511 511 334
-512 -512 -512 -512
-512 -512 -512 -512
-512 -512 -512 -512
420 511 511 511
-512 -512 -512 -512
-512 -512 -512 -512
-512 -512 -512 -512
511 511 511 511
-512 -512 -512 -512
-512 -512 -512 -512
-512 -512 -512 -512
511 511 511 511
-512 -512 -512 -512
-512 -512 -512 -512
-512 -512 -512 -512
511 511 511 511
-512 -512 -512 -512
-512 -512 -512 -512
-512 -512 -512 -118
511 511 511 511
-512 -512 -512 -512
-512 -512 -512 -512
-512 -512 -512 511
511 511 511 472
-512 -512 -512 -512
-512 -512 -512 -512
-512 -512 -512 511
511 511 511 -512
-512 -512 -512 -512
-512 -512 -512 -512
-512 -512 52 511
511 511 511 -512
-512 -512 -512 -512
-512 -512 -512 -512
-512 -512 511 511
511 511 511 -512
-512 -512 -512 -512
-512 -512 -512 -512
-488 267 511 511
511 511 -512 -512
-512 -512 -512 -512
-512 -512 -512 -512
68 511 511 511
511 511 -512 -512
-512 -512 -512 -512
-512 -512 -512 -512
446 511 511 511
511 511 -512 -512
-512 -512 -512 -512
-512 -512 -512 -512
511 511 511 511
511 -335 -512 -512
-512 -512 -512 -512
-512 -512 -512 -512
511 511 511 511
511 -512 -512 -512
-512 -512 -512 -512
-512 -512 -512 -512
511 511 511 511
511 -512 -512 -512
-512 -512 -512 -512
-512 -512 -512 -323
511 511 511 511
511 -512 -512 -512
-512 -512 -512 -512
-512 -512 -444 511
511 511 511 511
511 -512 -512 -512
-512 -512 -512 -512
-512 -512 322 511
511 511 511 511
511 214 -512 -512
-512 -512 -512 -512
-512 -512 511 511
511 511 511 511
511 511 -192 -512
-512 -512 -512 -512
-512 -456 511 511
511 511 511 511
511 511 511 -512
-512 -512 -512 -512
-512 64 511 511
511 511 511 511
511 511 511 194
-512 -512 -512 -512
-512 511 511 511
511 511 511 511
511 511 511 511
-512 -512 -512 -512
-77 511 511 511
511 511 511 511
511 511 511 511
-363 -512 -512 -421
511 511 511 511
511 511 511 511
511 511 511 511
31 -512 -512 359
511 511 511 511
511 511 511 511
511 511 511 511
-12 -512 -426 511
511 511 511 511
511 511 511 511
511 511 511 511
-57 -512 -353 511
511 511 511 511
