-300 -195 -46 219
511 511 511 511
511 511 511 511
511 511 511 511
511 511 511 511
511 511 468 -62
-436 -512 -512 -512
-512 -512 -396 -203
-512 -512 -512 -512
-512 -512 -512 -512
-512 -512 -512 2
511 511 511 511
511 511 511 511
511 511 511 511
511 511 511 270
-148 -422 -423 -274
-512 -512 -512 -512
-512 -512 -512 -512
-512 -512 -512 -512
-512 -512 -512 -512
-420 -114 210 511
511 511 511 511
511 511 511 511
213 -103 -226 -157
-512 -512 -512 -512
-512 -512 -512 -512
-512 -512 -512 -512
-134 493 511 511
511 511 511 511
511 511 511 511
511 511 511 511
511 511 511 229
511 511 511 511
511 511 511 511
511 511 511 511
511 511 511 511
511 511 511 511
511 511 511 511
511 511 511 511
511 511 511 511
511 511 511 511
511 511 511 511
511 511 511 511
511 511 511 511
511 511 511 511
427 -309 -512 -512
-512 -512 -417 -14
334 511 502 308
511 511 511 511
511 511 231 -512
-512 -512 -512 -512
-512 -420 511 511
511 511 511 511
511 511 511 511
511 -24 -512 -512
-512 -512 -512 -467
511 511 511 511
511 511 511 511
511 511 511 -512
-512 -512 -512 -512
-512 -512 -512 -512
-393 477 511 511
511 511 511 511
511 511 331 107
