-512 25 -17 -512
-512 -512 -512 -168
-512 137 -512 -512
-512 -512 -512 422
211 283 -512 -512
-512 -512 -512 511
511 316 -512 -512
-512 -512 -413 511
511 511 -512 -512
-512 -512 -5 511
511 511 -512 -512
-512 -512 511 511
511 511 -512 -512
-325 511 511 511
511 511 -290 16
511 511 511 511
511 511 511 511
511 511 511 454
511 511 511 511
511 511 -284 -512
511 511 511 511
511 511 -512 -512
511 511 511 511
511 -512 -512 -512
511 511 511 511
511 -512 -512 -512
511 511 511 511
-318 -512 -512 -512
511 511 511 125
-512 -512 -512 -512
511 511 511 -512
-512 -512 -512 -76
511 511 335 -512
-512 -512 511 511
487 511 195 -512
-512 511 511 511
-278 444 429 -159
40 511 511 511
-487 511 511 511
511 511 511 511
-67 511 511 511
511 511 511 511
511 511 511 511
511 511 511 511
511 511 511 511
511 511 511 511
511 511 511 511
511 511 511 511
511 511 511 511
511 511 -374 -512
511 511 511 511
511 511 -512 -512
511 511 511 511
511 77 -512 -512
511 511 511 511
511 -512 -512 -512
511 511 511 511
511 -512 -512 -512
511 511 511 511
-512 -512 -512 -512
511 511 511 511
-512 -512 -512 511
511 511 511 511
-512 -512 -512 511
