511 511 511 511
511 511 511 511
511 511 511 511
511 511 511 511
511 511 511 511
511 511 511 511
16 -277 -512 -512
-512 54 511 511
-304 -484 -512 -512
-504 511 511 511
511 511 511 511
511 511 511 511
511 511 511 511
511 511 511 511
511 511 511 511
511 511 511 -512
260 -512 -512 -512
73 511 -512 -512
-512 -512 -512 -512
511 511 -512 -512
-512 -512 -512 305
511 511 511 -512
-512 -512 20 511
511 511 511 -512
-512 -512 -512 511
511 511 511 -512
-512 -512 -512 511
511 511 511 -512
-512 -512 -512 -512
511 511 511 511
-512 -512 -512 -512
426 511 511 511
