32 3 19 -30
6 -28 -23 -15
-23 -5 -30 6
-9 -3 -32 -42
2 4 5 11
27 7 -8 -20
17 41 31 21
-3 27 18 16
0 22 -36 -3
-15 30 18 2
16 -15 -3 -29
3 21 18 -13
7 -21 -28 -19
10 22 -34 -5
-10 0 -16 -59
-14 -35 13 -16
35 -30 34 -36
44 20 -30 25
-16 51 9 1
33 0 43 -4
41 10 36 -39
11 -4 -16 1
-18 27 -5 4
9 19 10 -41
-15 12 -31 19
7 2 -22 -50
9 -2 11 -9
-31 0 -13 -11
-3 30 -47 11
-13 23 23 9
41 -21 -3 -12
6 21 14 14
-8 -21 -2 -13
12 16 0 10
-7 2 -7 -16
-6 -9 14 2
4 -23 45 -22
11 -20 -18 5
-26 20 -2 12
-11 -16 0 -3
14 21 20 0
-5 -13 6 9
1 -11 0 38
28 17 -12 -13
-32 9 -15 37
-19 -11 -10 -14
11 -23 14 -1
-14 -33 -18 17
-30 0 -11 10
-25 11 38 25
5 -32 -3 1
9 2 8 17
-17 -7 11 2
-3 -16 32 16
10 -9 -13 22
-20 6 -12 30
-22 -1 3 21
1 -42 0 -35
-3 -22 -10 40
-33 -4 -55 7
5 42 9 21
-33 -14 21 7
16 -14 16 28
26 21 -7 0
-23 -21 9 23
-6 17 -9 15
-15 4 28 -13
24 -35 19 13
11 -32 0 -32
-8 -3 -8 26
-26 -13 -39 -42
-6 -38 -2 -5
8 -8 0 -6
24 1 30 6
12 14 -10 26
-1 38 -2 19
-6 25 -8 30
4 -13 4 -45
21 24 28 21
-26 32 -13 10
22 28 -24 -4
-29 -1 -21 -28
-18 -24 -10 -35
11 -5 -19 -59
22 -24 2 -4
27 32 -25 26
2 43 20 -29
33 -20 44 17
24 -39 5 -41
33 26 3 22
-15 34 -17 -25
7 14 34 1
22 -5 0 -36
1 -10 -5 -18
-20 4 -32 -29
-34 6 -15 -34
11 10 -7 24
23 13 -30 -26
11 33 37 7
18 6 11 -2
28 30 -7 0
-15 14 -12 11
9 2 14 -10
44 9 21 -18
-16 -18 -13 -7
3 2 -3 -19
-13 -8 -16 -26
-38 -15 -11 -11
-9 -10 -5 -11
18 0 33 5
19 8 -15 16
-29 31 3 30
6 5 8 -7
-3 -6 6 18
2 -14 -10 20
18 4 -3 1
-11 -4 26 19
-10 -6 -48 -3
-23 1 30 -8
17 -58 1 -14
-9 19 18 5
-29 -3 12 23
-2 -22 11 18
29 0 8 -4
-37 2 -19 15
1 -19 37 -10
27 -29 -21 32
-49 16 -32 35
