308 -512 -512 511
511 -512 -512 511
224 -512 -512 511
-204 -512 -512 511
-480 -512 -512 511
-512 -512 -512 511
-512 -512 -512 511
-417 -512 -512 511
-160 -512 -512 511
-334 -512 -512 511
-512 64 -512 511
-512 511 -512 58
-512 511 -512 -512
-512 511 -512 -512
-512 511 -512 -512
-512 511 -512 -512
-512 511 -512 -512
-512 511 -187 -512
-512 511 431 -512
-512 511 511 -512
-263 511 511 -501
208 511 511 -313
511 511 511 -220
511 353 511 -283
511 382 511 -430
511 511 511 -512
511 511 511 -512
511 511 511 -512
511 511 511 -512
511 511 511 -512
511 511 511 -512
511 511 511 -512
