23 26 13 21
-28 6 -29 -27
-28 -4 18 -17
27 2 28 3
8 13 -10 12
-38 0 -7 -12
2 8 14 -20
5 -6 3 -8
14 38 -25 25
-11 -13 -28 -4
4 -40 -4 0
22 -4 12 18
8 7 -9 -3
4 7 -37 24
-5 -24 12 -3
27 -25 10 2
19 23 23 -15
-40 8 -27 -20
-28 -12 16 -20
21 15 48 -9
-9 20 -30 8
-43 18 17 -24
10 5 31 -2
5 5 12 -25
16 1 -34 35
-4 -13 -10 -11
3 -14 -4 -15
25 -15 -14 31
10 -11 -6 28
1 -4 -26 18
4 -12 2 -24
43 -17 -3 17
8 28 11 9
-23 -3 -32 -22
-9 -17 23 7
22 8 22 -5
-3 17 -21 -7
-35 3 -7 2
16 7 29 -5
4 -22 10 -15
-2 10 0 8
-1 16 -16 13
-1 -12 8 -12
11 -20 17 -5
1 26 -11 19
-11 7 -15 -10
2 -27 2 -10
-2 -6 13 5
29 22 -26 33
-24 -13 -12 -13
1 -13 1 -3
36 10 5 26
11 -27 -14 -1
-11 -4 -24 18
-9 2 6 -10
39 -19 -11 -4
-4 2 12 -9
-24 34 -3 -1
-17 3 13 -33
-3 -4 36 -15
-1 25 -2 24
-25 17 9 -37
-15 -9 -1 -16
-4 22 28 -1
-1 22 -20 19
-2 -21 -31 3
2 -30 -2 12
28 -11 3 14
10 14 -8 -9
1 -5 -36 21
2 -23 13 7
16 -17 9 21
-11 2 1 7
-17 20 1 -25
-7 2 18 -19
-12 5 10 -3
4 19 14 16
-22 4 -4 -22
-14 3 1 -29
7 7 36 9
5 -9 5 2
-5 4 2 6
-10 5 0 -19
19 -10 7 9
3 13 -11 24
-17 1 0 -23
-6 -19 1 -15
10 9 1 16
0 17 -26 11
5 0 4 9
24 -22 -3 5
-2 3 1 13
0 -1 -1 -5
15 4 -30 11
-16 -28 -4 -6
21 -16 16 1
-21 -7 16 -10
-7 31 12 17
1 3 7 -18
-11 -10 11 -23
-1 30 3 15
-14 16 13 -32
-16 -16 -4 -9
-15 9 23 6
7 -19 -30 28
13 -11 -9 3
3 10 -2 -2
23 -24 -20 22
11 -22 -2 21
8 -19 -23 20
13 -1 -11 -10
21 -2 -18 23
-39 -8 -4 2
-9 29 19 8
14 -5 3 -12
-32 -9 -10 -25
7 21 28 7
5 19 7 -10
-26 -4 -10 -9
-8 0 36 15
2 -4 -3 -15
11 -1 -14 23
-3 -4 -7 -2
9 -16 15 -1
-6 6 -17 6
10 2 -4 0
13 -20 0 17
-6 11 -6 2
-11 -12 -19 16
6 12 38 11
19 -2 -16 -18
-20 -6 -29 9
10 -5 26 17
22 9 -3 -4
-34 -17 -23 -21
17 -2 10 19
2 -3 26 -12
-1 17 9 -16
-12 17 12 -10
-17 9 11 -9
-7 12 6 8
-16 1 16 -26
0 10 -2 -16
-17 12 8 -12
-19 -6 -4 7
37 -9 4 30
12 -13 -20 7
-6 -32 -28 4
7 26 14 6
31 -3 -17 9
-3 -38 -12 3
-12 -8 -1 32
-8 2 7 -9
-12 16 18 -25
0 6 6 -7
-38 22 1 -12
-3 -3 24 -6
0 10 17 -8
-15 25 -4 -11
-6 7 21 -16
4 -29 -1 -9
12 -3 11 25
-9 12 -25 -17
6 -22 -12 4
3 -9 -1 22
19 3 18 -5
2 -9 -14 10
-2 21 -25 16
-11 1 -14 -2
12 2 9 8
17 -7 -10 10
-26 -1 -13 -7
0 -11 17 -13
30 4 -3 21
-4 4 -11 12
-6 -5 2 -6
-13 -4 23 -11
7 7 6 4
2 9 4 13
-18 2 -7 -24
-4 5 7 -15
0 2 21 -1
7 17 0 12
-30 -3 -6 -12
9 -34 -9 10
39 -12 13 18
6 24 -16 3
4 -25 -35 16
2 -24 2 19
26 -20 -1 14
19 -2 -22 -1
-3 4 -40 14
-3 9 17 -19
-13 -1 21 -20
10 3 5 18
-30 41 -3 -15
-12 -15 8 -34
-2 8 27 2
-6 34 9 10
-10 -8 3 -34
-4 -20 2 -29
34 -14 4 33
4 2 -23 8
-7 -16 -7 1
-10 2 -8 0
33 -2 7 4
16 -22 -7 27
-15 16 -18 7
8 -2 8 -9
-7 -22 5 -27
-6 13 1 22
-5 31 -10 3
-3 -28 5 -29
-3 -13 17 12
8 42 8 13
-2 1 -16 -15
-12 -16 16 -12
6 7 17 -13
-5 26 5 6
-26 11 -10 -13
-1 -8 23 -10
1 -9 19 -9
-3 29 -11 0
-23 16 0 -2
13 4 10 -16
24 -34 -21 19
-4 5 -9 40
24 2 1 3
-6 -16 -21 -37
13 -22 -4 22
27 4 6 43
-23 1 -41 -7
-8 2 11 -20
-10 12 32 -13
13 16 6 15
-38 41 0 -17
-9 -24 18 -35
4 4 23 -5
-20 34 -7 8
-14 5 7 -30
23 -28 3 -16
20 -33 0 11
-6 29 -11 22
27 4 -13 16
-8 -40 -25 -11
7 -26 13 13
31 18 0 28
-2 13 -54 -5
-14 -10 9 -22
11 -17 5 -7
11 10 5 36
-16 20 -15 -11
-12 -14 0 -35
6 -12 13 15
19 28 9 24
-16 -4 -7 -13
