-512 -512 -512 -512
-512 -512 -512 -512
-512 -512 -512 370
511 511 206 -512
-512 -512 -512 -512
-512 -512 -512 -512
-512 -512 -512 19
197 93 -201 -314
-512 -512 -512 -512
-512 -512 -512 -512
-512 -512 -153 511
511 511 472 -512
-512 -512 -512 -512
-512 -512 -512 -512
-512 -512 -512 -350
-411 -512 -512 -512
-512 -512 -512 -512
-512 -512 -512 -512
-512 -512 511 511
511 511 511 -227
-512 -512 -512 -512
-512 -512 -512 -512
-512 -512 -512 -512
-512 -512 -512 -512
-512 -512 -512 -512
-512 -512 -512 -512
-512 511 511 511
511 511 511 508
-512 -512 -512 -512
-512 -512 -512 -512
-512 -512 -512 -512
-512 -512 -512 -512
-512 -512 -512 -512
-512 -512 -512 -512
511 511 511 511
511 511 511 511
-512 -512 -512 -512
-512 -512 -512 -512
-512 -512 -512 -512
-512 -512 -512 -512
-512 -512 -512 -512
-512 -512 -512 511
511 511 511 511
511 511 511 455
-512 -512 -512 -512
-512 -512 -512 -512
-512 -512 -512 -512
-512 -512 -512 -512
-512 -512 -512 -512
-512 -339 511 511
511 511 511 511
511 511 206 -512
-512 -512 -512 -512
-512 -512 -512 -512
-512 -512 -512 -512
-512 -512 -512 -512
-512 -512 -512 -195
511 511 511 511
511 511 511 511
511 -367 -512 -512
-512 -512 -512 -512
-512 -512 -512 -512
-512 -512 -512 -512
-512 -512 -512 -512
82 325 511 511
511 511 511 511
511 511 511 511
-512 -512 -512 -512
-512 -512 -512 -512
-512 -512 -512 -512
-512 -512 -512 -512
-512 -512 -512 -512
379 511 511 511
511 511 511 511
511 511 398 -512
-512 -512 -512 -512
-512 -512 -512 -512
-512 -512 -512 -512
-512 -512 -512 -512
-512 -512 -512 -512
458 511 511 511
511 511 511 511
511 511 -288 -512
-512 -512 -512 -512
-512 -512 -512 -512
-512 -512 -512 -512
-512 -512 -512 -512
-512 -512 -52 230
386 511 511 511
511 511 511 511
511 511 461 -369
-512 -512 -512 -512
-512 -512 -512 -512
-512 -512 -512 -512
-512 -512 -512 -512
110 511 511 511
281 511 511 511
511 511 511 511
511 511 511 511
511 205 -512 -512
-512 -512 -512 -512
-512 -512 -512 -512
-512 -512 -512 227
511 511 511 511
256 511 511 511
511 511 511 511
511 511 511 511
511 511 511 287
-512 -512 -512 -512
-512 -512 -512 -512
-512 -237 511 511
511 511 511 511
339 511 511 511
511 511 511 511
511 511 511 511
511 511 511 511
378 -385 -512 -512
-512 -512 -371 168
511 511 511 511
511 511 511 511
355 511 511 511
511 511 511 511
511 511 511 511
511 511 511 511
509 -241 -512 -512
-512 -250 265 511
511 511 511 511
511 511 511 511
