511 511 511 -512
511 511 511 -512
-81 511 511 -512
-512 511 511 -512
-512 511 -161 -512
-512 511 -512 -512
-512 511 -512 -512
-512 511 -512 -512
-512 511 -512 -512
-512 511 -512 9
-512 511 -512 511
-512 511 -512 511
-207 511 -512 511
511 511 95 511
511 511 511 511
511 511 511 -114
511 511 511 -512
511 511 511 -512
511 511 511 -512
511 383 511 -512
511 215 511 -512
511 -19 511 -512
511 -512 511 -512
511 -512 511 -512
511 -512 511 -512
511 -512 126 -512
511 -512 -512 -512
511 -512 -512 -512
439 -512 -512 -512
5 -512 -512 -381
-98 -512 -512 -253
-119 -512 -512 -100
