511 511 511 511
511 511 511 511
511 511 511 511
511 511 -2 -160
511 511 511 511
511 511 511 511
511 511 511 511
511 511 -42 -198
511 511 511 511
511 511 511 511
511 511 511 511
511 511 -6 -194
511 511 511 511
511 511 511 511
511 511 511 511
511 511 98 -166
511 511 511 511
511 511 511 511
511 511 511 511
511 511 296 -97
511 511 488 300
174 196 459 511
511 511 511 511
511 511 120 -238
-438 -512 -512 -512
-512 -512 -403 230
511 511 511 511
511 511 24 -353
-512 -512 -512 -512
-512 -512 -512 247
511 511 511 511
511 511 -137 -512
-512 -512 -512 -512
-512 -472 132 511
511 511 511 511
511 511 -512 -512
1 -96 -145 -48
156 511 511 511
511 511 511 511
511 511 -512 -512
511 511 511 511
511 511 511 511
511 511 511 511
511 -301 -512 -512
511 511 511 511
511 511 511 511
511 511 511 511
511 -512 -512 -512
511 511 511 511
511 511 511 511
511 511 511 511
-321 -512 -512 -512
511 511 511 511
511 511 511 511
511 511 511 511
-512 -512 -512 -512
-294 -452 -495 -512
-414 -183 315 511
511 511 511 -512
-512 -512 -512 -512
-512 -512 -512 -512
-512 -512 -512 -512
4 77 -447 -512
-512 -512 -512 -512
-512 -512 -512 -512
-512 -512 -512 -512
-154 29 -428 -512
-512 -512 -512 -512
-512 -512 -512 -512
-512 -512 -512 -493
340 511 188 -512
-512 -512 -512 -512
-512 -512 -512 -512
-512 -512 -512 192
511 511 511 -512
-512 -512 -512 -512
-512 -512 -512 -512
-512 -512 511 511
511 511 511 511
-512 -512 -512 -512
-512 -512 -512 -512
-302 511 511 511
511 511 511 511
-512 -512 -512 -512
-512 -512 -512 -330
511 511 511 511
511 511 511 511
-356 -512 -512 -512
-512 -512 -512 81
511 511 511 511
511 511 511 511
31 -512 -512 -512
-512 -512 -512 -174
511 511 511 511
511 511 511 511
48 -512 -512 -512
-512 -512 -512 -512
224 511 511 511
511 511 511 511
511 295 57 59
-512 -512 -512 -512
-512 -168 452 511
511 511 511 511
511 511 511 511
-512 -512 -512 -512
-512 -512 -512 -512
90 511 511 511
511 511 511 511
-512 -512 -512 -512
-512 -512 -512 -512
-511 511 511 511
511 511 511 511
-512 -512 -512 -512
-512 -512 -512 -512
-438 511 511 511
511 511 511 511
102 -31 -377 -512
-512 -512 -512 -512
-99 511 511 511
511 511 511 511
511 415 101 -218
-512 -512 -512 -384
210 511 511 511
511 511 511 511
458 374 182 -17
-217 -320 -297 -159
165 511 511 511
511 511 511 511
