511 511 -512 511
511 511 -512 511
511 511 -512 511
511 511 -512 511
511 511 -512 511
511 511 -512 511
511 511 -512 511
511 511 -512 511
511 349 -512 511
511 -512 -512 511
-512 -512 -512 511
-512 -512 -512 511
-512 -512 -512 511
-512 -512 -512 511
-512 -512 -512 511
-512 -512 -512 511
-512 -512 -512 511
-512 -512 -512 511
-512 -512 -512 511
-512 -512 -512 511
-512 255 -512 511
-512 511 -512 511
-512 511 -512 511
-512 511 -512 103
-512 511 -512 -308
-512 511 -512 -512
-512 313 -512 -512
-512 -512 -512 -512
-512 -512 -512 -512
-512 -512 -512 -512
-512 -512 -512 -512
-512 -512 -512 -512
