-184 -275 -152 209
511 511 511 511
511 511 511 511
356 266 406 511
-297 -456 -277 294
511 511 511 511
511 511 511 511
511 511 511 511
-349 -512 -512 -48
511 511 511 511
511 511 511 511
511 511 511 511
-329 -512 -512 -512
167 511 511 511
511 511 511 511
511 511 511 485
-206 -512 -512 -512
-512 302 511 511
511 511 511 511
511 511 511 500
-76 -341 -512 -512
-512 -512 492 511
511 511 511 511
511 511 511 511
-86 -333 -512 -512
-512 -512 -249 511
511 511 511 511
511 511 511 511
-289 -512 -512 -512
-512 -512 -512 96
511 511 511 511
511 511 511 511
-512 -512 -512 -512
-512 -512 -512 -512
165 511 511 511
511 511 511 231
-512 -512 -512 -512
-512 -512 -512 -512
-512 -311 139 511
511 420 -351 -512
-512 -512 -512 -512
-512 -512 -512 -512
-512 -512 -512 -377
-212 -512 -512 -512
-512 -512 -512 -512
-512 -512 -512 -512
-512 -512 -512 -461
-375 -512 -512 -512
-512 -512 -512 -512
-512 -512 -512 -512
-512 -512 -406 160
199 -512 -512 -512
-512 -512 -512 -512
-512 -512 -512 -512
-512 -512 104 511
511 212 -512 -512
-512 -512 -512 -512
-512 -512 -512 -512
-512 -512 330 511
511 511 -246 -512
-443 -512 -512 -512
-512 -512 -512 -512
-512 -512 52 511
511 511 511 511
-40 -253 -512 -512
-512 -512 -512 -512
-512 -512 -512 511
511 511 511 511
12 -136 -490 -512
-512 -512 -512 -512
-512 -512 -512 -335
511 511 511 511
-228 -512 -512 -512
-508 -150 -152 -451
-512 -512 -512 -512
511 511 511 511
-512 -512 -512 -512
-512 162 511 511
215 -512 -512 -512
511 511 511 511
-512 -512 -512 -512
-512 -274 511 511
511 511 -186 -348
511 511 511 511
-512 -512 -512 -512
-512 -512 511 511
511 511 511 511
511 511 511 511
-389 -512 -512 -512
-512 -512 266 511
511 511 511 511
511 511 511 511
405 46 -512 -512
-512 -512 -512 511
511 511 511 511
511 511 511 511
511 511 511 -512
-512 -512 -512 -512
511 511 511 511
511 511 511 511
511 511 511 511
-512 -512 -512 -512
500 511 511 511
511 511 511 511
511 511 511 511
431 -512 -512 -512
-512 511 511 511
511 511 511 511
511 511 511 511
511 4 -512 -512
-512 262 511 511
511 511 511 511
511 511 511 511
511 511 310 -512
-512 -278 511 511
511 511 511 511
511 511 511 511
511 511 511 511
-364 -512 51 511
511 511 511 511
511 511 511 511
511 511 511 511
200 -512 -512 183
511 511 511 511
386 511 511 511
511 511 511 511
511 -512 -512 -431
511 511 511 511
