511 511 -512 511
511 511 -512 511
511 511 -512 511
511 511 -512 312
511 511 -512 -377
511 511 -512 -512
511 511 -512 -512
511 511 -512 -512
511 94 -512 -512
458 -441 -512 -512
101 -512 -512 -512
-237 -512 -512 -512
-512 -512 -512 -512
-512 -512 -253 -512
-512 -512 511 -512
-512 -512 511 -512
-512 -512 511 -512
-512 -512 511 -512
-512 -512 511 -512
-512 -512 511 -512
-512 -512 511 -512
-512 -512 511 -512
-512 -512 511 -512
-512 -512 511 -512
-512 -512 511 -512
-512 -512 511 -512
-512 -512 511 -512
-512 -512 511 -512
-512 -512 511 -512
-512 -512 443 -512
-512 -512 -76 -512
-512 -512 -386 -512
