-512 -512 511 -512
-512 -316 511 511
-512 -512 511 -512
-512 -413 511 207
-512 -468 511 -512
-512 -512 511 -512
-512 511 511 -512
-512 -512 302 -512
-512 511 511 -512
-512 -512 -376 -512
-512 511 368 -512
-512 -326 -512 -512
511 511 -512 -512
-512 511 -213 -512
511 511 -512 -512
-512 511 -482 -512
511 -512 -512 -512
-512 511 12 511
511 -512 -512 -512
-446 511 511 511
511 146 -512 -512
-391 477 511 511
511 511 345 -182
-433 110 511 511
511 511 511 511
-512 162 511 511
511 511 511 487
-512 362 511 511
511 511 511 511
158 511 511 414
511 511 511 511
511 511 511 -24
