-512 -512 -512 -222
289 511 511 511
511 511 511 511
462 -132 -512 -512
-512 -512 -512 -512
-512 -512 -512 -512
-512 -512 -512 -512
-512 -512 -512 -512
511 511 511 511
511 511 511 511
511 266 -458 -512
-512 -512 -512 -512
-512 -512 -512 -512
-512 -512 -512 -512
-512 -512 -512 -512
-512 -512 -512 -461
511 511 511 511
511 511 511 511
503 -108 -512 -512
-512 -512 -512 -512
-512 -512 -512 -512
-512 -512 -512 -512
-512 -512 -512 -512
-31 511 511 511
511 511 511 511
511 511 511 511
9 -512 -512 -512
-512 -512 -512 -512
-512 -512 -512 -265
186 511 511 511
511 511 511 511
511 511 511 511
511 511 511 511
511 511 511 511
511 511 511 511
511 511 511 511
511 511 511 511
511 511 511 511
511 511 511 511
511 511 511 511
511 511 511 511
511 511 511 511
511 511 511 511
511 511 511 511
511 511 511 511
511 511 511 511
511 511 141 -386
-512 -512 -512 -512
511 511 511 511
511 511 511 511
511 511 511 511
511 511 511 511
511 511 511 511
511 511 511 189
-224 -512 -512 -512
-512 -512 -512 -512
511 511 511 511
511 511 511 511
511 511 511 511
511 511 511 442
172 -101 -358 -512
-512 -512 -512 -512
-512 -512 -512 -512
-512 -512 -512 -512
511 511 511 511
511 511 511 511
511 511 509 256
-46 -358 -512 -512
-512 -512 -512 -512
-512 -512 -512 -480
-159 160 511 511
511 511 511 511
-512 -512 -512 -434
-233 -16 154 307
361 365 263 130
-104 -332 -512 -512
-512 -512 -512 -512
-453 -87 395 511
511 511 511 511
511 511 511 511
-505 -414 -222 33
273 511 511 511
511 511 511 511
511 511 488 377
290 302 407 511
511 511 511 511
511 511 511 511
511 511 511 511
511 511 511 511
511 511 511 511
511 511 511 511
511 511 511 511
511 511 511 511
511 511 511 511
511 511 511 511
511 511 511 511
511 511 511 511
511 511 511 511
511 511 511 511
511 511 511 511
511 511 511 511
511 511 511 511
511 511 511 465
57 -261 -470 -512
511 511 511 511
511 511 511 511
511 511 511 511
511 511 511 511
511 511 511 511
511 511 511 511
511 176 -512 -512
-512 -512 -512 -512
511 511 511 511
511 511 511 511
511 511 511 511
511 511 511 511
511 511 511 511
511 511 -136 -512
-512 -512 -512 -512
-512 -512 -512 -512
511 511 511 511
511 511 511 511
511 511 511 511
511 511 511 511
511 511 183 -512
-512 -512 -512 -512
-512 -512 -512 -512
-29 511 511 511
