511 511 511 511
511 511 511 511
511 511 511 511
511 511 511 511
511 511 511 511
511 511 511 511
511 511 511 511
511 511 511 511
293 247 181 91
-12 -115 -229 -314
-410 -484 -512 -512
-512 -512 -389 -214
-7 255 511 511
511 511 511 511
511 511 511 511
511 511 511 511
-283 -339 -396 -469
-512 -512 -512 -512
-512 -512 -512 -492
-372 -125 198 511
511 511 511 511
511 511 511 511
511 511 511 511
511 511 511 163
511 511 511 511
511 511 511 464
410 341 405 507
511 511 511 511
511 511 511 511
511 511 511 511
511 511 511 -301
-512 -512 -512 -512
-512 -512 -512 -512
-512 -512 -512 -512
-512 -512 -512 -512
-512 -512 -512 -512
-197 321 511 511
511 511 511 511
511 -291 -512 -512
-512 -512 -512 -512
-512 -512 -512 -512
-512 -512 -512 -512
-512 -512 -512 -382
209 511 511 511
511 511 511 511
511 511 511 511
511 511 511 511
-512 -512 -512 -512
-512 -512 -512 -512
-512 -512 -512 -512
-512 -512 -512 -469
-159 176 488 511
511 511 511 511
511 511 511 511
511 511 511 511
511 511 511 511
-512 -512 -512 -512
-512 -512 -512 -512
-512 -512 -512 -512
-512 -512 -512 -512
-512 -512 -512 -512
-512 -512 -374 140
511 511 511 511
511 511 511 511
