-512 -512 -465 511
511 511 511 511
511 511 511 511
511 511 511 511
-512 -512 -512 180
511 511 511 511
511 511 511 511
511 511 511 511
-512 -512 -512 -512
357 511 511 511
511 511 511 511
511 511 511 511
-512 -512 -512 -512
-512 287 511 511
511 511 511 511
511 511 511 511
-512 -512 -512 -512
-512 -512 -39 511
511 511 511 511
511 511 511 511
-512 -512 -512 -512
-512 -512 -512 -482
511 511 511 511
511 511 511 511
-512 -512 -512 -512
-512 -512 -512 -512
-512 84 511 511
511 511 511 511
-512 -512 -512 -512
-512 -512 -512 -512
-512 -512 -252 511
511 511 511 511
-512 -512 -512 -512
-512 -512 -512 -512
-512 -512 -512 112
511 511 511 511
-512 -512 -512 -512
-512 -512 -512 -512
-512 -512 -512 -59
511 511 511 511
-512 -512 -512 -512
-512 -512 -512 -512
-512 -512 -242 511
511 511 511 511
-512 -512 -512 -512
-512 -512 -512 -512
-512 106 511 511
511 511 511 511
-512 -512 -512 -512
-512 -512 -512 -512
103 511 511 511
511 511 511 511
511 329 -486 -512
-512 -512 -512 -512
363 511 511 511
511 511 511 511
511 511 511 -258
-512 -512 -512 -399
280 511 511 511
511 511 511 511
511 511 511 144
-226 -386 -338 -318
-40 318 511 511
511 511 511 511
511 511 511 511
511 511 511 67
-249 -452 -311 441
511 511 511 511
511 511 511 511
511 511 511 511
36 -512 -512 -512
511 511 511 511
511 511 511 511
511 511 511 511
511 199 -512 -512
-271 511 511 511
511 511 511 511
511 511 511 511
511 511 511 -291
-512 -226 511 511
511 511 511 511
511 511 511 511
511 511 511 511
-512 -512 -512 -512
511 511 511 511
511 511 511 511
511 511 511 511
-163 -512 -512 -512
511 511 511 511
71 -512 -295 511
511 511 511 511
511 -512 -512 -512
511 511 511 511
-211 -512 -512 -512
280 511 511 511
511 -484 -512 -512
511 511 511 511
-331 -512 -512 -512
-512 349 511 511
511 511 -512 -512
511 511 511 511
511 -512 -512 -512
-512 -512 511 511
511 511 -330 -512
511 511 511 511
511 218 -512 -512
-512 -512 -512 344
511 511 253 -297
511 511 511 511
511 511 -512 -512
-512 -512 -512 -512
162 511 511 511
511 511 511 511
511 511 511 -512
-512 -512 -512 -512
-512 452 511 511
511 511 511 511
511 511 511 -512
-512 -512 -512 -512
-512 -186 274 481
511 511 511 511
511 511 511 110
-512 -512 -512 -512
-512 -459 -67 129
157 511 511 511
511 511 511 228
-512 -512 -512 -512
-512 -369 -137 -15
