511 511 511 511
511 511 511 511
511 511 511 511
511 511 511 511
511 511 511 511
511 511 511 511
511 511 511 511
511 511 511 511
511 511 511 511
511 511 511 511
511 511 511 511
511 511 511 511
139 21 -194 -380
-512 -512 -512 -446
45 511 511 511
511 511 511 511
-28 -102 -218 -249
-301 -282 -83 311
511 511 511 511
511 511 511 511
511 511 511 511
511 511 511 511
511 511 511 511
511 511 511 118
511 511 511 511
511 511 511 511
511 511 511 511
511 5 -512 -512
511 511 511 511
511 411 511 511
511 511 511 511
-512 -512 -512 -512
-237 -512 -512 -512
-512 -512 -512 -512
-512 -333 -512 -512
-512 -512 -512 -512
-512 -512 -512 -512
-512 -512 -512 -512
-23 60 -486 -512
-512 -512 -512 -512
-512 -512 -512 -512
-468 74 511 511
511 511 511 412
-512 -512 -512 -512
-170 -131 121 490
511 511 511 511
511 511 511 511
-512 -512 -512 -512
-512 -512 -512 -332
457 511 511 511
511 511 511 511
-512 -512 -512 -512
-512 -512 -512 -512
-322 511 511 511
511 511 511 511
-512 -512 -512 -512
-512 -512 -512 -512
-512 -376 511 511
511 511 511 511
511 434 -384 -434
-512 -512 -512 -512
-512 -512 225 511
511 511 511 511
511 511 511 511
