66 173 260 369
492 511 511 511
511 511 511 511
511 511 511 511
511 511 511 511
511 511 511 511
511 511 511 511
511 511 511 511
91 228 344 489
511 511 511 511
511 511 511 511
511 511 511 511
511 511 511 511
511 511 511 511
511 511 511 511
511 511 511 511
191 433 511 511
511 511 511 511
511 511 511 511
511 511 511 511
511 511 511 511
511 511 511 511
511 511 511 511
511 511 511 511
173 395 511 511
511 511 511 511
511 511 511 511
511 511 511 511
511 511 363 213
113 14 -33 35
236 511 511 511
511 511 511 511
39 125 183 258
330 424 451 505
511 511 489 389
212 1 -324 -512
-512 -512 -512 -512
-512 -512 -512 -512
-512 114 511 511
511 511 511 511
43 152 210 274
349 488 511 511
511 511 511 511
511 433 200 -69
-283 -512 -512 -512
-512 -433 0 511
511 511 511 511
511 511 511 511
145 338 468 511
511 511 511 511
511 511 511 511
511 510 307 90
-74 -278 -320 -323
-175 123 511 511
511 511 511 511
511 511 511 511
448 511 511 511
511 511 511 511
511 511 511 511
511 511 511 511
511 511 511 511
511 511 511 511
511 511 511 511
511 511 511 511
511 511 511 511
511 511 511 511
511 511 511 511
511 475 208 26
-107 -123 -69 56
331 511 511 511
511 511 511 273
-512 -512 -512 -512
461 511 511 511
511 511 511 511
511 205 -283 -512
-512 -512 -512 -512
-512 -512 -379 94
511 511 511 511
511 511 -432 -512
-512 -512 -512 -512
-13 -102 -161 -306
-428 -512 -512 -512
-512 -512 -512 -512
-512 -512 -512 -156
379 511 511 511
511 511 511 511
511 511 511 -512
-512 -512 -512 -512
-109 -259 -383 -512
-512 -512 -512 -512
-512 -512 -512 -512
-512 -512 -61 511
511 511 511 511
511 511 511 511
511 511 511 511
1 -512 -512 -512
-184 -410 -512 -512
-512 -512 -512 -512
-512 -512 -512 -512
-512 -512 -512 17
511 511 511 511
511 511 511 511
511 511 511 511
511 -512 -512 -512
-397 -512 -512 -512
-512 -512 -512 -512
-512 -512 -512 -512
-512 -512 -512 -512
-356 511 511 511
511 511 511 511
511 511 511 511
-343 -512 -512 -512
-387 -512 -512 -512
-512 -512 -512 -512
-512 -512 -512 -512
-512 -512 -512 -512
-512 -512 34 511
511 511 511 511
511 511 511 511
511 511 -201 -512
-35 -74 -127 -275
-419 -512 -512 -512
-512 -512 -512 -512
-512 -512 -512 -512
-512 -512 -512 131
511 511 511 511
511 511 511 511
511 511 511 511
