2 -5 26 10
15 14 10 0
11 16 -17 31
15 -19 8 8
17 -5 10 27
9 -9 -9 13
-12 8 12 -3
13 -4 8 -7
4 8 6 31
1 8 26 10
14 6 7 4
7 -5 6 25
7 15 2 16
13 -8 6 -9
14 6 -13 8
5 10 4 11
-14 15 -15 29
-6 5 27 9
8 -2 16 -35
-7 6 -7 26
0 24 3 6
1 -8 17 -36
17 5 -25 9
-2 26 8 20
-28 -6 -2 1
3 4 1 -14
-3 12 -17 -27
-3 -7 -16 0
6 -2 13 16
-18 -12 5 -26
-19 13 0 -9
4 11 11 6
-25 -41 0 5
0 5 -4 -20
0 6 -38 -22
-11 -23 -15 -6
6 -2 18 16
-16 -20 -13 -19
-32 4 6 -9
15 3 10 22
-6 -37 -16 28
-20 -1 6 -6
12 -11 -15 -36
-11 -12 -17 20
-7 6 7 1
-6 -16 -2 -23
1 -9 -14 5
4 10 -1 44
-11 -13 -2 23
-4 13 20 10
11 1 -5 -39
0 -3 -23 37
11 -3 24 16
-10 -5 -1 -28
2 -3 -10 3
6 24 9 28
-13 -3 37 4
19 21 22 10
-4 31 -8 -9
12 2 -11 17
33 -20 38 34
-13 10 -12 -14
-17 23 10 -20
26 12 11 0
-1 -18 36 17
6 20 34 12
-2 25 -7 -4
0 3 6 8
27 -1 27 25
0 7 -13 -14
-15 25 0 -20
40 8 -1 17
10 -22 1 27
-19 6 29 5
10 5 -11 -20
0 -3 -1 23
5 2 6 11
0 -5 6 -19
0 7 -16 -2
20 7 -5 34
-3 -23 -11 2
-5 -8 8 -9
-4 13 -37 -23
14 -16 -20 17
5 -28 13 17
-22 -5 4 -17
-14 0 -6 5
8 -9 11 10
-10 -30 -3 -15
7 -19 1 -16
-30 26 -41 -15
9 -12 -15 -17
8 -34 18 14
-31 7 -9 -17
-28 13 1 -3
22 -28 11 -5
6 -21 -6 1
-18 -13 14 -15
-20 14 -12 -17
-3 6 2 -19
-5 -4 -4 -3
-13 6 11 -21
-12 23 -13 -11
24 -16 -15 14
16 3 -5 14
-29 9 25 -9
8 5 2 -12
11 8 0 17
-6 3 -12 4
0 -4 32 -17
1 17 -14 -8
10 9 -22 16
24 10 15 9
-5 5 17 -1
2 19 3 18
39 2 -9 27
9 -30 6 20
-4 9 17 5
8 12 0 0
6 -8 -14 -10
27 -6 18 15
5 -6 16 8
-16 18 14 22
30 5 -8 13
10 -27 16 10
-3 23 -5 6
16 7 -4 8
17 -23 -15 -7
29 -2 -5 13
-32 -5 4 -11
-3 -5 28 -1
13 18 -9 8
-16 -5 -13 -17
-1 10 25 -1
21 7 -12 -4
0 -5 -38 14
10 3 -17 -8
-41 6 -14 -33
7 -12 12 -17
8 12 -20 3
-22 -4 -22 -19
-13 -8 42 -5
-2 7 -1 -17
-13 13 -38 11
7 -9 -8 -18
-15 -17 -27 -31
-20 4 3 2
14 4 -21 -19
-14 -25 -7 -16
-24 7 15 7
-3 6 5 -9
-8 -21 -22 -8
17 -13 -10 4
-3 -30 -13 -10
-27 4 13 12
12 1 -12 -13
-9 -16 -3 -18
-13 16 -1 10
19 -4 -11 12
-2 -34 -12 -3
25 16 -9 16
-18 -8 1 -8
8 -3 22 17
18 0 -2 18
-11 3 -21 -12
3 -2 29 14
29 -2 -16 6
-15 -4 -15 2
15 31 14 4
-8 11 6 -10
14 11 18 32
19 1 10 10
3 7 -20 2
7 -6 33 20
10 15 -3 -14
-7 8 -11 -12
6 15 26 -5
19 -7 4 2
-21 25 17 36
4 5 18 -26
15 4 0 -2
1 16 -3 18
4 21 -1 -14
14 -18 1 -22
4 6 0 -5
13 -23 -8 5
-22 8 14 13
-3 3 6 -19
2 0 -3 -16
-6 16 -8 12
16 0 -9 3
-2 -21 8 -12
-5 -1 -23 -11
-6 -8 -24 -8
11 -16 -11 -8
-5 -13 -9 6
-10 -1 -13 -14
-7 -13 7 12
3 -23 -1 7
-25 4 11 2
-7 -17 -4 -21
0 -5 -32 -13
5 -12 -20 7
-13 -14 1 -19
-6 -3 -8 -12
-3 -10 -11 22
-15 -15 15 -7
-11 -6 7 -1
-13 -18 15 -17
22 -3 -14 10
-17 -2 -2 8
-28 3 15 -38
9 10 12 -10
4 12 -39 10
-15 -4 14 -8
14 -10 10 -5
-13 24 8 -9
18 11 0 26
5 -9 20 -5
-14 16 9 1
7 12 8 -2
12 9 -15 0
7 -7 8 1
-8 19 13 -11
-13 35 2 2
14 30 9 29
35 -19 8 -6
-4 3 6 35
7 16 4 15
23 -11 -3 -1
6 -18 10 11
-20 41 19 -8
-6 1 12 7
20 15 5 24
21 -13 -8 19
-13 -9 24 2
5 19 5 14
32 -10 -31 9
-5 -15 15 13
1 8 16 -4
-20 -11 -2 0
22 3 -1 17
5 -16 -17 2
-29 -9 23 -22
-2 26 4 6
25 -10 -38 -6
-15 -14 11 16
5 1 20 -2
-41 22 -36 -17
6 8 -11 5
17 -29 -15 -40
-27 0 0 -2
-17 24 -8 0
8 -23 0 -28
-14 -19 6 17
-28 31 25 -7
