-512 -512 -495 490
511 511 511 511
511 511 511 511
511 511 511 511
-512 -512 -512 -512
-89 511 511 511
511 511 511 511
511 511 511 511
-512 -512 -512 -512
-512 -512 -512 511
511 511 511 511
511 511 511 511
-512 -512 -512 -512
-512 -512 -512 -512
-512 -511 511 511
511 511 511 511
-512 -512 -512 -512
-512 -512 -512 -512
-512 -512 -512 -49
511 511 511 511
-512 -512 -512 -512
-512 -512 -512 -512
-512 -512 146 511
511 511 511 511
-359 -512 -512 -512
-512 -512 -512 -512
240 511 511 511
511 511 511 511
511 511 511 -160
-512 -512 -512 -450
145 511 511 511
511 511 511 511
511 511 511 511
511 511 511 143
-300 -512 -512 113
511 511 511 511
511 511 511 511
511 511 511 511
511 457 -419 -512
-379 511 511 511
511 511 511 511
511 511 511 511
511 511 511 511
-512 -512 -512 -512
511 511 511 511
22 -512 -480 511
511 511 511 511
511 -512 -512 -512
511 511 511 511
-315 -512 -512 -512
-512 241 511 511
511 511 -512 -512
511 511 511 511
511 351 -512 -512
-512 -512 -512 178
511 511 256 -257
511 511 511 511
511 511 511 -512
-512 -512 -512 -512
-512 382 511 511
511 511 511 511
511 511 511 126
-512 -512 -512 -512
-512 -471 -61 147
