1 1 1 0
0 0 0 0
2 2 2 1
0 0 0 0
3 3 3 2
1 0 0 0
3 4 4 3
1 1 1 0
2 4 5 4
2 2 1 1
2 4 5 5
3 2 1 1
1 4 6 5
4 3 2 1
0 3 5 6
5 3 2 2
-1 2 5 6
5 4 3 2
-2 0 4 6
6 5 3 2
-3 -1 2 5
6 5 4 2
-4 -2 1 4
6 6 4 3
-4 -3 -1 3
5 6 4 3
-4 -4 -2 1
4 5 4 3
-4 -5 -4 -1
3 5 4 3
-4 -5 -5 -2
1 4 4 3
-4 -5 -6 -4
-1 2 3 3
-3 -5 -7 -6
-2 1 2 3
-3 -5 -7 -7
-4 -1 1 2
-3 -5 -7 -7
-6 -3 0 1
-2 -4 -6 -8
-7 -5 -2 0
-2 -3 -6 -8
-8 -7 -3 -1
-2 -3 -5 -7
-9 -8 -5 -3
-2 -2 -4 -6
-9 -9 -7 -4
-2 -2 -3 -5
-9 -10 -9 -6
-2 -2 -2 -5
-9 -11 -10 -8
-2 -2 -1 -4
-8 -10 -11 -9
-2 -2 -1 -2
-6 -10 -11 -10
-2 -2 -1 -2
-5 -8 -11 -11
-2 -2 -1 -1
-3 -7 -11 -12
-1 -2 -1 -1
-2 -6 -11 -12
-1 -2 -1 0
-2 -6 -11 -12
