15 16 -6 3
-20 -14 -3 5
47 7 37 -34
21 -29 30 -4
32 17 15 14
-15 8 -36 6
-31 26 -15 7
-33 -19 -15 -11
-4 -26 -15 -22
-10 3 -6 10
-30 -9 -26 7
12 5 27 -1
42 -16 15 -33
10 3 27 29
8 7 -32 -9
-18 16 7 10
18 14 -9 -16
-37 -1 -6 31
3 11 -5 -23
-5 -38 25 -20
29 -20 10 3
-4 10 -19 19
-3 16 12 10
32 2 18 -5
9 16 -2 31
-4 42 -16 21
-22 20 -13 6
-16 3 4 -5
8 -28 12 -53
9 -48 35 -8
24 -11 -20 -16
-38 -7 -7 23
2 16 -29 8
-36 5 -10 -7
11 -22 23 -34
-3 -50 -20 -21
2 7 0 -13
-20 -21 -2 17
15 27 -5 22
-3 25 11 15
25 7 26 3
11 20 1 47
-13 36 -39 -1
-18 0 33 -19
20 -57 2 -37
11 -1 8 9
1 4 2 -8
-1 -10 13 17
35 2 6 -23
18 2 23 14
19 6 13 -14
27 -29 31 -30
39 0 4 -4
-42 33 -29 46
-36 14 -22 -8
-2 -16 5 -19
-15 -7 -11 9
-24 -15 -12 0
19 -14 0 -25
-3 -7 1 10
5 -8 -2 -20
20 -15 14 -4
13 33 -16 17
-46 21 -8 24
-4 8 -35 4
-33 8 1 -3
18 -25 20 -26
17 -5 16 19
9 11 -7 -10
-4 -9 8 -1
-8 -7 -36 -6
-37 -4 -23 -12
-3 -23 0 -33
-15 -16 -20 22
-18 36 -21 15
-5 0 33 -3
53 -3 41 0
13 9 4 25
13 19 12 -6
7 -10 16 14
-14 -5 12 2
-7 -1 -17 15
-20 18 -12 4
-1 -8 36 2
36 -14 12 1
-1 9 -6 28
20 14 7 -28
5 -21 26 22
32 28 -26 -1
-36 24 -4 24
2 14 -4 -4
-18 5 -3 14
4 1 14 -29
9 -44 23 -31
2 -32 -17 -1
-17 -2 -27 -16
-9 0 -13 3
-14 -10 -3 -10
12 -34 -18 -52
-8 -3 13 4
-21 -24 -36 -16
-4 10 10 10
1 18 -5 12
-17 17 20 39
38 13 20 -8
11 1 11 18
7 23 6 10
-9 -32 -14 -19
30 10 16 -13
-25 -12 -18 16
3 16 0 0
8 7 12 3
17 12 27 21
39 16 25 10
23 3 5 -10
12 6 21 1
4 -8 -19 -14
-21 15 1 27
-1 15 -13 -16
-29 -12 10 23
20 3 -12 -25
-23 -22 6 3
19 -11 -2 -23
-18 -34 -27 -12
0 5 -9 -12
-18 -10 -14 0
-5 13 -6 15
1 19 -3 -8
-11 -8 -6 -3
-2 15 4 12
-22 3 -12 16
-4 9 6 12
10 -7 -9 -22
-9 -11 17 13
21 -19 -20 -44
-18 -24 -5 -2
2 3 -26 -24
-40 -12 -10 15
17 23 2 -7
-20 1 4 19
10 20 21 13
14 -5 16 -1
21 6 26 14
14 -1 1 4
-2 -2 -26 -10
-17 15 14 10
-6 -12 -7 11
6 33 11 42
8 17 -2 -8
16 0 48 15
33 -14 -14 -12
-4 14 1 6
5 3 9 -11
-9 -20 -11 11
16 37 4 -1
-20 -9 6 7
15 11 9 8
-17 -13 -31 -14
-8 -7 5 -33
-20 -52 -18 -15
-3 -29 4 -35
19 -27 -5 -22
-20 -6 -27 -4
-16 -6 -9 -10
8 6 -7 -15
-35 8 -4 31
6 11 -1 -19
-3 -2 29 32
21 25 3 6
-8 -18 28 2
59 -19 23 -31
4 2 -1 36
-10 26 -27 16
-3 10 -10 -9
-7 15 -4 16
-14 18 -5 5
28 33 10 22
5 13 20 10
26 -3 -2 -8
-21 19 -21 33
-27 7 -25 -21
3 -27 25 -24
18 -12 -4 2
-21 14 -6 20
14 -1 13 -27
8 -23 7 -5
-3 -3 -15 -13
-19 -25 -11 -14
1 4 -18 3
-43 12 -27 26
2 9 14 -16
26 -8 32 16
8 -3 23 -22
-4 -13 -3 35
-15 42 -42 18
-48 9 -4 12
1 -24 -8 -13
4 -15 -4 -20
15 -23 20 -36
13 -35 -2 -3
-4 15 -37 0
-22 13 8 -14
10 -19 18 -9
-6 9 -22 32
-21 42 -10 6
-12 -11 40 16
44 -5 11 3
8 15 14 24
-16 -9 -14 -10
-20 -28 -8 -5
29 16 8 4
-26 22 -24 45
-8 40 10 9
19 -21 26 -18
36 11 17 3
-28 0 -14 17
5 -11 -1 -32
17 -8 35 4
14 -8 0 0
13 10 18 17
6 13 -30 11
-36 36 -13 31
-12 -17 -18 -44
-1 -34 -4 -25
17 -20 -6 -58
-6 -40 7 6
13 19 -26 2
-30 14 -12 16
4 21 5 5
-3 8 4 0
3 1 18 3
12 1 3 1
-16 1 3 15
20 -12 29 -25
40 -33 32 -15
20 8 -4 38
-14 37 -42 15
-30 18 -7 19
8 10 -22 -29
-39 -12 -3 10
42 29 12 -6
-4 6 14 22
1 28 -8 29
-42 3 -48 22
-6 26 6 -17
-6 -49 12 -29
30 -25 10 -11
12 6 -7 -2
-8 5 1 -2
4 -8 6 -13
2 -21 -19 -30
-17 11 8 21
-28 -4 -44 4
-25 18 4 17
14 -6 14 -22
11 -12 31 36
