192 444 511 511
511 511 511 511
511 511 511 511
511 511 511 511
360 511 511 511
511 511 511 511
511 511 511 511
511 511 511 511
420 511 511 511
511 511 511 511
511 511 511 511
511 511 511 511
156 267 230 132
-117 -491 -512 -512
-512 -512 -512 -399
511 511 511 511
13 -9 -159 -297
-512 -512 -512 -512
-512 -512 -512 391
511 511 511 511
176 310 283 268
147 -15 -142 -76
239 511 511 511
511 511 511 511
487 511 511 511
511 511 505 511
511 511 511 511
511 511 511 511
511 511 511 511
511 511 503 511
511 511 511 511
511 511 -512 -512
511 511 511 456
-165 -512 -512 -512
-512 177 511 511
511 -512 -512 -512
-128 -421 -512 -512
-512 -512 -512 -512
-512 401 511 511
511 -512 -512 -512
-330 -512 -512 -512
-512 -512 -512 -512
371 511 511 511
511 511 -512 -512
-364 -512 -512 -512
-512 -512 -512 -312
511 511 511 511
511 511 -512 -512
-476 -512 -512 -512
-512 -512 -512 -512
511 511 511 511
511 511 -512 -512
-512 -512 -512 -512
-512 -512 -512 -512
261 511 511 511
511 511 -512 -512
-512 -512 -512 -512
-512 -512 -512 -512
-512 -418 511 511
511 511 511 511
-134 -293 -512 -512
-512 -512 -512 -512
-512 -512 456 511
511 511 511 511
