511 511 511 511
511 511 511 511
511 511 511 511
511 74 -512 -512
-512 -512 -512 -512
-512 -512 -512 108
511 511 511 511
511 511 511 511
-512 -512 -512 -512
-512 -512 -512 -512
-512 -512 -512 -512
-512 -512 -512 -512
-512 -512 -512 -512
-512 -512 -236 30
256 464 511 511
511 511 511 511
-512 -512 -512 -512
-512 -512 -512 24
511 511 511 511
511 511 511 382
-289 -512 -512 -512
-512 -512 -512 -512
-512 -512 -512 -512
-509 -66 252 428
-501 -507 -512 -512
-512 -512 -512 -512
-512 -512 -512 -512
-512 -512 -512 -512
-512 -512 -512 -512
-512 -512 -512 -512
-512 -512 -512 -512
-512 -512 -512 -512
