511 511 511 511
511 511 511 511
511 511 511 511
511 511 511 511
511 511 511 511
511 317 77 -87
-194 -230 -215 -136
-31 81 173 240
511 511 511 511
511 511 511 511
511 511 511 511
511 511 511 511
511 511 511 511
511 511 511 190
-47 -162 -197 -113
22 177 310 412
511 511 511 511
511 511 511 511
511 511 511 511
511 511 511 511
511 511 511 511
511 511 511 485
86 -164 -332 -336
-265 -151 -40 58
511 511 511 511
511 511 511 511
511 511 511 511
511 511 511 511
511 511 511 511
511 511 511 511
511 236 -117 -286
-368 -379 -357 -309
511 511 511 511
511 511 511 511
511 511 511 511
511 511 511 511
511 511 511 511
511 511 511 511
511 511 511 189
-60 -217 -302 -319
476 416 357 290
251 236 335 472
511 511 511 511
511 511 511 511
511 511 511 511
511 511 511 511
511 511 511 511
511 316 133 50
276 214 154 82
23 -22 20 102
291 511 511 511
511 511 511 511
511 511 511 511
511 511 511 511
511 511 511 511
511 511 511 511
-512 -512 -512 -512
-512 -512 -512 -473
-333 -137 178 511
511 511 511 511
511 511 511 511
511 511 511 511
511 511 511 511
511 511 511 511
-512 -512 -512 -512
-512 -512 -512 -512
-512 -512 -366 -148
94 401 511 511
511 511 511 511
511 511 511 511
511 511 511 511
511 449 178 15
-512 -512 -512 -512
-512 -512 -512 -512
-512 -512 -512 -512
-397 -235 -70 86
225 373 502 511
511 511 511 511
511 511 511 356
-35 -403 -512 -512
-512 -512 -512 -512
-512 -512 -512 -512
-512 -512 -512 -512
-512 -512 -512 -464
-393 -308 -238 -163
-91 34 136 253
258 181 -80 -442
-512 -512 -512 -512
-512 -512 -512 -512
-512 -512 -512 -512
-512 -512 -512 -512
-512 -512 -512 -512
-467 -326 -214 -114
-37 89 171 265
215 69 -304 -512
-512 -512 -512 -512
-512 -512 -512 -512
-512 -512 -512 -512
-512 -512 -512 -512
-512 -512 -512 -503
-192 120 379 511
511 511 511 511
511 511 107 -512
-512 -512 -512 -512
-512 -512 -512 -512
-512 -512 -512 -512
-512 -512 -512 -512
-512 -512 -512 -487
0 486 511 511
511 511 511 511
511 511 511 198
-512 -512 -512 -512
-512 -512 -512 -512
-512 -512 -512 -512
-512 -512 -512 -512
-512 -512 -512 -512
-40 511 511 511
511 511 511 511
511 511 511 511
378 -281 -512 -512
-512 -512 -512 -512
-512 -512 -512 -512
-512 -512 -512 -512
-512 -512 -512 -512
-321 208 511 511
511 511 511 511
511 511 511 511
511 511 511 511
-512 -512 -512 -512
-512 -512 -512 -512
-512 -512 -512 -512
-512 -512 -512 -512
-512 -391 -13 372
511 511 511 511
511 511 511 511
511 511 511 511
-371 -445 -512 -512
-512 -512 -512 -512
-512 -512 -512 -512
-512 -512 -512 -512
-512 -512 -512 -428
-169 252 511 511
511 511 511 511
511 511 511 511
-442 -487 -512 -506
-499 -372 -203 53
254 445 496 511
368 208 -10 -204
-439 -512 -512 -512
-512 -423 191 511
511 511 511 511
511 511 511 511
-512 -512 -512 -512
-512 -512 -108 397
511 511 511 511
511 511 511 511
511 170 -223 -495
-512 -512 -130 511
511 511 511 511
511 511 511 511
-512 -512 -512 -512
-512 -512 -512 171
511 511 511 511
511 511 511 511
511 511 511 511
262 112 221 511
511 511 511 511
511 511 511 511
-512 -512 -512 -512
-512 -512 -512 -32
511 511 511 511
511 511 511 511
511 511 511 511
511 511 511 511
511 511 511 511
511 511 511 511
-512 -512 -512 -512
-512 -512 -512 -512
-10 511 511 511
511 511 511 511
511 511 511 511
511 511 511 511
511 511 511 511
511 511 511 511
195 -34 -369 -512
-512 -512 -512 -512
-512 -512 163 511
511 511 511 511
511 511 511 511
511 511 511 511
511 511 511 511
511 511 511 511
511 511 511 480
-262 -512 -512 -512
-512 -512 -512 -512
23 511 511 511
511 511 511 511
511 511 511 511
511 511 511 511
511 511 475 404
511 511 511 511
511 -33 -512 -512
-512 -512 -512 -512
-512 -512 395 511
511 511 511 511
511 511 511 511
511 511 511 511
511 511 511 511
511 511 511 511
511 511 137 -512
-512 -512 -512 -512
-512 -512 -512 -175
511 511 511 511
511 511 511 511
511 511 511 511
511 511 511 511
511 511 511 511
511 511 511 511
-512 -512 -512 -512
-512 -512 -512 -512
-512 290 511 511
511 511 511 511
511 511 511 511
511 511 511 511
511 511 511 511
511 511 511 511
511 511 -360 -512
-512 -512 -512 -512
-512 -512 -31 511
511 511 511 511
511 511 511 511
511 511 511 511
511 511 511 511
511 511 511 511
511 511 511 511
-25 -512 -512 -512
-512 -512 -512 -512
-183 424 511 511
511 511 511 511
511 511 511 511
511 511 511 511
511 511 511 511
511 511 511 511
511 155 -512 -512
-512 -512 -512 -512
-512 -512 -263 440
511 511 511 511
511 511 511 511
511 511 511 511
511 511 511 511
511 511 511 511
511 511 -462 -512
-512 -512 -512 -512
-512 -512 -512 -256
511 511 511 511
511 511 511 511
