-512 -512 -512 -512
-512 -512 -512 -512
-512 -512 -240 511
511 511 511 511
511 511 511 511
511 511 511 511
511 511 511 511
511 511 511 511
-483 -512 -512 -512
-512 -512 -512 -512
-512 -512 -512 40
511 511 511 511
511 511 511 511
511 511 511 511
511 511 511 511
511 511 511 511
-378 -512 -512 -512
-512 -512 -512 -512
-512 -512 -512 -512
-276 498 511 511
511 511 511 511
511 511 511 511
511 511 511 511
511 511 511 511
-267 -512 -512 -512
-512 -512 -512 -512
-512 -512 -512 -512
-512 -512 27 511
511 511 511 511
511 511 511 511
511 511 511 511
511 511 511 511
-232 -499 -512 -512
-512 -512 -512 -512
-512 -512 -512 -512
-512 -512 -512 -512
133 511 511 511
511 511 511 511
511 511 511 511
511 511 511 511
-235 -500 -512 -512
-512 -512 -512 -512
-512 -512 -512 -512
-512 -512 -512 -512
-512 -506 343 511
511 511 511 511
511 511 511 511
511 511 511 511
-356 -512 -512 -512
-512 -512 -512 -512
-512 -512 -512 -512
-512 -512 -512 -512
-512 -512 -512 -512
-73 511 511 511
511 511 511 511
511 511 511 511
-512 -512 -512 -512
-512 -512 -512 -512
-512 -512 -512 -512
-512 -512 -512 -512
-512 -512 -512 -512
-512 -512 -458 154
511 511 511 511
511 511 511 446
-512 -512 -512 -512
-512 -512 -512 -512
-512 -512 -512 -512
-512 -512 -512 -512
-512 -512 -512 -512
-512 -512 -512 -512
-424 73 392 498
362 142 -135 -236
-512 -512 -512 -512
-512 -512 -512 -512
-512 -512 -512 -512
-512 -512 -512 -512
-512 -512 -512 -512
-512 -512 -512 -512
-512 -490 -190 -104
-252 -489 -512 -512
-512 -512 -512 -512
-512 -512 -512 -512
-512 -512 -512 -512
-512 -512 -512 -512
-512 -512 -512 -512
-512 -512 -512 -512
-512 -383 -148 -125
-329 -512 -512 -512
-512 -512 -512 -512
-512 -512 -512 -512
-512 -512 -512 -512
-512 -512 -512 -512
-512 -512 -512 -512
-512 -512 -512 -397
14 332 474 408
120 -215 -512 -512
-512 -512 -512 -512
-512 -512 -512 -512
-512 -512 -512 -512
-512 -512 -512 -512
-512 -512 -512 -512
-512 -462 17 468
511 511 511 511
511 503 168 32
-185 -414 -512 -512
-512 -512 -512 -512
-512 -512 -512 -512
-512 -512 -512 -512
-512 -512 -512 -512
-444 87 511 511
511 511 511 511
511 511 511 511
122 194 178 2
-232 -512 -512 -512
-512 -512 -512 -512
-512 -512 -512 -512
-512 -512 -512 -512
-387 137 511 511
511 511 511 511
511 511 511 511
310 511 511 511
511 313 -50 -359
-512 -512 -512 -512
-512 -512 -512 -512
-512 -512 -512 -512
-512 -315 267 511
511 511 511 511
511 511 511 511
321 511 511 511
511 511 252 73
-112 -294 -475 -512
-512 -512 -512 -512
-512 -512 -512 -512
-512 -512 -436 390
511 511 511 511
511 511 511 511
175 352 378 307
172 84 -96 -114
-87 -22 62 119
68 -4 -199 -446
-512 -512 -512 -512
-512 -512 -512 -199
511 511 511 511
511 511 511 511
10 31 -82 -236
-422 -498 -512 -479
-247 73 449 511
511 511 511 511
511 144 -238 -512
-512 -512 -512 -488
478 511 511 511
511 511 511 511
-68 -134 -319 -511
-512 -512 -512 -512
-265 246 511 511
511 511 511 511
511 511 511 511
129 -346 -512 -429
112 511 511 511
511 511 511 511
-67 -159 -369 -512
-512 -512 -512 -512
-512 -132 511 511
511 511 511 511
511 511 511 511
511 511 511 304
334 511 511 511
511 511 511 511
85 101 -18 -233
-512 -512 -512 -512
-512 -512 -170 497
511 511 511 511
511 511 511 511
511 511 511 511
511 511 511 511
511 511 511 511
388 511 511 511
392 18 -405 -512
-512 -512 -512 -471
63 511 511 511
511 511 511 511
511 511 511 511
511 511 511 511
511 511 511 511
511 511 511 511
511 511 511 10
-512 -512 -512 -512
-512 -512 -1 511
511 511 511 511
511 511 511 511
511 511 511 511
232 -108 -276 -382
511 511 511 511
511 511 511 511
335 -512 -512 -512
-512 -512 -512 -500
469 511 511 511
511 511 511 511
511 511 511 511
485 -77 -414 -512
511 511 511 511
511 511 511 511
511 511 -405 -512
-512 -512 -512 -512
-512 155 511 511
511 511 511 511
511 511 511 511
511 511 511 355
511 511 511 511
511 511 511 511
511 511 511 -300
-512 -512 -512 -512
-512 -512 -119 511
511 511 511 511
511 511 511 511
511 511 511 511
511 511 511 511
511 511 511 511
511 511 511 511
175 -512 -512 -512
-512 -512 -512 -145
511 511 511 511
511 511 511 511
511 511 511 511
511 511 511 511
511 511 511 511
511 511 511 511
511 511 403 -281
-512 -512 -512 -512
-16 511 511 511
511 511 511 511
511 511 511 511
511 511 511 511
511 511 511 511
511 511 511 511
511 511 511 511
324 -383 -512 -512
-512 -439 106 511
511 511 511 511
511 511 511 511
296 511 511 511
511 511 511 511
511 511 511 511
511 511 511 511
511 -4 -512 -512
-512 -512 -512 -105
511 511 511 511
511 511 511 511
27 296 511 511
511 511 511 511
511 511 511 511
511 511 511 511
511 242 -512 -512
-512 -512 -512 -447
350 511 511 511
511 511 511 511
