81 207 315 449
511 511 511 511
511 511 511 511
511 511 511 511
511 511 511 511
511 511 511 511
511 511 511 511
511 511 511 511
182 413 511 511
511 511 511 511
511 511 511 511
511 511 511 511
511 511 511 511
511 439 385 424
511 511 511 511
511 511 511 511
24 110 152 203
265 384 407 496
511 511 511 511
396 237 -9 -289
-512 -512 -512 -512
-512 -512 -369 294
511 511 511 511
511 511 511 511
366 511 511 511
511 511 511 511
511 511 511 511
511 511 511 511
511 444 427 442
511 511 511 511
511 511 511 511
511 511 511 511
511 511 511 511
511 511 511 511
511 511 271 -216
-512 -512 -512 -512
-512 -512 -512 -277
151 511 511 511
511 511 -402 -512
-512 -512 -512 -512
-78 -206 -308 -487
-512 -512 -512 -512
-512 -512 -512 -512
-512 -512 -220 379
511 511 511 511
511 511 511 511
511 511 511 511
-512 -512 -512 -512
-232 -512 -512 -512
-512 -512 -512 -512
-512 -512 -512 -512
-512 -512 -512 -512
24 511 511 511
511 511 511 511
511 511 511 511
-180 -512 -512 -512
-179 -371 -512 -512
-512 -512 -512 -512
-512 -512 -512 -512
-512 -512 -512 -512
-512 -512 -512 328
511 511 511 511
511 511 511 511
511 511 511 511
