511 511 -26 511
511 511 -177 511
511 511 -390 511
511 511 -512 511
511 511 -512 511
511 511 -512 511
511 511 -512 511
511 511 -512 511
511 511 -512 511
511 511 -512 150
511 511 -512 -512
511 -105 -512 -512
511 -512 -512 -512
189 -512 -512 -512
-244 -512 -512 -512
-512 -512 -512 -512
-512 -512 -512 -512
-512 -512 43 -512
-512 -512 511 -512
-512 -512 511 -512
-512 -512 511 -512
-512 -512 511 -512
-512 -512 511 -512
-512 -512 511 -512
-512 -512 511 -512
-512 -512 511 -512
-512 -512 511 -512
-512 -512 511 -512
-512 -512 511 -512
-512 -512 511 -512
-512 -512 426 -512
-512 -512 144 -512
