-473 -185 510 511
511 511 511 511
511 511 511 511
261 -127 -269 -177
-512 -512 -512 -512
-512 -512 180 511
511 511 511 511
511 511 146 -264
-512 -512 -512 -512
-512 -512 -512 -512
-275 511 511 511
511 511 511 404
511 511 -278 -512
-512 -308 511 511
511 511 511 511
511 511 511 511
511 511 511 511
511 511 511 404
57 209 511 511
511 511 511 511
511 511 511 511
511 511 511 511
511 511 -512 -512
-512 -512 -512 -512
511 511 511 511
-512 -512 -512 -512
-483 511 511 511
350 -512 -512 -512
511 511 511 511
511 511 -512 -512
-512 -512 -512 -88
511 511 511 439
