120 299 511 511
511 511 511 511
511 511 442 -53
-512 -512 -512 -512
-512 -512 -512 -512
-512 -512 -512 -512
-512 -512 -512 -512
-512 -512 -512 -512
511 511 511 511
511 511 511 511
511 305 -290 -512
-512 -512 -512 -512
-512 -512 -512 -512
-399 -60 382 511
511 511 511 511
511 511 511 511
511 511 511 511
511 511 511 511
511 511 511 511
511 511 511 511
511 511 511 511
511 511 511 511
511 511 511 379
-143 -512 -512 -512
511 511 511 511
511 511 511 511
511 511 511 511
511 511 511 511
511 511 511 511
362 64 -210 -400
-512 -512 -512 -512
-512 -512 -512 -512
-512 -512 -512 -512
-298 -69 128 307
411 480 479 450
336 226 91 -16
-110 -132 -87 51
241 511 511 511
511 511 511 511
511 511 511 511
449 504 511 511
511 511 511 511
511 511 511 511
511 511 511 511
511 511 511 511
511 511 511 511
511 511 511 511
511 511 511 511
511 511 511 511
511 511 511 511
511 511 511 511
511 511 511 511
511 511 511 511
511 511 511 511
-123 -512 -512 -512
-512 -512 -512 -512
429 511 511 511
511 511 511 511
511 511 511 511
511 511 511 511
511 -99 -512 -512
-512 -512 -512 -512
-512 -512 -512 -512
-512 -512 -269 -75
