1 1 0 -1
-1 -1 0 0
1 1 0 -1
-1 -1 0 0
1 1 0 -1
-1 -1 -1 0
1 1 0 -1
-1 -1 -1 0
1 1 0 -1
-1 -1 -1 0
1 1 0 -1
-2 -2 -1 -1
1 1 0 -1
-2 -2 -1 -1
1 1 0 -1
-2 -2 -2 -1
2 1 0 -1
-2 -3 -2 -2
2 1 0 -1
-3 -3 -3 -2
2 1 0 -2
-3 -4 -4 -3
2 1 0 -2
-4 -5 -4 -4
2 1 0 -2
-4 -5 -5 -5
2 1 0 -2
-4 -6 -6 -5
1 1 0 -2
-5 -7 -7 -6
1 1 0 -2
-5 -8 -8 -7
2 2 0 -2
-6 -8 -9 -8
1 2 0 -2
-6 -9 -10 -9
2 2 1 -2
-6 -9 -11 -10
1 2 1 -2
-6 -9 -11 -10
1 2 1 -1
-5 -9 -11 -11
1 2 2 -1
-5 -9 -12 -11
1 3 2 0
-4 -9 -12 -12
2 3 3 1
-4 -8 -12 -12
2 3 3 1
-3 -8 -11 -12
2 3 3 2
-2 -7 -11 -12
2 3 4 2
-2 -6 -10 -12
2 3 4 3
-1 -5 -10 -11
2 3 4 3
0 -5 -9 -11
2 3 4 3
0 -4 -8 -10
2 3 4 3
0 -3 -8 -10
2 3 4 3
0 -3 -7 -10
