1 3 3 1
0 -1 -1 -1
0 3 3 2
0 -1 -1 -1
0 2 3 2
0 0 -1 -1
-1 1 3 2
1 0 -1 -1
-3 0 2 3
1 0 -1 -1
-4 -2 1 3
2 0 -1 0
-5 -3 0 2
2 1 0 0
-6 -5 -2 1
2 1 0 0
-6 -6 -3 0
1 1 0 0
-6 -7 -5 -2
1 1 0 0
-6 -8 -7 -4
0 0 0 0
-6 -8 -8 -5
-2 0 0 0
-5 -8 -9 -7
-3 -1 0 0
-5 -8 -10 -8
-5 -2 0 1
-4 -8 -10 -10
-7 -3 0 1
-4 -7 -10 -11
-9 -4 -1 1
-4 -6 -9 -11
-10 -6 -2 0
-3 -5 -8 -11
-11 -7 -3 0
-3 -4 -7 -10
-12 -9 -4 0
-2 -3 -6 -10
-12 -10 -5 -1
-2 -2 -4 -8
-12 -11 -6 -2
-2 -2 -3 -7
-11 -11 -7 -2
-2 -1 -2 -5
-10 -11 -8 -3
-2 -1 -1 -4
-9 -11 -9 -4
-1 0 0 -2
-7 -10 -9 -4
-1 0 0 -1
-5 -8 -9 -5
-1 0 1 0
-3 -7 -8 -5
0 0 1 1
-1 -5 -7 -5
1 0 1 2
0 -3 -6 -4
1 0 1 2
1 -2 -4 -3
1 0 0 1
1 -1 -3 -2
0 0 0 1
1 0 -1 -1
