511 511 511 511
511 511 511 511
511 511 511 511
445 -512 -512 -512
-512 -512 -512 -512
-512 -512 -512 415
511 511 511 511
511 511 511 511
-512 -512 -512 -512
-512 -512 -512 -512
-512 -512 -512 -512
-512 -512 -512 -512
-512 -512 -512 -512
-512 -512 -512 -512
-512 -331 160 500
511 511 506 293
-512 -512 -512 -512
-512 -512 -512 -512
-512 -512 -512 -512
46 511 511 511
511 511 511 511
511 270 -512 -512
-512 -512 -512 -512
-512 -512 -512 -512
-512 -512 -512 -512
-512 -512 -512 -512
-512 -512 -512 -378
219 511 511 511
511 511 511 511
511 99 -512 -512
-512 -512 -512 -512
-512 -512 -512 -512
