-512 -512 -512 -512
-512 -512 -512 -512
-512 -512 -512 -512
-485 -176 125 402
511 511 511 511
511 511 511 511
511 511 511 511
511 511 511 511
511 511 511 511
511 511 511 511
511 413 116 -186
-450 -512 -512 -512
-512 -512 -512 -512
-512 -512 -512 -512
-512 -512 -512 -512
-512 -512 -512 -512
-512 -512 -512 -512
-512 -512 -512 -512
-512 -512 -512 -512
-512 -471 83 511
511 511 511 511
511 511 511 511
511 511 511 511
511 511 511 511
511 511 262 -116
-512 -512 -512 -512
-512 -512 -512 -512
-512 -512 -512 -512
-512 -512 -512 -512
-512 -512 -505 -216
86 332 511 511
511 511 511 511
511 511 511 511
511 511 511 511
511 511 511 511
511 511 511 511
511 511 511 511
511 511 511 511
511 511 511 511
511 511 511 511
511 511 511 511
511 511 511 511
511 511 511 511
511 511 511 511
511 458 223 -23
-293 -512 -512 -512
-512 -512 -512 -512
-512 -512 -512 -512
511 511 511 511
511 511 511 511
511 511 511 511
511 511 511 511
511 511 470 226
19 -157 -269 -337
-377 -380 -351 -295
-194 -90 62 207
395 511 511 511
511 511 511 511
511 511 511 511
511 511 511 511
511 491 297 62
-234 -477 -512 -512
-512 -512 -512 -512
-512 -512 -512 -512
