-35 -20 -23 12
34 10 27 23
17 3 -8 -60
-21 -64 -11 -14
-2 9 30 13
6 22 -20 12
-76 -35 -49 -5
-28 33 -1 27
-28 -1 -4 -17
-36 1 -2 -15
-12 -13 5 10
12 3 -4 -7
28 0 -3 4
20 5 -25 3
17 34 -19 -2
-6 -4 -3 -1
56 1 17 7
7 16 -7 7
9 -14 -1 14
1 21 18 -23
-19 -15 -11 9
-33 -16 20 -13
11 15 15 27
-2 -12 11 1
-14 -25 2 -3
26 4 37 0
43 -6 15 -4
-14 6 0 17
15 33 22 40
11 28 9 4
-21 -13 -20 -7
3 -4 18 8
-49 -9 27 -12
44 -7 59 -3
24 2 9 -39
-17 -48 -41 19
8 44 -5 31
31 39 -23 9
-9 -18 -21 -16
19 46 26 42
9 -7 -12 -2
45 -16 30 6
19 3 -2 -21
-2 -6 -5 18
-33 16 17 10
-9 6 2 8
-34 -35 12 -15
-7 0 -5 7
-5 -11 -14 -18
-13 -1 5 -5
-5 -15 -10 6
-2 13 -9 -5
-7 1 5 9
4 -10 -9 -15
5 -1 0 -18
-9 -24 -1 -4
-15 -16 19 -12
-19 19 0 -6
-6 -24 -9 -13
-24 -26 -22 -37
10 -7 -26 12
-2 -3 -16 -25
11 15 -32 7
-3 8 19 16
-1 -27 -20 13
9 -3 -5 -3
34 -8 15 -15
-10 -6 28 -4
12 -3 21 9
-23 17 9 17
-62 -10 -43 15
-26 -10 -13 -21
-12 17 8 9
8 1 4 6
-8 8 6 -24
13 -37 0 -7
8 -5 -4 -10
6 14 -21 23
-13 15 -13 18
-5 41 -5 19
-27 13 -19 4
-1 23 23 29
-13 15 -8 -9
15 -17 -8 2
16 13 37 12
46 11 -21 10
-2 6 -2 -12
-6 23 6 33
16 -12 -22 17
24 32 22 39
22 6 -9 -4
-9 7 12 -4
-6 11 48 29
8 3 19 -6
-30 -23 -2 -4
-13 -8 14 18
5 -4 42 -8
-4 -4 -1 -24
11 -16 14 5
-9 -2 -6 -8
11 1 -42 7
-15 7 1 -6
27 24 -10 21
18 9 16 0
-5 -10 17 -21
-12 -44 -11 -52
16 -18 26 17
5 26 6 22
9 4 -34 -7
-22 9 0 11
11 15 -5 2
9 -22 -14 -40
18 -9 -9 -3
40 -9 17 12
4 -2 -21 -26
-18 -14 -17 -2
-52 1 2 0
-21 -14 6 -16
-26 -47 17 -19
-6 -5 -1 9
-57 -12 -28 -23
0 12 38 18
-17 2 -28 -19
-17 -23 -48 7
-2 27 29 21
54 1 -28 -22
2 -32 -5 -55
-1 1 13 33
