-512 -14 511 511
511 -512 -512 -512
-512 -512 511 511
443 -512 -512 -512
-512 -497 511 511
-91 -512 -512 -512
-512 511 511 511
-512 -512 -512 -512
236 511 511 511
-512 -512 -512 -512
511 511 511 223
-512 -512 -512 -512
511 511 511 -114
-512 -512 -512 -512
511 511 511 -512
-512 -512 -512 -512
511 511 511 -512
-512 -512 -512 511
511 511 511 -512
-512 -512 222 511
511 511 511 246
511 511 511 511
511 511 511 511
511 511 511 158
511 511 511 511
511 511 511 -512
511 511 511 511
511 511 39 -512
511 511 511 511
511 511 -459 -512
511 511 511 511
511 46 -512 -512
511 511 511 511
464 -512 -512 -512
511 511 511 511
-512 -512 -512 -512
511 511 511 248
-512 -512 -512 511
85 511 511 -231
-512 -512 511 511
-306 469 511 -274
-512 -512 511 511
-311 505 511 -60
-512 -512 511 511
72 511 511 338
-393 511 511 511
511 511 511 511
511 511 511 511
511 511 511 511
511 511 511 511
511 511 511 511
511 511 511 511
511 511 511 511
511 511 511 -512
511 511 511 511
511 511 511 -512
511 511 511 511
511 511 233 -512
316 511 511 511
511 511 -231 51
-295 511 511 511
511 71 -512 511
-512 511 511 511
511 -512 -512 511
