-512 511 511 -52
-512 -512 -512 -512
-512 511 511 -265
-512 -512 -512 -512
-512 511 511 -512
-512 -512 -512 -512
-48 511 511 -512
-512 -512 -512 -512
511 511 496 -512
-512 -512 -512 -512
511 511 86 -512
-512 -512 -512 -512
511 511 -372 -512
-512 -512 -512 -512
511 511 -378 -512
-512 -512 -512 -512
511 511 -219 -512
-512 -512 -512 -512
511 511 -361 -512
-512 -512 -512 124
511 511 -512 -512
-512 -512 -512 511
511 511 -512 -512
-512 -512 176 511
511 511 -512 -512
-512 -512 511 511
511 511 -512 -512
-512 369 511 511
511 511 -512 -512
-224 511 511 511
511 511 -171 -290
511 511 511 511
511 511 232 511
511 511 511 511
511 511 511 511
511 511 511 511
511 511 511 511
511 511 511 511
511 511 511 511
511 511 511 160
511 511 511 511
511 511 511 -512
511 511 511 511
511 511 511 -512
511 511 511 511
511 511 143 -512
511 511 511 511
511 511 -220 -512
511 511 511 511
511 511 -498 -512
511 511 511 511
511 511 -512 -512
511 511 511 511
511 511 -512 -512
511 511 511 511
511 1 -512 -512
511 511 511 511
511 -512 -512 -512
511 511 511 511
45 -512 -512 -512
511 511 511 511
-470 -512 -512 -512
511 511 511 225
-512 -512 -512 -317
511 511 511 -187
-512 -512 -412 331
511 511 511 -442
-512 -512 83 511
511 511 476 -512
-512 -512 511 511
162 511 317 -512
-512 -512 511 511
-309 257 229 -512
-512 -236 511 511
-512 136 265 -491
-512 55 511 511
-512 98 349 -319
-512 417 511 511
-512 178 511 -102
-477 511 511 511
-512 325 511 141
-186 511 511 511
-509 511 511 393
90 511 511 511
-124 511 511 511
459 511 511 511
307 511 511 511
511 511 511 511
511 511 511 511
511 511 511 511
511 511 511 511
511 511 511 511
511 511 511 511
511 511 511 511
511 511 511 511
511 511 511 511
511 511 511 511
511 511 511 511
511 511 511 511
511 511 511 120
511 511 511 511
511 511 511 -512
511 511 511 511
511 511 511 -512
511 511 511 511
511 511 225 -512
511 511 511 511
511 511 -141 -512
511 511 511 511
511 511 -499 -512
511 511 511 511
511 511 -512 -512
511 511 511 511
511 511 -512 -512
511 511 511 511
511 511 -512 -512
511 511 511 511
511 -212 -512 -512
511 511 511 511
511 -512 -512 -512
511 511 511 511
511 -512 -512 21
511 511 511 511
511 -512 -512 511
511 511 511 511
511 -512 -512 511
511 511 511 511
382 -512 -512 511
