-512 -512 -512 -512
511 347 -512 -512
-512 -512 -512 511
511 511 511 82
-512 -512 -512 -247
511 511 -512 -512
-512 -512 -512 511
511 511 270 -442
-512 -512 -512 511
511 511 -512 -512
-512 -512 -512 511
511 268 -512 -512
-512 -512 -10 511
511 511 -512 -512
-512 -512 -512 273
341 -512 -512 -512
-512 -512 511 511
511 511 -512 -512
-512 -512 -512 -280
-356 -512 -512 -512
-512 445 511 511
511 -512 -512 -512
-512 -512 -512 233
-512 -512 -512 -512
511 511 511 511
-512 -512 -512 -512
-512 -512 332 511
-88 -512 -512 -512
511 511 511 -512
-512 -512 -512 -512
-512 -512 511 499
-382 -512 -512 -176
511 511 24 -512
-512 -512 -512 -512
-512 24 511 464
60 200 511 511
511 511 -113 -512
-512 -512 -512 -512
-512 280 511 511
511 511 511 511
511 511 511 -512
-512 -512 -512 -512
-512 -28 399 511
511 511 511 511
511 511 511 511
511 74 -150 -326
-450 -409 -16 511
511 511 511 511
511 511 511 511
511 511 511 32
-512 -512 1 511
511 511 511 511
511 511 511 511
511 511 511 -144
-512 -377 215 511
511 511 511 511
511 511 511 511
511 511 511 302
118 386 511 511
511 511 406 89
511 511 511 511
511 511 511 511
511 511 511 511
511 262 -36 -138
