-264 266 511 511
511 511 511 511
511 511 412 -512
-512 -512 -512 -240
-289 139 511 511
511 511 511 511
511 511 511 -156
-512 -512 -512 -344
-271 -10 511 511
511 511 511 511
511 511 511 511
-110 -512 -512 -463
-214 -117 232 511
511 511 511 511
511 511 511 511
511 -107 -512 -510
-512 -512 -512 -343
511 511 511 511
511 511 511 511
511 336 -482 -512
-512 -512 -512 -512
-512 276 511 511
511 511 511 511
511 511 -368 -503
-512 -512 -512 -512
-512 -512 115 511
511 511 511 511
511 511 -2 -323
-512 -512 -512 -512
-512 -512 -512 101
511 511 511 511
511 511 377 -114
-512 -512 -512 -512
-512 -512 -512 -512
18 511 511 511
511 511 440 -71
-512 -512 -512 -512
-512 -512 -512 -512
-442 247 511 511
511 511 229 -178
-512 -512 -512 -512
-512 -512 -512 -512
-66 506 511 511
511 511 40 -282
-512 -512 -512 -512
-512 -512 -512 133
511 511 511 511
511 511 -94 -368
-512 -512 -512 -512
-512 -512 -271 511
511 511 511 511
511 511 -3 -306
-512 -512 -512 -512
-512 -512 -30 511
511 511 511 511
511 511 511 133
-512 -512 -512 -512
-512 -512 150 511
511 511 511 511
511 511 511 511
511 466 -210 -512
-512 -323 311 511
511 511 511 511
511 511 511 511
511 511 511 395
326 427 511 511
511 511 511 511
511 511 511 511
511 511 511 511
511 511 511 511
511 511 511 511
511 511 511 511
511 511 511 511
511 511 511 511
511 511 511 511
511 511 511 511
511 511 511 511
511 511 511 511
511 511 511 511
511 511 511 511
511 511 511 511
511 511 511 511
511 511 -22 317
511 511 511 511
511 511 511 511
511 511 511 511
511 511 -24 -512
-364 511 511 511
511 511 511 511
511 511 511 511
511 511 511 -512
-512 -512 -512 -93
511 511 511 -150
10 511 511 511
511 511 511 -338
-512 -512 -512 -512
511 511 511 -512
-512 -484 511 511
511 511 511 511
-512 -512 -512 -512
511 511 511 -453
-512 -512 -298 511
511 511 511 511
149 -512 -512 -512
511 511 511 25
-512 -512 -512 83
511 511 511 511
511 -230 -512 -512
511 511 511 511
-512 -512 -512 -512
511 511 511 511
511 511 -244 -430
511 511 511 511
459 -512 -512 -512
-512 511 511 511
511 511 195 -181
511 511 511 511
511 -273 -512 -512
-512 -512 415 511
511 511 511 108
511 511 511 511
511 511 -512 -512
-512 -512 -512 511
511 511 511 415
511 511 511 511
511 511 -512 -512
-512 -512 -512 511
511 511 511 511
