-512 -512 -512 -512
-512 -512 -512 -460
511 511 511 511
318 -512 -512 -512
-512 -512 -512 -512
-512 -512 -512 -512
-390 476 511 511
511 511 172 -81
-512 -512 -512 -512
-512 -512 511 511
511 511 511 511
511 -451 -512 -512
-512 -512 -512 -512
-512 -512 -512 -512
-411 -159 -250 -512
-512 -512 -512 -512
-512 -512 -512 -235
511 511 511 511
511 511 511 511
258 -512 -512 -512
-512 -512 -512 -512
-512 -512 -512 -512
-512 -512 -512 -512
-512 -512 -512 -512
511 511 511 511
511 511 511 511
511 -112 -512 -512
-512 -512 -512 -512
-512 -512 -512 -512
-512 -512 -512 -509
-512 -512 -512 -512
-512 -512 -512 -512
511 511 511 511
511 511 -315 -512
-512 -512 -512 -512
-512 -512 -512 -512
-512 -512 -512 -512
-512 -512 -512 -512
-512 -512 -512 -512
-347 111 511 511
511 511 511 511
511 511 504 -163
-512 -512 -512 -512
-512 -512 -512 -512
-512 -512 -512 -512
-512 -512 -512 -512
-512 -101 511 511
511 511 511 511
511 511 511 511
511 511 511 511
511 511 511 511
511 511 511 511
376 23 -259 -436
-474 -417 -200 92
511 511 511 511
511 511 511 511
511 511 511 511
511 511 511 511
511 511 511 511
511 511 511 511
511 511 511 511
511 511 511 511
511 511 511 511
511 511 511 511
