511 511 511 511
511 511 511 511
511 511 511 511
511 511 511 80
-512 -512 -512 -512
-512 -512 -512 -512
-512 -512 247 511
511 511 511 511
-241 -188 -144 -89
-40 1 -21 -80
-215 -422 -512 -512
-512 -512 -512 -512
-512 -512 -512 -512
-512 -512 -512 -512
-512 -512 -512 -512
-512 -512 -512 -512
-512 -512 -512 -512
-512 -512 -512 -512
-512 -512 -512 -512
-512 -512 20 511
511 511 511 511
511 511 511 511
511 -317 -512 -512
-512 -512 -512 -512
-512 -512 -512 -512
-512 -512 -512 -512
-512 -512 -512 -512
-512 -446 112 511
511 511 511 511
511 511 511 511
369 -241 -512 -512
-512 -512 -512 -512
