-512 -512 412 511
511 511 367 -512
-512 -512 -512 -512
-512 -512 -512 -512
-512 134 511 511
511 511 -447 -512
-512 -512 -512 -512
-512 -512 -512 -512
511 511 511 511
511 -343 -512 -512
-512 -512 -512 -512
-512 -512 -512 -512
511 511 511 511
511 -360 -512 -512
-512 -512 -512 -512
-512 -512 -512 329
511 511 511 511
511 -243 -512 -512
-512 -512 -512 -512
-512 -512 511 511
511 511 511 511
511 -505 -512 -512
-512 -512 -512 -2
511 511 511 511
511 511 511 511
503 -370 -512 -512
-169 511 511 511
511 511 511 511
511 511 511 511
269 66 281 511
511 511 511 511
511 511 511 511
511 511 511 511
511 511 511 511
511 511 511 511
511 511 511 511
511 511 511 511
511 511 511 511
511 511 511 511
511 511 -343 -512
511 511 511 511
511 511 511 511
511 511 511 511
511 -383 -512 -512
511 511 511 511
511 511 511 511
511 511 511 511
35 -512 -512 -512
511 511 511 511
511 511 511 511
511 511 511 448
-268 -512 -512 -512
511 511 511 511
511 511 511 511
511 511 45 -371
-512 -512 -512 -512
511 511 511 511
511 511 511 511
45 -412 -512 -512
-413 -3 373 511
511 511 511 511
511 511 440 -150
-512 -512 -512 -332
290 511 511 511
-340 -113 224 511
511 471 172 -238
-464 -475 -118 479
511 511 511 511
-512 -512 -323 152
434 496 423 175
91 184 511 511
511 511 511 511
-512 -512 -337 268
511 511 511 511
511 511 511 511
511 511 511 511
-512 -432 191 511
511 511 511 511
511 511 511 511
511 511 511 511
-98 228 511 511
511 511 511 511
511 511 511 511
511 511 511 511
511 511 511 511
511 511 511 511
511 511 511 511
511 511 511 511
511 511 511 511
511 511 511 511
511 511 511 511
511 494 -15 -251
511 511 511 511
511 511 511 511
511 511 511 511
511 -512 -512 -512
511 511 511 511
511 511 511 511
511 511 511 511
-214 -512 -512 -512
511 511 511 511
511 511 511 511
511 511 511 511
-512 -512 -512 -512
511 511 511 511
511 511 511 511
511 511 511 -512
-512 -512 -512 -512
511 511 511 511
511 511 511 511
511 453 -512 -512
-512 -512 -512 -512
482 511 511 511
511 511 511 511
511 -512 -512 -512
-512 -512 -512 -388
137 511 511 511
511 511 511 511
-478 -512 -512 -512
-512 -512 104 511
-39 447 511 511
511 511 511 511
-512 -512 -512 -512
-512 -512 511 511
-91 195 511 511
511 511 511 204
-512 -512 -512 -512
-512 -252 511 511
