-512 -512 -512 -512
-512 -512 -512 -512
-512 -512 439 511
511 511 44 -512
-512 -512 -512 -512
-512 -512 -512 -512
-512 -512 -201 305
349 95 -315 -487
-512 -512 -512 -512
-512 -512 -512 -512
-512 -512 511 511
511 511 116 -512
-512 -512 -512 -512
-512 -512 -512 -512
-512 -512 -269 169
159 -136 -512 -512
-512 -512 -512 -512
-512 -512 -512 -512
-512 -398 511 511
511 511 274 -512
-512 -512 -512 -512
-512 -512 -512 -512
-512 -512 -376 -86
-220 -512 -512 -512
-512 -512 -512 -512
-512 -512 -512 -512
-512 59 511 511
511 511 506 -512
-512 -512 -512 -512
-512 -512 -512 -512
-512 -512 -512 -474
-512 -512 -512 -512
-512 -512 -512 -512
-512 -512 -512 -512
-512 511 511 511
511 511 511 -512
-512 -512 -512 -512
-512 -512 -512 -512
-512 -512 -512 -512
-512 -512 -512 -512
-512 -512 -512 -512
-512 -512 -512 -512
-122 511 511 511
511 511 511 -512
-512 -512 -512 -512
-512 -512 -512 -512
-512 -512 -512 -512
-512 -512 -512 -512
-512 -512 -512 -512
-512 -512 -512 -512
511 511 511 511
511 511 511 -3
-512 -512 -512 -512
-512 -512 -512 -512
-512 -512 -512 -512
-512 -512 -512 -512
-512 -512 -512 -512
-512 -512 -512 -379
511 511 511 511
511 511 511 397
-512 -512 -512 -512
-512 -512 -512 -512
-512 -512 -512 -512
-512 -512 -512 -512
-512 -512 -512 -512
-512 -512 -512 511
511 511 511 511
511 511 511 479
-512 -512 -512 -512
-512 -512 -512 -512
-512 -512 -512 -512
-512 -512 -512 -512
-512 -512 -512 -512
-512 -512 224 511
511 511 511 511
511 511 511 -176
-512 -512 -512 -512
-512 -512 -512 -512
-512 -512 -512 -512
-512 -512 -512 -512
-512 -512 -512 -512
-512 74 511 511
511 511 511 511
511 511 511 -512
-512 -512 -512 -512
-512 -512 -512 -512
-512 -512 -512 -512
-512 -512 -512 -512
-512 -512 -512 -512
159 511 511 511
511 511 511 511
511 511 -512 -512
-512 -512 -512 -512
-512 -512 -512 -512
-512 -512 -512 -512
-512 -512 -512 -512
-384 -463 -161 511
511 511 511 511
511 511 511 511
511 165 -512 -512
-512 -512 -512 -512
-512 -512 -512 -512
-512 -512 -512 -512
-512 -512 -512 -512
-2 237 511 511
511 511 511 511
511 511 511 511
511 -512 -512 -512
-512 -512 -512 -512
-512 -512 -512 -512
-512 -512 -512 -512
-512 -512 -512 -512
341 511 511 511
511 511 511 511
511 511 511 511
-512 -512 -512 -512
-512 -512 -512 -512
-512 -512 -512 -512
-512 -512 -512 -512
-512 -512 -512 -512
511 511 511 511
511 511 511 511
511 511 511 -271
-512 -512 -512 -512
-512 -512 -512 -512
-512 -512 -512 -512
-512 -512 -512 -512
-512 -512 -512 -512
511 511 511 511
511 511 511 511
511 511 301 -512
-512 -512 -512 -512
-512 -512 -512 -512
-512 -512 -512 -512
-512 -512 -512 -512
-512 -512 -512 -512
511 511 511 511
511 511 511 511
511 511 -379 -512
-512 -512 -512 -512
-512 -512 -512 -512
-512 -512 -512 -512
-512 -512 -512 -512
-512 -330 210 504
511 511 511 511
511 511 511 511
511 511 -512 -512
-512 -512 -512 -512
-512 -512 -512 -512
-512 -512 -512 -512
-512 -512 -512 -512
-11 511 511 511
511 511 511 511
511 511 511 511
511 511 -389 -512
-512 -512 -512 -512
-512 -512 -512 -512
-512 -512 -512 -512
-512 -512 -512 -52
511 511 511 511
511 511 511 511
511 511 511 511
511 511 204 -512
-512 -512 -512 -512
-512 -512 -512 -512
-512 -512 -512 -512
-512 -512 -348 511
511 511 511 511
511 511 511 511
511 511 511 511
511 511 511 450
45 -229 -455 -512
-512 -512 -512 -512
-512 -512 -512 -512
-512 -512 203 511
511 511 511 511
511 511 511 511
511 511 511 511
511 511 511 511
511 511 511 511
465 171 -120 -450
-512 -512 -512 -512
-512 -76 511 511
511 511 511 511
466 511 511 511
511 511 511 511
511 511 511 511
511 511 511 511
511 511 511 95
-244 -512 -512 -474
-91 492 511 511
511 511 511 511
387 511 511 511
511 511 511 511
511 511 511 511
511 511 511 511
511 511 511 511
272 37 -10 177
511 511 511 511
511 511 511 511
338 511 511 511
511 511 511 511
511 511 511 511
511 511 511 511
511 511 511 511
424 263 282 498
511 511 511 511
511 511 511 511
291 511 511 511
511 511 511 511
511 511 511 511
511 511 511 511
511 511 511 511
511 511 511 511
511 511 511 511
511 511 511 511
294 511 511 511
511 511 511 511
511 511 511 511
511 511 511 511
511 511 511 511
511 511 511 511
511 511 511 511
511 511 511 511
285 511 511 511
511 511 511 511
511 511 511 511
511 511 511 511
511 511 511 511
511 511 511 511
511 511 511 511
511 511 511 511
241 511 511 511
511 511 511 511
511 511 511 511
511 511 511 511
511 511 511 511
511 511 511 511
511 511 511 511
511 511 511 511
182 407 511 511
511 511 511 511
511 511 511 511
511 511 511 511
511 511 511 511
511 511 511 511
511 511 511 511
511 511 511 511
101 223 338 463
511 511 511 511
511 511 511 511
511 511 511 511
511 511 511 511
511 511 511 511
511 511 511 511
511 511 511 511
