-160 177 511 511
511 511 511 511
-512 -512 -512 -512
-512 -512 -512 -512
511 511 511 511
511 511 434 -512
-512 -512 -512 65
511 511 511 511
206 66 -288 -500
-269 392 511 511
511 511 511 511
511 511 511 -185
498 511 511 511
511 511 511 511
511 511 511 511
501 183 8 -101
-512 -512 -512 -512
-289 -67 -100 -324
-512 -512 -404 306
511 511 511 511
-364 -498 -426 -198
100 511 511 511
511 511 511 511
511 511 511 511
511 511 511 511
511 511 511 511
511 511 511 511
511 -512 -512 -512
-512 -512 -361 511
511 511 511 511
511 511 -512 -512
-512 -512 -512 -1
