52 130 186 216
261 336 358 398
427 449 470 511
511 511 511 511
511 511 511 511
511 511 511 511
511 511 511 511
511 511 511 511
78 178 253 296
349 425 445 476
494 502 507 511
511 511 511 511
511 511 511 511
511 511 511 511
511 511 511 511
511 511 511 511
126 271 384 456
511 511 511 511
511 511 511 511
511 511 511 511
511 511 511 511
511 511 511 511
511 511 511 511
511 511 511 511
167 351 495 511
511 511 511 511
511 511 511 511
511 511 511 511
511 511 511 511
511 511 511 511
511 511 511 511
511 511 511 511
195 404 511 511
511 511 511 511
511 511 511 511
482 429 464 511
511 511 511 511
511 511 511 511
511 511 511 511
511 511 511 511
120 235 316 328
323 301 209 121
-9 -170 -355 -512
-512 -512 -512 -512
-512 -512 -227 132
511 511 511 511
511 511 511 511
511 511 511 511
41 64 64 -9
-93 -200 -368 -512
-512 -512 -512 -512
-512 -512 -512 -512
-512 -512 -512 -512
-512 -7 511 511
511 511 511 511
511 511 511 511
-22 -69 -132 -273
-414 -512 -512 -512
-512 -512 -512 -512
-512 -512 -512 -512
-512 -512 -512 -512
-512 -180 506 511
511 511 511 511
511 511 511 511
-48 -120 -209 -381
-512 -512 -512 -512
-512 -512 -512 -512
-512 -512 -512 -512
-512 -512 -512 -512
-83 511 511 511
511 511 511 511
511 511 511 511
-23 -69 -138 -298
-444 -512 -512 -512
-512 -512 -512 -512
-512 -512 -512 -512
-512 -512 -33 511
511 511 511 511
511 511 511 511
511 511 511 511
47 71 62 -50
-150 -234 -382 -484
-512 -512 -512 -512
-512 -512 -512 -285
183 511 511 511
511 511 511 511
511 511 511 511
511 511 511 236
125 218 273 211
149 91 -22 -116
-238 -377 -512 -512
-512 -433 -74 407
511 511 511 511
511 511 511 511
511 511 511 511
511 511 -512 -512
216 386 511 511
501 464 388 294
168 25 -130 -184
-148 -23 385 511
511 511 511 511
511 511 511 511
511 511 511 511
511 -512 -512 -512
206 345 464 454
427 354 282 164
17 -146 -327 -413
-386 -281 117 511
511 511 511 511
511 511 511 511
511 511 511 511
-512 -512 -512 -512
69 56 65 -19
-99 -222 -279 -382
-499 -512 -512 -512
-512 -512 -439 21
508 511 511 511
511 511 511 511
511 511 511 -512
-512 -512 -512 -512
-10 -116 -170 -303
-426 -512 -512 -512
-512 -512 -512 -512
-512 -512 -512 -512
-512 -228 294 511
511 511 511 511
511 511 -512 -512
-512 -512 -512 -512
-75 -246 -352 -512
-512 -512 -512 -512
-512 -512 -512 -512
-512 -512 -512 -512
-512 -512 -156 477
511 511 511 511
511 511 -512 -512
-512 -512 -512 -512
-166 -425 -512 -512
-512 -512 -512 -512
-512 -512 -512 -512
-512 -512 -512 -512
-512 -512 -364 384
511 511 511 511
511 511 -512 -512
-512 -512 -512 -512
-264 -512 -512 -512
-512 -512 -512 -512
-512 -512 -512 -512
-512 -512 -512 -512
-512 -512 -439 467
511 511 511 511
511 511 -296 -512
-512 -512 -512 -512
-294 -512 -512 -512
-512 -512 -512 -512
-512 -512 -512 -512
-512 -512 -512 -512
-512 -343 511 511
511 511 511 511
511 511 511 -382
-512 -512 -512 -512
-284 -512 -512 -512
-512 -512 -512 -512
-512 -512 -512 -512
-512 -512 -512 -512
-435 511 511 511
511 511 511 511
511 511 511 511
-408 -512 -512 -512
-353 -512 -512 -512
-512 -512 -512 -512
-512 -512 -512 -512
-512 -512 -512 -512
333 511 511 511
511 511 511 511
511 511 511 511
511 -362 -512 -512
-512 -512 -512 -512
-512 -512 -512 -512
-512 -512 -512 -512
-512 -512 -512 -171
511 511 511 511
511 511 511 511
511 511 511 511
511 511 -85 -506
-512 -512 -512 -512
-512 -512 -512 -512
-512 -512 -512 -512
-512 -512 -512 -62
511 511 511 511
511 511 511 511
511 511 511 511
511 511 461 244
-512 -512 -512 -512
-512 -512 -512 -512
-512 -512 -512 -512
-512 -512 -512 -512
-470 86 511 511
511 511 511 511
511 511 511 511
511 511 511 511
-505 -512 -512 -512
-512 -512 -512 -512
-512 -512 -512 -512
-512 -512 -512 -512
-512 -512 -512 -512
-512 -288 -37 175
344 511 511 511
511 511 511 511
-319 -512 -512 -512
-512 -512 -512 -512
-512 -512 -512 -512
-512 -512 -512 -512
-512 -512 -512 -512
-512 -512 -512 -512
-512 -413 293 511
511 511 511 511
-142 -257 -365 -474
-512 -512 -512 -512
-512 -512 -512 -512
-512 -512 -512 -512
-512 -512 -512 -512
-512 -512 -512 -512
-512 -512 422 511
511 511 511 511
6 43 61 55
35 -10 -174 -324
-512 -512 -512 -512
-512 -512 -512 -512
-512 -512 -512 -512
-512 -512 -512 -512
-512 -115 511 511
511 511 511 511
101 234 331 392
426 427 298 167
-36 -297 -512 -512
-512 -512 -512 -512
-512 -512 -512 -512
-512 -512 -512 -512
-417 477 511 511
511 511 511 511
121 267 379 453
501 511 431 334
176 -28 -261 -512
-512 -512 -512 -512
-512 -512 -512 -512
-512 -512 -512 -495
98 511 511 511
511 511 511 511
83 182 258 311
347 365 320 269
182 69 -62 -205
-358 -504 -512 -512
-512 -512 -512 -512
-512 -512 -459 -188
144 511 511 511
511 511 511 511
