511 511 511 388
16 -375 -512 -512
-512 -512 -512 -512
-512 -512 -512 -512
-512 -512 -512 -512
-512 -512 -512 -459
194 511 511 511
511 511 511 511
-512 -512 -512 -512
-383 511 511 511
511 511 511 511
511 511 511 511
511 511 511 217
-512 -512 -512 -512
-512 -512 -512 -512
-512 -512 -512 -512
511 511 511 511
511 477 340 230
214 270 464 511
511 511 511 511
511 511 511 511
511 511 511 511
511 511 370 -251
-512 -512 -512 -512
511 511 511 511
511 511 511 511
511 511 511 511
511 511 511 511
511 511 511 511
511 511 511 511
511 511 -143 -512
-512 -512 -512 -512
