511 511 511 511
511 511 511 511
511 511 511 511
511 511 511 511
279 124 -59 -269
-448 -512 -512 -307
122 511 511 511
511 511 511 511
-297 -455 -512 -512
-512 -512 -235 375
511 511 511 511
511 511 511 345
511 511 511 490
380 456 511 511
511 511 511 511
511 511 -512 -512
-512 -512 -512 -512
-512 -512 -512 -512
42 511 511 511
352 -512 -512 -512
-512 -512 -512 -512
-512 -512 511 511
511 511 511 511
511 511 -512 -512
-512 -512 -512 -512
-512 -512 51 511
511 511 511 511
511 511 511 511
-512 -512 -512 -512
-512 -512 -512 -512
-512 -512 -512 -165
511 511 511 511
