-409 511 511 511
511 511 -512 -245
-396 511 511 511
511 511 -85 -278
-439 487 511 511
511 511 511 -267
-267 81 511 511
511 511 511 -164
-512 -512 260 511
511 511 511 -245
-512 -512 -512 511
511 511 511 5
-512 -512 -512 -512
511 511 511 511
-512 -512 -512 -512
511 511 511 511
-512 -512 -512 -512
-75 511 511 511
-512 -512 -512 -512
-152 511 511 511
-512 -512 -512 -512
511 511 511 511
-512 -512 -512 10
511 511 511 511
-512 -512 -512 511
511 511 511 511
511 -350 -512 511
511 511 511 511
511 511 -11 511
511 511 511 511
511 511 429 511
511 511 511 511
511 511 511 511
511 511 511 511
511 511 511 511
-141 511 511 511
511 511 511 511
-314 -512 511 511
511 511 511 511
319 -512 -512 511
511 511 511 511
511 -512 -512 -512
511 511 511 511
511 -512 -512 -512
511 511 -512 126
511 511 -512 -512
511 511 -512 -512
511 511 -512 -512
511 511 -512 -512
375 511 -319 -512
511 511 -512 -512
-512 511 511 -512
511 511 -454 -512
-512 511 511 -410
511 511 511 -512
-512 -502 511 511
511 511 511 -512
-512 -512 511 511
511 511 511 -512
-512 -512 511 511
511 511 511 -512
-512 -512 243 511
472 511 511 -374
-512 -512 8 311
