-512 -440 -237 115
511 511 511 511
511 511 511 511
511 511 511 511
511 511 511 511
511 511 69 -292
-476 -504 -467 -387
-270 -175 -87 -33
-510 -403 -260 9
398 511 511 511
511 511 511 511
511 511 511 511
511 511 511 511
511 511 511 331
12 -161 -274 -315
-284 -246 -160 -83
-479 -411 -358 -212
11 404 511 511
511 511 511 511
511 511 511 511
511 511 511 511
511 511 511 511
511 493 132 -115
-239 -310 -244 -147
-224 -196 -236 -217
-174 28 314 511
511 511 511 511
511 511 511 511
511 511 511 511
511 511 511 511
511 511 511 211
-99 -305 -287 -195
-512 -512 -512 -512
-512 -512 -512 -484
-167 246 511 511
511 511 511 511
511 511 511 511
511 511 511 511
511 511 511 237
-162 -421 -405 -268
-512 -512 -512 -512
-512 -512 -512 -512
-512 -512 -512 -304
298 511 511 511
511 511 511 511
511 511 511 511
511 511 511 511
116 -227 -295 -216
-512 -512 -512 -512
-512 -512 -512 -512
-512 -512 -512 -512
-512 -505 167 511
511 511 511 511
511 511 511 511
511 511 511 511
511 212 -2 -63
-512 -512 -512 -512
-512 -512 -512 -512
-512 -512 -512 -512
-512 -512 -512 -425
179 511 511 511
511 511 511 511
511 511 511 511
511 511 300 97
-512 -512 -512 -512
-512 -512 -512 -512
-512 -512 -512 -512
-512 -512 -512 -512
-455 62 511 511
511 511 511 511
511 511 511 511
511 511 447 181
-512 -512 -512 -512
-512 -512 -512 -512
-512 -512 -512 -512
-512 -512 -512 -512
-472 -39 425 511
511 511 511 511
511 511 511 511
511 511 409 167
-512 -512 -512 -512
-512 -512 -512 -512
-512 -512 -512 -512
-512 -512 -374 -14
408 511 511 511
511 511 511 511
511 511 511 511
511 511 421 176
-512 -512 -512 -512
-512 -512 -512 -512
-512 -512 -512 -512
-413 58 511 511
511 511 511 511
511 511 511 511
511 511 511 511
511 511 511 246
-512 -512 -512 -512
-512 -512 -512 -512
-512 -512 -512 -351
101 511 511 511
511 511 511 511
511 511 511 511
511 511 511 511
511 511 511 458
511 511 511 511
70 -313 -512 -512
-512 -512 -357 25
457 511 511 511
511 511 511 511
511 511 511 511
511 511 511 511
511 511 511 511
511 511 511 511
511 511 410 172
14 28 178 460
511 511 511 511
511 511 511 511
511 511 511 511
511 511 511 511
511 511 511 511
511 511 511 511
511 511 511 511
478 490 511 511
511 511 511 511
511 511 511 511
511 511 511 511
511 511 511 511
511 511 511 511
511 511 511 511
511 511 511 511
511 511 511 511
511 511 511 511
511 511 511 511
511 511 511 511
511 511 511 511
511 511 511 511
511 511 511 511
511 511 511 511
511 511 511 511
511 511 504 159
-81 -216 -192 10
386 511 511 511
511 511 511 511
511 511 511 511
511 511 511 511
511 511 511 511
511 511 511 511
511 511 511 460
-37 -461 -512 -512
-512 -512 -168 475
511 511 511 511
511 511 511 511
511 511 511 511
511 511 511 511
511 511 511 511
511 511 511 511
511 159 -379 -512
-512 -512 -512 -512
-512 -507 108 511
511 511 511 511
511 511 511 511
511 511 511 511
511 511 511 511
511 511 511 511
511 511 410 -255
-512 -512 -512 -512
-512 -512 -512 -512
-512 -512 -512 -287
511 511 511 511
511 511 511 511
511 511 511 511
511 511 511 511
511 511 511 511
-27 -512 -512 -512
-512 -512 -512 -512
-512 -512 -512 -512
511 511 511 511
511 511 511 265
-388 -512 -512 -512
-323 231 511 511
511 511 511 511
511 98 -512 -512
-512 -512 -512 -512
-512 -512 -512 -512
511 511 511 511
511 511 511 -23
-512 -512 -512 -512
-512 -512 -512 129
511 511 511 511
511 511 322 -512
-512 -512 -512 -512
-512 -512 -512 -512
511 511 511 511
511 511 511 -157
-512 -512 -512 -512
-512 -512 -512 -512
-316 511 511 511
511 511 511 511
-36 -512 -512 -512
-512 -512 -512 -512
511 511 511 511
511 511 511 511
-512 -512 -512 -512
-512 -512 -512 -512
-512 -512 324 511
511 511 511 511
511 110 -512 -512
-512 -512 -512 -512
511 511 511 511
511 511 511 511
511 -403 -512 -512
-512 -512 -512 -512
-512 -512 -512 -438
381 511 511 511
511 511 432 -89
-448 -512 -512 -359
511 511 511 511
511 511 511 511
511 511 -347 -512
-512 -512 -512 -512
-512 -512 -512 -512
-512 -100 511 511
511 511 511 511
511 328 119 0
511 511 511 511
511 511 511 511
511 511 511 -512
-512 -512 -512 -512
-512 -512 -512 -512
-512 -512 15 511
511 511 511 511
511 511 511 244
511 511 511 511
511 511 511 511
511 511 511 511
-512 -512 -512 -512
-512 -512 -512 -512
-512 -512 -512 2
511 511 511 511
511 511 475 221
511 511 511 511
511 511 511 511
511 511 511 511
-45 -512 -512 -512
-512 -512 -512 -512
-512 -512 -512 -451
87 437 511 511
511 507 323 157
227 380 511 511
511 511 511 511
511 511 511 511
152 -468 -512 -512
-512 -512 -512 -512
-512 -512 -512 -402
-88 130 273 311
286 258 167 84
