-512 108 450 -512
-512 -512 -512 -512
-512 -497 289 -512
-512 -512 -512 -512
-512 -394 297 -512
-512 -512 -512 -512
-512 -26 -272 -512
-512 -512 -512 -411
-243 356 -512 -512
-512 -512 -512 511
511 511 -512 -512
-512 -512 -207 511
511 360 -512 -512
-512 -512 -404 511
511 -512 -512 -512
-512 -512 352 511
511 -346 -512 -512
-512 -407 511 511
511 381 -512 -512
-512 511 511 511
511 511 108 262
511 511 288 144
511 511 511 511
511 215 -512 -512
511 511 511 511
511 -512 -512 -512
511 511 511 511
55 -512 -512 -512
511 511 511 499
-512 -512 -512 -512
511 511 511 -512
-512 -512 -512 -512
511 511 367 -512
-512 -512 -512 -512
511 511 -172 -512
-512 -512 -512 186
511 511 -222 -512
-512 -512 511 511
436 511 87 -512
-512 511 511 511
308 511 511 -512
-473 511 511 511
511 511 511 213
356 511 511 511
511 511 511 511
511 511 511 511
511 511 511 511
511 511 511 511
511 511 511 511
511 511 511 429
511 511 511 511
511 511 -512 -512
511 511 511 511
511 470 -512 -512
511 511 511 511
511 -512 -512 -512
511 511 511 511
511 -512 -512 -512
511 511 511 511
-371 -512 -512 -492
511 511 511 511
-512 -512 -512 511
511 511 511 511
-512 -512 -506 511
