-512 -512 -512 -503
-184 80 279 406
474 442 304 64
-228 -512 -512 -512
-512 -512 -512 -512
-512 -512 -512 -512
-512 -512 -512 -512
-512 -512 -512 -448
-512 -512 -512 -512
-512 -512 -172 100
267 274 98 -252
-512 -512 -512 -512
-512 -512 -512 -512
-512 -512 -512 -512
-512 -512 -512 -512
-512 -512 -512 -512
-512 -512 -512 -512
-512 -478 -44 227
352 297 30 -428
-512 -512 -512 -512
-512 -512 -512 -512
-512 -512 -512 -512
-512 -512 -512 -512
-512 -512 -512 -292
-512 -512 -512 -512
-458 -72 151 184
42 -259 -512 -512
-512 -512 -512 -512
-512 -512 -512 -512
-512 -512 -512 -512
-512 -512 -512 -512
-512 -76 82 127
-512 -406 -127 148
381 384 216 -149
-512 -512 -512 -512
-512 -512 -512 -512
-512 -512 -512 -512
-512 -512 -512 -512
-512 -512 5 511
511 511 511 511
511 511 511 511
511 511 104 -512
-512 -512 -512 -512
-512 -512 -512 -512
-512 -512 -512 -512
-512 -512 -512 -512
-512 356 511 511
511 511 511 511
511 511 511 511
511 484 -161 -512
-512 -512 -512 -512
-512 -512 -512 -512
-512 -512 -512 -512
-512 -512 -512 -512
-512 93 511 511
511 511 511 511
511 511 511 402
16 -512 -512 -512
-512 -512 -512 -512
-512 -512 -512 -512
-512 -512 -512 -512
-512 -512 -512 -512
107 511 511 511
511 511 511 511
511 511 511 511
501 -207 -512 -512
-512 -512 -512 -512
-512 -512 -512 -512
-512 -512 -512 -512
-512 -146 449 511
511 511 511 511
511 511 511 511
511 511 511 511
511 511 -138 -512
-512 -512 -512 -512
-512 -512 -512 -512
-512 -512 -112 281
511 511 511 511
511 511 511 511
511 511 511 477
511 511 511 511
511 511 511 511
323 103 10 24
112 285 477 511
511 511 511 511
511 511 511 472
327 221 179 136
134 119 103 45
511 511 511 511
511 511 511 511
511 511 511 511
511 511 511 511
511 511 511 511
477 2 -439 -512
-512 -512 -512 -512
-512 -512 -512 -333
511 511 511 511
511 511 511 511
511 511 511 511
511 511 511 511
511 511 445 -80
-512 -512 -512 -512
-512 -512 -512 -512
-512 -512 -512 -512
511 511 511 511
511 511 511 511
511 511 511 511
511 511 511 511
373 -53 -512 -512
-512 -512 -512 -512
-512 -512 -512 -512
-512 -512 -512 -512
511 511 511 511
511 511 511 511
511 511 511 511
511 476 106 -177
-512 -512 -512 -512
-512 -512 -512 -512
-512 -512 -512 -512
-512 -512 -512 -500
511 511 511 511
511 511 511 511
511 511 511 124
-307 -512 -512 -512
-512 -512 -512 -512
-512 -512 -512 -512
-512 -512 -512 -512
-512 -512 -512 -357
511 511 511 511
511 511 511 511
511 375 -187 -512
-512 -512 -512 -512
-512 -512 -512 -512
-512 -512 -512 -512
-512 -512 -512 -512
-512 -512 -419 -213
511 511 511 511
511 511 511 511
344 -159 -512 -512
-512 -512 -512 -512
-512 -512 -512 -512
-512 -512 -512 -512
-512 -377 -102 56
144 194 153 83
511 511 511 511
511 511 511 511
196 -190 -512 -512
-512 -512 -512 -512
-512 -512 -512 -512
-512 -385 109 511
511 511 511 511
511 511 511 463
410 460 511 511
511 511 511 511
422 146 -214 -512
-512 -512 -512 -512
-512 -512 -512 -258
311 511 511 511
511 511 511 511
511 511 511 511
219 328 462 511
511 511 511 511
511 511 403 62
-314 -512 -512 -512
-512 -409 64 511
511 511 511 511
511 511 511 511
511 511 511 511
511 511 511 511
511 511 511 511
511 511 511 511
384 143 -37 -57
113 434 511 511
511 511 511 511
511 511 511 511
511 511 511 511
511 511 511 511
511 511 511 511
511 511 511 511
511 511 511 511
511 511 511 511
511 511 511 511
511 511 511 511
511 511 511 511
511 511 511 511
511 511 511 511
511 511 511 511
511 511 511 511
511 511 511 511
511 511 511 511
511 511 511 511
511 511 511 511
511 511 511 511
511 511 511 511
511 511 511 511
511 511 511 511
511 511 511 511
511 511 511 511
511 511 511 484
423 353 277 131
511 511 511 511
511 511 511 511
511 511 511 511
511 511 511 511
511 511 511 511
511 511 387 -281
-512 -512 -512 -512
-512 -512 -512 -403
511 511 511 511
511 511 511 511
511 511 511 511
511 511 511 511
511 511 511 511
511 38 -512 -512
-512 -512 -512 -512
-512 -512 -512 -512
511 511 511 511
511 511 511 511
511 511 511 511
511 511 511 511
511 511 511 511
-217 -512 -512 -512
-512 -512 -512 -512
-512 -512 -512 -512
511 511 511 511
511 511 511 511
511 511 511 511
511 511 511 511
511 511 -33 -512
-512 -512 -512 -512
-512 -512 -512 -512
-512 -512 -512 -512
511 511 511 511
511 511 511 511
511 511 511 511
511 511 511 511
288 -512 -512 -512
-512 -512 -512 -512
-512 -512 -512 -512
-512 -294 -121 -30
511 511 511 511
511 511 511 511
511 511 511 511
511 511 511 165
-512 -512 -512 -512
-512 -512 -512 -512
-512 -512 190 511
511 511 511 511
511 511 511 511
511 511 511 511
511 511 511 511
511 511 511 -409
-512 -512 -512 -512
-512 -512 -512 -512
-512 153 511 511
511 511 511 511
