350 511 511 511
511 511 511 511
511 511 511 511
511 511 511 511
511 308 -439 -512
-512 -512 -512 -512
121 511 511 511
511 511 511 511
-59 -156 -262 -470
-512 -512 -512 -512
-512 -512 -512 -512
-512 -512 -512 -512
-512 -512 -512 -512
-512 -512 -512 -512
-512 -512 -72 511
511 511 511 511
-512 -512 -512 -512
-512 -512 -512 -512
-512 -512 -512 -512
-96 180 137 -152
-512 -512 -512 -512
-512 -512 -512 -512
-512 -512 -512 -350
511 511 511 511
-157 -323 -448 -512
-512 -512 -512 -512
-512 -512 -512 -512
-512 -512 -512 -512
-512 -512 -512 -512
-512 -512 -512 -512
-512 -512 -512 -512
-512 -512 -512 -512
