-512 -512 -512 -512
-512 -512 -512 -512
-512 -512 -451 511
511 511 310 -512
-512 -512 -512 -512
-512 -512 -512 -512
-512 -512 -512 -126
-46 -233 -512 -512
-512 -512 -512 -512
-512 -512 -512 -512
-512 194 511 511
511 511 511 194
-512 -512 -512 -512
-512 -512 -512 -512
-512 -512 -512 -512
-512 -512 -512 -512
-512 -512 -512 -512
-512 -512 -512 -436
511 511 511 511
511 511 511 511
-512 -512 -512 -512
-512 -512 -512 -512
-512 -512 -512 -512
-512 -512 -512 -512
-512 -512 -512 -512
-507 511 511 511
511 511 511 511
511 511 -512 -512
-512 -512 -512 -512
-512 -512 -512 -512
-512 -512 -512 -512
-512 -512 -512 -512
266 511 511 511
511 511 511 511
511 511 511 -247
-512 -512 -512 -512
-512 -512 -512 -512
-512 -512 -512 -512
-512 -512 -512 -512
-512 -512 -512 -512
435 511 511 511
511 511 511 511
511 511 -67 -512
-512 -512 -512 -512
-512 -512 -512 -512
-512 -512 -512 -512
-512 -512 -512 -512
-512 189 511 511
252 511 511 511
511 511 511 511
511 511 511 511
511 511 420 -415
-512 -512 -512 -512
-512 -512 -512 -512
-512 -512 -137 511
511 511 511 511
358 511 511 511
511 511 511 511
511 511 511 511
511 511 511 511
511 -199 -512 -512
-512 -342 133 511
511 511 511 511
511 511 511 511
