-169 -302 -430 -455
-429 -273 -9 346
511 511 511 511
511 511 511 511
511 511 511 511
511 511 511 511
511 511 511 511
511 511 511 511
-163 -325 -501 -512
-512 -512 -512 -462
-116 379 511 511
511 511 511 511
511 511 511 511
511 511 511 511
511 511 511 511
511 511 511 511
-41 -117 -237 -426
-512 -512 -512 -512
-512 -512 -512 -508
49 511 511 511
511 511 511 511
511 511 511 511
511 511 511 511
511 511 511 511
-122 -259 -404 -512
-512 -512 -512 -512
-512 -512 -512 -512
-512 -512 -262 382
511 511 511 511
511 511 511 511
511 511 511 511
511 511 511 511
-512 -512 -512 -512
-512 -512 -512 -512
-512 -512 -512 -512
-512 -512 -512 -512
-512 -512 -333 -89
129 369 511 511
511 511 511 408
1 -403 -512 -512
-512 -512 -512 -512
-512 -512 -512 -512
-512 -512 -512 -512
-512 -512 -512 -512
-512 -512 -512 -512
-512 -512 -512 -453
-394 -446 -512 -512
-512 -512 -512 -512
-512 -512 -512 -512
-512 -512 -512 -512
-512 -512 -512 -512
-512 -512 -512 -512
-512 -512 -512 -512
-323 189 511 511
511 511 477 -187
-512 -512 -512 -512
-303 -512 -512 -512
-512 -512 -512 -512
-512 -512 -512 -512
-512 -512 -512 -512
-512 -512 -512 -512
-281 332 511 511
511 511 511 511
511 511 511 353
35 61 7 -134
-295 -431 -512 -512
-512 -512 -512 -512
-512 -512 -512 -512
-512 -512 -512 -512
-512 -512 -512 244
511 511 511 511
511 511 511 511
-272 -512 -512 -512
-512 -512 -512 -512
-512 -512 -175 220
445 511 511 340
93 -360 -512 -512
-512 -512 -512 -512
259 511 511 511
511 511 511 511
-483 -512 -512 -512
-512 -512 -512 -512
-512 -512 -512 -234
511 511 511 511
511 511 511 511
511 511 396 358
511 511 511 511
511 511 511 511
90 54 -143 -512
-512 -512 -512 -512
-512 -512 -512 -512
-512 -329 511 511
511 511 511 511
511 511 511 511
511 511 511 511
511 511 511 511
511 511 511 511
511 511 511 16
-512 -512 -512 -512
-512 -512 -512 -512
59 511 511 511
511 511 511 511
511 511 511 511
511 511 511 511
511 511 511 511
511 511 511 511
511 511 96 -512
-512 -512 -512 -512
-512 -512 -48 511
511 511 511 511
511 511 511 511
511 511 511 511
511 511 511 511
511 511 511 511
511 511 511 511
511 511 511 -53
-500 -512 -512 -345
179 511 511 511
511 511 511 511
511 511 511 511
212 511 511 511
511 511 511 511
511 511 511 511
511 511 511 511
511 107 -512 -512
-512 -512 -512 27
511 511 511 511
511 511 511 511
