-512 -512 -512 -512
511 511 -397 -512
-512 -512 -512 -512
244 511 511 470
-512 -512 -512 -512
511 511 -370 -512
-512 -512 -512 -512
199 511 511 203
-512 -512 -512 -512
511 511 -244 -512
-512 -512 -512 -512
142 511 403 -370
-512 -512 -512 -193
511 511 -116 -512
-512 -512 -512 -512
10 511 -282 -512
-512 -512 -512 511
511 511 10 -512
-512 -512 -512 -512
-155 57 -512 -512
-512 -512 -512 511
511 511 241 -512
-512 -512 -512 -512
-222 -335 -512 -512
-512 -512 -512 511
511 511 511 -512
-512 -512 -512 -512
-512 -512 -512 -512
-512 -512 227 511
511 511 511 -512
-512 -512 -512 -512
-512 -512 -512 -512
-512 -512 511 511
511 511 436 -512
-512 -512 -512 -512
-512 -512 -512 -512
-512 -512 511 511
511 511 -512 -512
-512 -512 -512 -512
-512 -512 -512 -512
-512 283 511 511
511 511 -512 -512
-512 -512 -512 -512
-512 -512 -512 -512
-284 511 511 511
511 271 -512 -512
-512 -512 -512 -512
-512 -512 -512 -512
511 511 511 511
511 -512 -512 -512
-512 -512 -512 -512
-512 -512 -512 -512
511 511 511 511
307 -512 -512 -512
-512 -512 -512 -512
-512 -512 -512 -512
511 511 511 511
-512 -512 -512 -512
-512 -512 -512 -512
-512 -512 -512 -512
511 511 511 341
-512 -512 -512 -512
-512 -512 -512 -512
-512 -512 -512 -512
511 511 511 -475
-512 -512 -512 -512
-512 -512 -512 -512
-512 -512 -512 -167
511 511 511 -512
-512 -512 -512 -512
-512 -512 -512 -512
-512 -512 73 511
511 511 511 -512
-512 -512 -512 -512
-512 -512 -512 -512
-512 -283 511 511
511 511 511 -512
-512 -512 -512 -512
-512 -512 -512 -512
-512 305 511 511
511 511 511 -196
-512 -512 -512 -512
-512 -512 -512 -512
-485 511 511 511
511 511 511 511
-489 -512 -512 -512
-512 -512 -512 -512
-249 511 511 511
511 511 511 511
511 328 20 -264
-512 -512 -512 -512
30 511 511 511
511 511 511 511
511 511 511 423
-146 -512 -512 -512
350 511 511 511
511 511 511 511
511 511 511 511
165 -369 -512 -178
511 511 511 511
511 511 511 511
511 511 511 511
111 -347 -399 34
511 511 511 511
511 511 511 511
511 511 511 511
153 -177 -80 405
511 511 511 511
511 511 511 511
511 511 511 511
345 188 396 511
511 511 511 511
511 511 511 511
511 511 511 511
511 511 511 511
511 511 511 511
511 511 511 511
511 511 511 511
511 511 511 511
511 511 511 511
511 511 511 511
511 511 511 511
511 511 511 511
511 511 511 511
511 511 511 511
511 511 511 436
393 477 511 511
511 511 511 396
