-512 105 511 511
-512 -512 -512 -512
-512 511 511 -298
-512 -512 -512 -512
511 511 -67 -512
-512 -512 -512 -512
511 511 -512 -512
-512 -512 -512 -426
511 511 -512 -512
-512 -512 454 511
511 511 511 511
511 511 511 -239
511 511 511 511
511 511 -512 -512
511 511 511 511
166 -512 -512 -512
511 511 511 -510
-512 -512 -512 -512
511 511 401 -512
-512 -512 511 511
148 511 511 -440
-512 -7 511 511
511 511 511 511
511 511 511 511
511 511 511 511
511 511 511 511
511 511 511 511
511 511 -225 -512
511 511 511 511
511 338 -512 -512
511 511 511 511
511 -512 -512 511
