511 511 511 511
511 -512 -512 -74
511 511 511 511
511 -512 -512 -512
511 511 511 511
511 511 -512 -512
121 323 511 511
511 511 319 -512
-512 -512 -87 511
511 511 247 -512
-512 -512 -512 -190
210 187 -512 -512
-512 -512 -512 429
511 511 3 -512
-512 -512 -512 239
511 511 511 -273
-284 -512 -347 317
511 511 511 511
-297 511 511 511
511 511 511 511
-512 395 511 511
511 511 511 511
10 -425 511 511
511 511 -380 370
511 -512 -512 511
511 511 -204 -512
511 511 -512 -512
511 511 511 -206
511 511 341 -512
-1 511 511 511
511 511 511 -512
-512 42 511 511
