-8 19 0 9
-19 30 31 -21
-25 -15 -8 24
-45 -8 -4 -18
-20 -6 -4 5
-26 -28 18 11
-14 -19 -3 12
32 0 24 15
5 -17 21 6
17 -7 -13 26
22 -11 -1 -22
-8 2 -19 8
-13 -12 -25 8
7 8 -2 -5
-4 31 -12 15
1 -6 35 22
42 -1 30 -8
21 18 5 29
-23 23 18 -38
43 -16 -35 22
-16 2 28 -29
-28 20 3 -7
21 2 6 16
-8 19 18 1
-7 11 35 25
-21 -8 14 -16
-1 5 -27 17
-22 -53 24 -7
-40 -28 -9 -3
-4 -12 -44 2
15 -54 30 18
-18 12 -38 26
6 29 -24 -9
5 -18 3 -27
14 -26 -1 -1
-26 -11 -7 -52
-2 -4 -17 -33
-8 -17 -2 22
-26 20 11 -8
-6 9 16 0
-13 44 3 47
-6 -17 21 4
-15 -6 17 3
-22 6 -2 6
10 -46 13 12
14 -38 12 16
-7 24 16 21
57 -27 16 24
1 23 40 -15
9 21 6 2
-9 -21 22 21
-32 -14 47 -50
-11 1 -38 29
-12 -26 25 16
-1 -28 22 17
-18 39 -19 33
18 -19 23 1
28 0 -34 56
-32 -16 14 -49
12 1 -25 -8
14 -25 -40 10
-21 -27 29 -35
11 17 -8 -2
4 7 -2 13
-4 20 20 29
-16 19 35 -6
-24 10 14 -23
-7 7 -35 48
-41 -46 52 -23
-12 8 -9 12
-12 -2 -5 23
32 -34 45 17
8 1 -15 29
-8 3 26 -33
43 -17 -44 29
-19 -23 -12 -4
-23 -6 -1 -44
4 19 -46 30
-1 -18 7 -6
-6 13 14 8
5 -16 12 0
-3 -3 -9 13
-29 35 -42 -37
-3 -33 -13 -2
-29 6 -18 -1
-31 -3 4 -50
10 8 13 10
1 -4 27 14
2 0 40 -16
4 0 25 4
-10 10 -3 32
-2 -53 13 -2
-35 17 -10 30
-6 -1 -4 24
18 -22 -7 51
11 20 12 26
14 28 15 26
4 18 0 -3
52 -8 -6 20
-54 24 17 -38
19 0 -17 4
1 -1 -7 3
-15 16 48 -15
-2 13 6 22
7 6 27 -8
0 6 -3 23
-28 -41 49 -13
-31 7 -59 -1
-2 -50 6 7
-28 -35 -1 14
-25 -1 -32 11
39 -29 6 0
-16 22 32 -2
-1 -14 8 -5
-23 -3 24 -34
-4 -17 11 4
-48 -39 0 -7
1 -11 4 7
-12 -1 2 32
-17 -8 13 26
21 7 -20 32
7 8 16 1
-10 -7 -28 10
17 -26 2 -13
6 6 -17 -23
-6 -15 13 5
27 -9 15 -1
13 36 -1 11
