-512 -512 -512 -512
-232 233 511 511
511 511 511 511
511 511 511 511
511 511 511 511
511 511 511 511
511 511 511 511
511 511 511 511
-512 -512 -512 -512
-242 198 511 511
511 511 511 511
511 511 511 511
511 511 511 511
511 511 511 511
511 511 511 511
511 511 511 511
-512 -512 -512 -512
-366 34 511 511
511 511 511 511
511 511 511 511
511 511 511 511
511 511 511 511
511 511 511 511
511 511 511 511
-512 -512 -512 -512
-512 -204 292 511
511 511 511 511
511 511 511 511
511 511 511 511
511 511 511 511
511 511 511 511
511 511 511 511
-512 -512 -512 -512
-512 -390 20 436
511 511 511 511
511 511 511 511
511 511 511 511
511 511 511 511
511 511 511 511
511 511 511 511
-512 -512 -512 -512
-512 -512 -283 63
507 511 511 511
511 511 511 511
511 511 511 511
511 511 511 511
511 511 511 511
511 511 511 511
-512 -512 -512 -512
-512 -512 -512 -345
21 443 511 511
511 511 511 511
511 511 511 511
511 511 511 511
511 511 511 511
511 511 511 511
-512 -512 -512 -512
-512 -512 -512 -512
-366 -3 511 511
511 511 511 511
511 511 511 511
511 511 511 511
511 511 511 511
511 511 511 511
-512 -512 -512 -512
-512 -512 -512 -512
-512 -512 -315 173
511 511 511 511
511 511 511 511
511 511 511 511
511 511 511 511
511 511 511 511
-512 -512 -512 -512
-512 -512 -512 -512
-512 -512 -512 -500
1 511 511 511
511 511 511 511
511 511 511 511
511 511 511 511
511 511 511 511
-512 -512 -512 -512
-512 -512 -512 -512
-512 -512 -512 -512
-512 -80 511 511
511 511 511 511
511 511 511 511
511 511 511 511
511 511 511 511
-512 -512 -512 -512
-512 -512 -512 -512
-512 -512 -512 -512
-512 -512 -131 482
511 511 511 511
511 511 511 511
511 511 511 511
511 511 511 511
-512 -512 -512 -512
-512 -512 -512 -512
-512 -512 -512 -512
-512 -512 -512 -243
294 511 511 511
511 511 511 511
511 511 511 511
511 511 511 511
-512 -512 -512 -512
-512 -512 -512 -512
-512 -512 -512 -512
-512 -512 -512 -512
-435 61 511 511
511 511 511 511
511 511 511 511
511 511 511 511
-512 -512 -512 -512
-512 -512 -512 -512
-512 -512 -512 -512
-512 -512 -512 -512
-512 -512 -140 287
511 511 511 511
511 511 511 511
511 511 511 511
-512 -512 -512 -512
-512 -512 -512 -512
-512 -512 -512 -512
-512 -512 -512 -512
-512 -512 -512 -375
0 432 511 511
511 511 511 511
511 511 511 511
-512 -512 -512 -512
-512 -512 -512 -512
-512 -512 -512 -512
-512 -512 -512 -512
-512 -512 -512 -512
-512 -152 322 511
511 511 511 511
511 511 511 511
-512 -512 -512 -512
-512 -512 -512 -512
-512 -512 -512 -512
-512 -512 -512 -512
-512 -512 -512 -512
-512 -512 -107 359
511 511 511 511
511 511 424 247
-512 -512 -512 -512
-512 -512 -512 -512
-512 -512 -512 -512
-512 -512 -512 -512
-512 -512 -512 -512
-512 -512 -362 93
482 511 511 511
511 391 152 -25
-512 -512 -512 -512
-512 -512 -512 -512
-512 -512 -512 -512
-512 -512 -512 -512
-512 -512 -512 -512
-512 -512 -438 -6
363 511 511 511
473 215 -29 -208
-512 -512 -512 -512
-512 -512 -512 -512
-512 -512 -512 -512
-512 -512 -512 -512
-512 -512 -512 -512
-512 -512 -315 85
415 511 511 511
383 99 -164 -352
-512 -512 -512 -512
-512 -512 -512 -512
-512 -512 -512 -512
-512 -512 -512 -512
-512 -512 -512 -512
-512 -375 -21 344
511 511 511 511
434 123 -158 -356
-512 -512 -512 -512
-512 -512 -512 -512
-512 -512 -512 -512
-512 -512 -512 -512
-512 -512 -512 -477
-237 78 413 511
511 511 511 511
511 366 75 -129
-512 -512 -512 -512
-512 -512 -512 -512
-512 -512 -512 -512
-512 -512 -512 -512
-512 -512 -301 -9
228 511 511 511
511 511 511 511
511 443 141 -68
-512 -512 -512 -512
-512 -512 -512 -512
-512 -512 -512 -512
-512 -512 -512 -512
-512 -293 62 384
511 511 511 511
511 511 511 511
511 511 424 220
-512 -512 -512 -512
-512 -512 -512 -512
-512 -512 -512 -512
-512 -512 -512 -512
-424 11 413 511
511 511 511 511
511 511 511 511
511 511 511 511
-512 -512 -512 -512
-512 -512 -512 -512
-512 -512 -512 -512
-512 -512 -512 -512
-303 161 511 511
511 511 511 511
511 511 511 511
511 511 511 511
-512 -512 -512 -512
-512 -512 -512 -512
-512 -512 -512 -512
-512 -512 -512 -512
-255 225 511 511
511 511 511 511
511 511 511 511
511 511 511 511
-512 -512 -512 -512
-512 -512 -512 -512
-512 -512 -512 -512
-512 -512 -512 -512
-239 227 511 511
511 511 511 511
511 511 511 511
511 511 511 511
-336 -472 -512 -512
-512 -512 -512 -512
-512 -512 -512 -512
-512 -512 -512 -512
-337 87 511 511
511 511 511 511
511 511 511 511
511 511 511 511
317 167 -61 -343
-512 -512 -512 -512
-512 -512 -512 -512
-512 -512 -512 -512
-421 -64 312 511
511 511 511 511
511 511 511 511
511 511 511 511
511 511 426 133
-217 -498 -512 -512
-512 -512 -512 -512
-512 -512 -512 -512
-512 -244 62 400
511 511 511 511
511 511 511 511
511 511 511 511
511 511 511 442
106 -147 -394 -501
-512 -512 -512 -512
-512 -512 -512 -512
-512 -351 -142 126
412 511 511 511
511 511 511 511
511 511 511 511
511 511 511 511
310 114 -69 -111
-176 -166 -240 -266
-379 -439 -494 -487
-497 -458 -363 -181
50 443 511 511
511 511 511 511
511 511 511 511
511 511 511 511
364 246 153 200
219 297 267 258
128 15 -126 -221
-345 -423 -444 -358
-201 150 511 511
511 511 511 511
511 511 511 511
511 511 511 418
268 246 268 421
511 511 511 511
511 504 297 116
-109 -295 -429 -443
-370 -77 511 511
511 511 511 511
511 511 511 511
511 476 381 311
228 286 409 511
511 511 511 511
511 511 511 511
272 -15 -264 -391
-428 -232 270 511
511 511 511 511
511 511 511 511
511 477 412 386
364 488 511 511
511 511 511 511
511 511 511 511
511 323 -51 -314
-484 -421 -63 502
511 511 511 511
511 511 511 511
455 407 364 372
399 511 511 511
511 511 511 511
511 511 511 511
511 511 318 -66
-371 -458 -276 131
511 511 511 511
511 511 511 511
498 451 410 422
468 511 511 511
511 511 511 511
511 511 511 511
511 511 511 393
-31 -266 -274 -50
511 511 511 511
511 511 511 511
464 412 363 363
408 511 511 511
511 511 511 511
511 511 511 511
511 511 511 511
422 54 -139 -107
245 511 511 511
511 511 511 511
511 478 400 358
366 511 511 511
511 511 511 511
511 511 511 511
511 511 511 511
511 511 202 39
149 511 511 511
511 511 511 511
511 511 428 322
263 331 511 511
511 511 511 511
511 511 511 511
511 511 511 511
511 511 511 319
180 306 511 511
511 511 511 511
511 511 511 418
266 224 364 511
511 511 511 511
511 511 511 511
511 511 511 511
511 511 511 511
340 222 278 511
511 511 511 511
511 511 511 511
269 85 78 193
490 511 511 511
511 511 511 511
511 511 511 511
511 511 511 511
511 282 74 95
248 456 511 511
511 511 511 511
427 75 -117 -171
-21 289 511 511
511 511 511 511
511 511 511 511
511 511 511 511
511 477 32 -182
-253 -242 -187 -129
511 511 511 511
511 96 -303 -512
-512 -391 12 504
511 511 511 511
511 511 511 511
511 511 511 511
511 511 158 -264
-512 -512 -512 -512
511 511 511 511
511 237 -367 -512
-512 -512 -512 -290
336 511 511 511
511 511 511 511
511 511 511 511
511 511 404 -170
-512 -512 -512 -512
511 511 511 511
511 441 -360 -512
-512 -512 -512 -512
-507 239 511 511
511 511 511 511
511 511 511 511
511 511 511 67
-467 -512 -512 -512
511 511 511 511
511 511 -100 -512
-512 -512 -512 -512
-512 -438 399 511
511 511 511 511
511 511 511 511
511 511 511 436
-106 -512 -512 -512
511 511 511 511
511 511 230 -512
-512 -512 -512 -512
-512 -512 -291 511
511 511 511 511
511 511 511 511
511 511 511 511
380 -55 -347 -501
511 511 511 511
511 511 511 -312
-512 -512 -512 -512
-512 -512 -512 -230
511 511 511 511
511 511 511 511
511 511 511 511
511 380 77 -89
511 511 511 511
511 511 511 55
-512 -512 -512 -512
-512 -512 -512 -512
-122 511 511 511
511 511 511 511
511 511 511 511
511 511 445 268
511 511 511 511
511 511 511 477
-512 -512 -512 -512
-512 -512 -512 -512
-512 126 511 511
511 511 511 511
511 511 511 511
511 511 511 450
511 511 511 511
511 511 511 511
87 -512 -512 -512
-512 -512 -512 -512
-512 -512 284 511
511 511 511 511
511 511 511 511
511 511 511 511
511 511 511 511
511 511 511 511
511 -64 -512 -512
-512 -512 -512 -512
-512 -512 -205 511
511 511 511 511
511 511 511 511
511 511 511 511
511 511 511 511
511 511 511 511
511 511 -111 -512
-512 -512 -512 -512
-512 -512 -512 -102
511 511 511 511
511 511 511 511
511 511 511 511
511 511 511 511
511 511 511 511
511 511 511 -42
-512 -512 -512 -512
-512 -512 -512 -512
-95 487 511 511
511 511 511 511
511 511 511 511
511 511 511 511
511 511 511 511
511 511 511 511
-32 -512 -512 -512
-512 -512 -512 -512
-512 -231 424 511
511 511 511 511
511 511 511 511
511 511 511 511
511 511 511 511
511 511 511 511
511 -333 -512 -512
-512 -512 -512 -512
-512 -512 -212 382
511 511 511 511
511 511 511 511
511 511 511 511
511 511 511 511
511 511 511 511
511 75 -512 -512
-512 -512 -512 -512
-512 -512 -512 -87
511 511 511 511
511 511 511 511
511 511 511 511
511 511 511 511
511 511 511 511
511 376 -512 -512
-512 -512 -512 -512
-512 -512 -512 -297
444 511 511 511
511 511 511 511
511 511 511 511
511 511 511 511
511 511 511 511
511 511 -470 -512
-512 -512 -512 -512
-512 -512 -512 -446
335 511 511 511
511 511 511 511
511 511 511 511
511 511 511 511
511 511 511 511
511 511 -359 -512
-512 -512 -512 -512
-512 -512 -512 -512
262 511 511 511
511 511 511 511
