-512 -512 290 511
511 511 511 -512
-512 -512 -512 -512
-512 -512 -512 -512
-512 -512 414 511
511 511 319 -512
-512 -512 -512 -512
-512 -512 -512 -512
-512 -240 511 511
511 511 -87 -512
-512 -512 -512 -512
-512 -512 -512 -512
-306 304 511 511
511 511 -512 -512
-512 -512 -512 -512
-512 -512 -512 -512
478 511 511 511
511 41 -512 -512
-512 -512 -512 -512
-512 -512 -512 -512
511 511 511 511
511 -482 -512 -512
-512 -512 -512 -512
-512 -512 -512 -512
511 511 511 511
343 -512 -512 -512
-512 -512 -512 -512
-512 -512 -512 -400
511 511 511 511
348 -512 -512 -512
-512 -512 -512 -512
-512 -512 -512 -423
511 511 511 511
511 -512 -512 -512
-512 -512 -512 -512
-512 -512 -512 -280
511 511 511 511
349 -512 -512 -512
-512 -512 -512 -512
-512 -512 -384 504
511 511 511 511
42 -512 -512 -512
-512 -512 -512 -512
-512 -414 511 511
511 511 511 511
-172 -512 -512 -512
-512 -512 -512 -512
-384 511 511 511
511 511 511 511
-283 -512 -512 -512
-512 -512 -512 -190
511 511 511 511
511 511 511 511
-330 -512 -512 -512
-512 -512 -19 511
511 511 511 511
511 511 511 511
-190 -512 -512 -512
-512 189 511 511
511 511 511 511
511 511 511 511
155 -357 -423 -41
511 511 511 511
511 511 511 511
511 511 511 511
405 172 354 511
511 511 511 511
511 511 511 511
511 511 511 511
511 511 511 511
511 511 511 511
511 511 511 511
511 511 511 511
511 511 511 511
511 511 511 511
511 511 511 511
511 511 511 511
511 511 511 511
511 511 511 511
511 511 463 -58
511 511 511 511
511 511 511 511
511 511 511 511
511 511 -279 -512
511 511 511 511
511 511 511 511
511 511 511 511
511 96 -512 -512
511 511 511 511
511 511 511 511
511 511 511 511
511 -392 -512 -512
511 511 511 511
511 511 511 511
511 511 511 511
351 -512 -512 -512
511 511 511 511
511 511 511 511
511 511 511 511
8 -512 -512 -512
511 511 511 511
511 511 511 511
511 511 511 511
-191 -512 -512 -512
511 511 511 511
511 511 511 511
511 511 511 154
-512 -512 -512 -512
511 511 511 511
511 511 511 511
511 511 338 -339
-512 -512 -512 -512
511 511 511 511
511 511 511 511
511 421 -259 -512
-512 -512 -512 -512
511 511 511 511
511 511 511 511
330 -178 -512 -512
-512 -512 -512 -512
511 511 511 511
511 511 511 355
-224 -512 -512 -512
-512 -512 -512 -512
511 511 511 511
511 511 511 -118
-512 -512 -512 -512
-512 -512 -399 -255
511 511 511 511
511 511 134 -512
-512 -512 -512 -512
-512 -196 195 430
511 511 511 511
511 510 -134 -512
-512 -512 -512 -512
-247 377 511 511
511 511 511 511
511 268 -308 -512
-512 -512 -512 -512
179 511 511 511
123 237 414 511
465 139 -371 -512
-512 -512 -512 -202
511 511 511 511
-375 -190 95 330
338 85 -350 -512
-512 -512 -512 192
511 511 511 511
-512 -461 -77 253
341 148 -234 -512
-512 -512 -297 511
511 511 511 511
-512 -512 -156 248
397 257 -73 -512
-512 -512 29 511
511 511 511 511
-512 -512 -108 355
511 444 142 -319
-506 -388 262 511
511 511 511 511
-512 -512 29 509
511 511 372 -61
-225 -89 511 511
511 511 511 511
-512 -277 270 511
511 511 511 202
51 186 511 511
511 511 511 511
-255 86 511 511
511 511 511 493
399 511 511 511
511 511 511 511
192 489 511 511
511 511 511 511
511 511 511 511
511 511 511 511
511 511 511 511
511 511 511 511
511 511 511 511
511 511 511 511
511 511 511 511
511 511 511 511
511 511 511 511
511 511 511 511
511 511 511 511
511 511 511 511
511 511 511 511
511 511 511 511
511 511 511 511
511 511 511 511
511 511 511 511
511 511 511 511
511 511 511 511
511 511 511 511
511 511 511 511
511 511 511 511
511 511 511 511
511 511 511 511
511 511 511 511
511 511 332 -20
511 511 511 511
511 511 511 511
511 511 511 511
511 427 -509 -512
511 511 511 511
511 511 511 511
511 511 511 511
511 -90 -512 -512
511 511 511 511
511 511 511 511
511 511 511 511
511 -512 -512 -512
511 511 511 511
511 511 511 511
511 511 511 511
511 -512 -512 -512
511 511 511 511
511 511 511 511
511 511 511 511
298 -512 -512 -512
511 511 511 511
511 511 511 511
511 511 511 511
-65 -512 -512 -512
511 511 511 511
511 511 511 511
511 511 511 511
-487 -512 -512 -512
511 511 511 511
511 511 511 511
511 511 511 100
-512 -512 -512 -512
511 511 511 511
511 511 511 511
511 511 395 -512
-512 -512 -512 -512
511 511 511 511
511 511 511 511
511 511 -431 -512
-512 -512 -512 -474
511 511 511 511
511 511 511 511
511 511 -512 -512
-512 -512 -355 273
511 511 511 511
511 511 511 511
511 -51 -512 -512
-512 -512 68 511
511 511 511 511
511 511 511 511
511 -495 -512 -512
-512 -512 404 511
511 511 511 511
511 511 511 511
511 -512 -512 -512
-512 -512 511 511
