-233 66 511 511
511 511 511 511
-512 -512 -512 -512
-512 -512 -512 -512
511 511 511 511
511 511 -111 -512
-512 -512 -512 -512
-482 511 511 511
511 511 443 175
164 488 511 511
511 511 511 511
511 511 511 354
511 511 511 511
511 511 511 511
511 511 511 511
106 -512 -512 -512
-195 -215 -57 280
511 511 121 -498
-512 -512 -512 -512
276 511 511 511
-358 -403 -219 142
397 511 511 469
420 511 511 511
511 511 511 511
511 511 511 511
511 511 511 511
511 511 511 511
511 511 -396 -512
-235 -233 354 511
511 511 511 511
511 511 511 85
-512 -497 123 511
