511 511 -512 511
511 511 -512 347
511 511 -512 -270
511 511 -512 -512
511 511 -512 -512
511 511 -512 -512
511 -261 -512 -512
167 -512 -512 -512
-302 -512 -512 -512
-512 -512 -512 -512
-512 -512 219 -512
-512 -512 511 -512
-512 -512 511 -512
-512 -512 511 -512
-512 -512 511 -512
-512 -512 511 -512
-512 -512 511 -512
-512 -512 511 -512
-512 -512 511 -512
-512 -512 511 -328
-512 -512 511 -246
-512 -512 511 103
-512 -512 511 347
-512 -512 511 469
-512 -109 511 495
-512 199 -100 439
-512 473 -512 358
-512 511 -512 285
-512 511 -512 190
-399 511 -512 96
-273 386 -512 43
-142 193 -512 12
