-512 511 511 -235
-512 -512 -512 -512
-242 511 511 -512
-512 -512 -512 -512
511 511 215 -512
-512 -512 -512 -512
511 511 310 -512
-512 -512 -512 -143
511 511 368 -512
-512 -512 -512 511
511 511 -26 -512
-512 -430 511 511
511 511 -16 -512
258 511 511 511
511 511 113 511
511 511 511 511
511 511 511 511
511 511 511 511
511 511 511 511
511 511 511 -512
511 511 511 511
511 511 194 -512
511 511 511 511
511 511 -493 -512
511 511 511 511
511 511 -512 -512
511 511 511 511
511 -185 -512 -512
511 511 511 511
-220 -512 -204 511
511 511 511 151
-512 -512 511 511
-254 408 511 -38
-495 130 511 511
-512 -45 485 290
121 511 511 511
-512 4 511 511
511 511 511 511
-512 511 511 511
511 511 511 511
34 511 511 511
511 511 511 511
511 511 511 511
511 511 511 511
511 511 511 511
511 511 511 -156
511 511 511 511
511 511 -136 -512
511 511 511 511
511 511 -512 -512
511 511 511 511
511 511 -512 -512
511 511 511 511
511 -57 -512 -512
511 511 511 511
511 -512 -512 -512
511 511 511 511
-376 -512 -512 -512
356 511 511 511
-512 -512 -512 511
153 511 511 511
-512 -512 -512 511
22 511 511 511
-512 -512 -512 511
