-512 -512 -512 -512
-512 -512 -268 249
511 511 511 511
511 511 511 511
511 511 511 511
511 -1 -512 -512
-512 -512 -512 -512
-512 -512 -512 -512
-512 -512 -512 -512
-512 -512 -512 374
511 511 511 511
511 511 511 511
511 99 -512 -512
-512 -512 -512 -512
-512 -512 -512 -334
193 511 511 511
511 511 511 511
511 511 511 511
511 511 511 511
511 511 511 511
511 511 511 511
511 511 511 511
511 98 -426 -512
-512 -512 -512 -512
511 511 511 511
511 511 511 511
511 360 -67 -322
-387 -333 -136 133
469 511 511 511
511 511 511 511
511 155 -357 -512
-512 -512 -512 -512
