-512 -512 511 -512
-512 -512 511 511
-512 -512 511 -512
-512 -512 511 492
-512 -512 511 -512
-512 -512 511 -512
-512 395 511 -512
-512 -512 407 -512
-512 511 511 -512
-512 -512 -396 -512
-512 511 511 -512
-512 -512 -512 -512
-512 511 466 -512
-512 -382 -512 -512
-512 511 -512 -512
-512 287 -357 -512
219 -153 -512 -512
-512 511 76 -512
188 -512 -512 -512
-512 511 462 395
80 -512 -512 -512
-512 402 511 511
511 -512 -512 -512
-512 46 511 511
511 511 -512 -512
-512 -204 511 511
511 511 472 -512
-512 65 511 511
511 511 511 -512
-512 511 511 511
511 511 511 -512
-512 511 511 511
