104 238 309 371
403 472 511 511
511 511 511 511
511 511 511 511
151 317 398 450
458 496 511 511
511 511 511 511
511 511 511 511
241 473 511 511
511 511 511 511
511 511 511 511
511 511 511 511
317 511 511 511
511 511 511 511
511 511 511 511
511 511 511 511
367 511 511 511
511 511 435 511
511 511 511 511
511 511 511 511
215 347 286 124
-161 -502 -512 -512
-512 16 511 511
511 511 511 511
56 17 -204 -499
-512 -512 -512 -512
-512 -512 -184 511
511 511 511 511
-70 -237 -512 -512
-512 -512 -512 -512
-512 -512 -384 511
511 511 511 511
-122 -338 -512 -512
-512 -512 -512 -512
-512 -512 371 511
511 511 511 511
-78 -251 -512 -512
-512 -512 -512 -512
-512 359 511 511
511 511 511 511
51 -6 -245 -501
-512 -512 -512 -416
511 511 511 511
511 511 511 385
195 247 86 -147
-404 -512 -437 241
511 511 511 511
511 511 511 -512
361 511 469 251
-6 -211 -21 511
511 511 511 511
511 511 -45 -512
334 466 383 121
-159 -417 -262 463
511 511 511 511
511 511 -512 -512
70 -17 -168 -420
-512 -512 -512 -152
511 511 511 511
511 -378 -512 -512
-84 -308 -512 -512
-512 -512 -512 -512
-416 511 511 511
511 -512 -512 -512
-207 -512 -512 -512
-512 -512 -512 -512
-512 233 511 511
511 -512 -512 -512
-379 -512 -512 -512
-512 -512 -512 -512
-512 105 511 511
511 -512 -512 -512
-512 -512 -512 -512
-512 -512 -512 -512
-512 140 511 511
511 -512 -512 -512
-512 -512 -512 -512
-512 -512 -512 -512
-512 511 511 511
511 511 -512 -512
-512 -512 -512 -512
-512 -512 -512 -512
419 511 511 511
511 511 -512 -512
-512 -512 -512 -512
-512 -512 -512 -512
511 511 511 511
511 511 338 -512
-512 -512 -512 -512
-512 -512 -512 -456
511 511 511 511
511 511 511 -431
-512 -512 -512 -512
-512 -512 -512 -310
511 511 511 511
511 511 511 261
-512 -512 -512 -512
-512 -512 -512 -512
-50 511 511 511
511 511 511 511
-512 -512 -512 -512
-512 -512 -512 -512
-512 -512 -373 96
438 511 511 511
-512 -512 -512 -512
-512 -512 -512 -512
-512 -512 -512 -512
-512 511 511 511
-253 -442 -512 -512
-512 -512 -512 -512
-512 -512 -512 -512
-512 511 511 511
30 80 -41 -272
-512 -512 -512 -512
-512 -512 -512 -512
-507 511 511 511
210 412 390 212
-249 -512 -512 -512
-512 -512 -512 -512
101 511 511 511
243 468 488 364
3 -468 -512 -512
-512 -512 -512 -512
500 511 511 511
166 318 346 285
84 -180 -483 -512
-512 -512 -512 -284
368 511 511 511
