-9 -13 -24 -11
-37 3 -10 10
13 18 7 2
-1 -15 17 -4
8 2 2 -18
-14 -32 -23 -1
-14 4 -1 0
-15 3 -22 3
8 4 19 -2
-9 -19 -4 -36
-5 -12 -3 7
-19 -17 -12 -1
-20 17 6 23
22 -6 -1 0
-6 -12 11 -11
4 -13 -32 -24
4 -12 -2 24
-5 19 -24 -16
-11 -19 -25 3
7 -8 14 -20
4 -3 -2 8
35 11 11 15
-12 3 -22 -12
-2 11 -24 -9
-17 -26 -15 -31
-2 10 18 -7
18 -1 2 5
-3 21 16 14
-5 7 -24 -16
-15 -12 1 -5
0 -7 -1 -27
-4 2 11 12
-6 4 19 17
-15 29 -1 -16
-27 -9 -3 8
-8 -5 36 -11
-7 -8 20 19
26 6 26 34
-19 -6 -11 8
-4 0 -16 8
-11 -38 -12 -13
5 3 16 9
28 -4 -3 16
12 18 14 21
7 10 -28 -11
-4 -6 -2 0
7 -2 3 -27
4 6 15 15
9 -10 -22 -1
-11 6 -9 22
29 35 3 10
18 2 17 -1
27 14 13 -21
1 -11 -20 4
-4 23 7 6
-9 19 -7 2
22 14 30 8
-3 -5 6 -26
1 3 4 15
-4 -12 2 5
-10 30 14 31
31 8 3 13
1 -2 26 -9
18 -3 -21 -15
