-497 -512 -512 -512
-512 -261 341 511
511 511 511 511
511 511 511 511
511 -304 -512 -512
-512 -512 -512 -512
-512 -512 -512 -512
-512 -512 -512 -512
293 511 511 511
511 511 511 511
511 511 511 511
511 511 511 -512
-512 -512 -512 -512
-512 -512 -512 -512
-512 -512 -512 -512
-512 -512 -512 -512
511 511 511 511
511 511 511 511
511 511 511 511
511 511 -206 -512
-512 -512 -512 -512
-512 -512 -512 -512
-512 -512 -512 -512
-512 16 511 511
511 511 511 511
511 511 511 511
511 511 511 511
-116 -512 -512 -512
-512 -512 -512 -512
-512 -320 184 511
511 511 511 511
511 511 511 511
457 511 511 511
511 511 511 511
410 229 90 58
98 250 511 511
511 511 511 511
511 511 511 511
511 511 511 511
511 511 511 511
267 478 511 511
511 511 511 511
511 511 511 511
511 511 511 511
511 511 511 511
511 511 511 511
511 511 511 511
283 -276 -512 -512
425 511 511 511
511 511 511 511
511 511 511 511
511 511 511 511
511 511 511 511
511 511 511 511
511 511 450 -78
-502 -512 -512 -512
446 511 511 511
511 511 511 511
511 511 511 511
511 511 511 511
511 511 511 511
511 226 -73 -312
-477 -512 -512 -512
-512 -512 -512 -512
113 250 369 507
511 511 511 511
511 511 511 511
511 511 434 48
-309 -512 -512 -512
-512 -512 -512 -512
-512 -153 248 511
511 511 511 511
-305 -512 -512 -512
-512 -512 -512 -304
-105 44 137 134
17 -172 -464 -512
-512 -512 -512 -512
-512 -512 -512 -148
511 511 511 511
511 511 511 511
-358 -512 -512 -512
-512 -512 -512 -310
-87 91 237 321
296 223 75 -117
-254 -418 -394 -297
-67 281 511 511
511 511 511 511
511 511 511 511
-16 27 73 144
250 399 471 511
511 511 511 511
511 511 511 511
511 511 511 511
511 511 511 511
511 511 511 511
511 511 511 511
351 511 511 511
511 511 511 511
511 511 511 511
511 511 511 511
511 511 511 511
511 511 511 511
511 511 511 511
511 511 461 306
385 511 511 511
511 511 511 511
511 511 511 511
511 511 511 511
511 511 511 511
511 511 511 511
511 511 511 155
-512 -512 -512 -512
65 149 207 347
499 511 511 511
511 511 511 511
511 511 511 511
511 511 511 511
511 511 511 511
511 186 -210 -494
-512 -512 -512 -512
-294 -497 -512 -512
-381 91 511 511
511 511 511 511
511 511 511 511
511 511 511 511
511 146 -512 -512
-512 -512 -512 -263
508 511 511 511
