-512 -512 -512 -512
-512 -512 -512 -512
-512 -512 -456 426
511 511 511 511
511 511 511 511
511 511 511 511
511 511 511 511
511 511 511 511
-327 -512 -512 -512
-512 -512 -512 -512
-512 -512 -512 -512
-512 -174 511 511
511 511 511 511
511 511 511 511
511 511 511 511
511 511 511 511
-214 -464 -512 -512
-512 -512 -512 -512
-512 -512 -512 -512
-512 -512 -512 -512
-512 259 511 511
511 511 511 511
511 511 511 511
511 511 511 511
-456 -512 -512 -512
-512 -512 -512 -512
-512 -512 -512 -512
-512 -512 -512 -512
-512 -512 -512 -512
-512 -305 310 511
511 511 511 511
511 511 511 511
-512 -512 -512 -512
-512 -512 -512 -512
-512 -512 -512 -512
-512 -512 -512 -512
-512 -512 -512 -512
-512 -512 -512 -512
-512 -294 32 146
20 -196 -473 -512
-512 -512 -512 -512
-512 -512 -512 -512
-512 -512 -512 -512
-512 -512 -512 -512
-512 -512 -512 -512
-512 -512 -512 -512
-421 -75 97 57
-208 -512 -512 -512
-354 -512 -512 -512
-512 -512 -512 -512
-512 -512 -512 -512
-512 -512 -512 -512
-512 -512 -512 -512
-512 -133 372 511
511 511 511 511
511 511 511 511
235 422 493 386
196 -57 -455 -512
-512 -512 -512 -512
-512 -512 -512 -512
-512 -512 -512 -512
-512 -23 511 511
511 511 511 511
511 511 511 511
264 511 511 511
482 381 159 60
-23 -91 -151 -226
-377 -512 -512 -512
-512 -512 -512 -512
-512 -512 -512 54
511 511 511 511
511 511 511 511
-51 -91 -255 -434
-512 -512 -512 -512
-246 195 511 511
511 511 511 511
511 511 493 -34
-505 -512 -512 -512
239 511 511 511
511 511 511 511
1 -45 -215 -440
-512 -512 -512 -512
-512 -371 247 511
511 511 511 511
511 511 511 511
511 511 511 511
511 511 511 511
511 511 511 511
511 511 511 511
511 511 40 -496
-512 -512 -512 -512
-512 -9 511 511
511 511 511 511
511 511 511 511
511 511 511 511
370 231 207 180
511 511 511 511
511 511 511 511
511 20 -512 -512
-512 -512 -512 -512
-136 511 511 511
511 511 511 511
511 511 511 511
511 395 68 -130
511 511 511 511
511 511 511 511
511 511 511 336
-512 -512 -512 -512
-512 -512 -512 277
511 511 511 511
511 511 511 511
511 511 511 511
511 511 511 511
511 511 511 511
511 511 511 511
511 511 511 507
-178 -512 -512 -512
-401 67 511 511
511 511 511 511
511 511 511 511
140 510 511 511
511 511 511 511
511 511 511 511
511 511 511 511
511 108 -512 -512
-512 -512 -512 -325
455 511 511 511
511 511 511 511
