-166 -326 -499 -512
-512 -512 -512 -382
-17 494 511 511
511 511 511 511
511 511 511 511
511 511 511 511
511 511 511 511
511 511 511 511
-89 -196 -322 -509
-512 -512 -512 -512
-512 -512 -512 -512
-512 -512 1 511
511 511 511 511
511 511 511 511
511 511 511 511
511 511 511 511
-512 -512 -512 -512
-512 -512 -512 -512
-512 -512 -512 -512
-512 -512 -512 -512
-512 -512 -512 -512
-512 -512 -512 -477
-408 -436 -512 -512
-512 -512 -512 -512
-445 -512 -512 -512
-512 -512 -512 -512
-512 -512 -512 -512
-512 -512 -512 -512
-512 -512 -512 -512
-91 511 511 511
511 511 511 511
511 65 -489 -512
-147 -274 -487 -512
-512 -512 -512 -512
-512 -512 -266 -69
-13 -7 -156 -390
-512 -512 -512 -512
-512 -512 -512 -512
476 511 511 511
511 511 511 511
-187 -459 -512 -512
-512 -512 -512 -512
-512 -512 -512 -512
-360 511 511 511
511 511 511 511
511 511 511 511
511 511 511 511
511 511 511 511
511 511 511 511
511 511 511 511
511 -75 -512 -512
-512 -512 -512 -512
-512 -219 511 511
511 511 511 511
511 511 511 511
511 511 511 511
463 511 511 511
511 511 511 511
511 511 511 511
511 511 511 511
511 -219 -512 -512
-512 -431 146 511
511 511 511 511
511 511 511 511
