-512 -512 -284 315
162 -512 -512 -512
-512 -512 -512 -512
-512 -512 90 511
-512 -512 4 140
-419 -512 -512 -512
-512 -512 -512 -512
-512 -512 511 511
509 511 511 -130
-512 -512 -512 -512
-512 -512 -512 -512
-512 511 511 511
511 511 511 511
-512 -512 -512 -512
-512 -512 -512 -512
-254 511 511 511
511 511 511 511
-512 -512 -512 -512
-512 -512 -512 -512
511 511 511 511
511 511 511 511
-275 -512 -512 -512
-512 2 511 511
511 511 511 511
511 511 511 511
356 -321 -255 409
511 511 511 511
511 511 511 511
511 511 511 511
511 511 511 511
511 511 511 511
511 511 511 465
511 511 511 511
511 511 511 511
511 511 511 511
341 -401 -512 -512
511 511 511 511
511 511 511 511
511 511 511 -236
-512 -512 -512 -512
511 511 511 511
511 511 511 511
511 511 53 -512
-512 -512 -512 -512
511 511 511 511
511 511 511 511
511 453 -512 -512
-512 -512 -512 -512
511 511 511 511
511 511 511 511
511 -451 -512 -512
-512 -512 -512 -512
511 511 511 511
511 511 511 430
-496 -512 -512 -512
-512 -512 -512 -276
511 511 511 511
511 511 342 -477
-512 -512 -512 -512
-35 378 511 336
511 511 511 511
511 511 -37 -512
-512 -506 21 511
511 511 511 511
-58 236 511 511
511 511 369 127
193 511 511 511
511 511 511 511
-512 -284 340 511
511 511 511 511
511 511 511 511
511 511 511 511
-512 -202 511 511
511 511 511 511
511 511 511 511
511 511 511 511
-38 511 511 511
511 511 511 511
511 511 511 511
511 511 511 511
511 511 511 511
511 511 511 511
511 511 511 511
511 511 511 511
511 511 511 511
511 511 511 511
511 511 511 511
511 511 469 307
511 511 511 511
511 511 511 511
511 511 511 -394
-512 -512 -512 -512
511 511 511 511
511 511 511 511
511 511 4 -512
-512 -512 -512 -512
511 511 511 511
511 511 511 511
511 511 -512 -512
-512 -512 -512 -512
511 511 511 511
511 511 511 511
511 -20 -512 -512
-512 -512 -512 -512
511 511 511 511
511 511 511 511
316 -512 -512 -512
-512 -512 -512 -512
511 511 511 511
511 511 511 511
-512 -512 -512 -512
-512 -512 -512 -449
511 511 511 511
511 511 511 -512
-512 -512 -512 -512
-512 -213 511 511
225 511 511 511
511 511 511 -512
-512 -512 -512 -512
-485 511 511 511
9 511 511 511
511 511 273 -512
-512 -512 -512 -512
184 511 511 511
-71 257 511 511
511 511 55 -512
-512 -512 -512 -512
315 511 511 511
