-512 -512 -512 -512
-512 -512 511 511
511 511 511 511
511 511 511 511
-512 -512 -512 -512
-512 -512 -512 -512
-512 -24 511 511
511 511 511 511
-512 -512 -512 -512
-512 -512 -512 -512
-512 -512 -512 -512
-512 -215 -482 -512
-72 -392 -512 -512
-512 -512 -512 -512
-512 -512 32 511
511 511 511 511
134 29 -328 -357
-126 268 358 129
-415 -512 -512 -512
511 511 511 511
353 162 -485 -512
-512 -169 511 511
511 511 511 511
511 511 511 511
511 511 511 511
511 -512 -512 -512
-512 511 511 511
511 511 511 511
511 511 511 511
511 511 511 511
131 -512 -512 8
511 511 511 511
