511 511 511 511
511 511 511 511
511 511 511 511
511 511 511 511
511 511 511 511
511 511 511 511
511 511 511 511
511 511 511 280
511 511 511 511
511 511 511 511
511 511 511 511
511 511 511 511
511 511 511 511
511 511 511 511
511 511 511 511
511 511 511 434
511 511 511 511
511 511 511 511
511 511 511 511
511 511 511 511
511 511 511 511
511 511 511 511
511 511 511 511
511 511 511 511
511 511 511 511
511 511 511 511
511 511 511 511
511 511 332 212
173 205 307 469
511 511 511 511
511 511 511 511
511 511 511 511
511 511 511 511
511 511 511 440
292 176 33 -105
-283 -417 -512 -512
-424 -222 101 511
511 511 511 511
511 511 511 511
511 511 511 511
511 511 511 511
511 511 511 511
511 511 511 511
511 511 511 511
511 511 511 511
511 511 511 511
511 511 511 511
511 511 511 511
511 511 511 511
511 511 511 511
511 511 511 511
511 511 511 511
511 511 511 511
511 511 511 511
511 511 511 511
511 511 511 511
511 511 511 511
511 511 511 511
511 511 511 511
511 511 511 511
511 511 511 511
511 511 511 511
511 511 511 511
511 376 94 -45
511 511 511 511
511 511 511 399
-64 -512 -512 -512
-512 -512 -512 -512
-512 -450 -206 15
224 344 289 37
-512 -512 -512 -512
-512 -512 -512 -512
496 306 90 -270
-512 -512 -512 -512
-512 -512 -512 -512
-512 -512 -512 -512
-512 -379 -190 -163
-258 -512 -512 -512
-512 -512 -512 -512
-512 -512 -512 -512
-512 -512 -512 -512
-512 -508 -451 -370
-195 -94 74 294
511 511 511 511
511 511 511 511
511 511 -101 -512
-512 -512 -512 -512
-512 -512 -512 -512
511 511 511 511
511 511 511 511
511 511 511 511
511 511 511 511
511 511 511 511
511 511 511 511
-512 -512 -512 -512
-512 -512 -512 -512
-65 -51 -5 61
155 374 511 511
511 511 511 511
511 511 511 511
511 511 511 511
511 511 511 511
-512 -512 -512 -512
-512 -512 -512 -512
-512 -512 -512 -512
-512 -512 -512 -512
-323 234 511 511
511 511 511 511
511 511 511 511
511 511 511 511
-512 -512 -512 -512
-512 -512 -512 -512
-512 -512 -512 -512
-512 -512 -512 -512
-512 -467 82 511
511 511 511 511
511 511 511 511
511 511 511 511
511 297 -512 -512
-512 -512 -512 -512
-337 -331 -405 -466
-512 -512 -512 -512
-512 -427 -149 232
511 511 511 511
511 511 511 511
511 511 511 511
511 511 511 511
511 169 14 -54
