-16 23 19 -9
-5 18 -12 -23
-20 -6 -1 5
20 1 17 22
-8 -21 4 11
-17 -22 17 12
-29 -11 10 9
-1 13 27 8
1 -12 2 -15
31 3 3 -10
16 -18 -21 -3
30 17 -20 17
-25 1 -33 17
17 15 14 -15
-5 -9 9 -28
20 0 22 -29
-13 -19 -2 18
7 10 -7 15
-3 5 17 -10
3 -18 -7 -13
-8 14 -6 -5
12 9 11 12
7 9 -28 -14
-2 -17 13 -1
6 0 20 -15
-10 -12 13 0
-13 -4 30 -14
-11 -4 9 21
-30 31 -5 8
-13 -20 3 0
1 -6 11 7
24 -44 21 2
22 13 -3 -18
-9 3 -31 7
13 2 -11 -20
35 -15 -6 23
9 18 -12 2
-4 -27 -10 -12
-16 31 14 1
15 -4 17 -37
-11 13 2 -21
-1 29 -32 7
28 16 -10 -19
34 -42 -26 20
5 3 -4 20
-5 -27 21 14
-23 27 9 -18
-13 -7 23 -44
-22 14 8 -28
-15 45 -1 14
-2 2 2 -22
26 -27 5 15
-32 -19 1 33
5 -17 36 20
-42 4 7 6
-9 -29 21 -27
-3 -2 2 19
4 18 -41 3
-19 -6 4 -14
46 -12 10 6
-1 8 -17 -11
9 -9 5 4
-19 21 -26 -5
14 7 40 -10
