511 511 511 511
511 511 511 511
511 511 511 511
511 511 511 511
511 511 511 511
511 511 511 511
511 511 511 511
511 511 511 511
511 511 511 511
511 511 511 511
511 511 511 511
511 511 511 511
511 511 511 511
511 511 511 404
101 -42 -58 71
511 511 511 511
464 469 416 356
177 -90 -444 -512
-512 -512 -512 -487
511 511 511 511
511 511 511 511
511 511 511 131
-51 -29 482 511
511 511 511 511
511 511 511 511
511 511 511 264
178 287 511 511
511 511 511 511
511 511 511 511
511 511 511 511
510 511 511 511
511 511 511 511
511 511 511 511
511 -175 -512 -512
-512 -148 448 511
511 52 -512 -512
511 511 20 -512
-512 -512 -512 -512
-512 253 511 511
419 -512 -512 -512
-459 -512 -512 -512
-444 -278 114 511
511 511 511 511
511 -512 -512 -512
-13 -53 121 256
511 511 511 511
511 511 511 511
511 511 -512 -512
-512 -512 -512 -452
-90 411 511 511
511 511 511 511
511 511 -512 -512
-512 -512 -512 -512
-512 -512 242 511
511 511 511 511
511 511 -512 -512
-512 -512 -512 -512
-512 -512 -512 362
511 511 511 511
511 511 511 -512
-512 -512 -512 -512
-512 -512 -512 -412
511 511 511 511
511 511 511 511
