-512 -512 511 -512
-512 -512 511 511
-512 -512 511 -512
-512 -512 511 511
-512 -512 511 -512
-512 -512 511 511
-512 -512 511 -512
-512 -512 511 511
-512 -512 511 -512
-512 -512 509 360
-512 -512 511 -512
-512 -512 440 82
-512 -512 511 -512
-512 -512 355 -247
-512 -512 511 -512
-512 -512 247 -512
-512 -512 511 -512
-512 -512 160 -512
-512 -512 511 -484
-512 -512 137 -512
-512 -512 511 -365
-512 -512 84 -512
-512 -512 511 -271
-512 -512 22 -512
-512 -512 511 -160
-512 -512 -27 -512
-512 -251 511 -108
-512 -512 -117 -512
-512 154 511 -101
-512 -512 -224 -512
-512 511 511 -96
-512 -512 -345 -512
-512 511 511 -24
-512 -512 -512 -512
-512 511 511 -31
-512 -512 -512 -512
-512 511 511 -105
-512 -512 -512 -512
-512 511 511 -252
-512 -512 -512 -512
-512 511 511 -512
-512 -512 -512 -512
-512 511 511 -512
-512 -512 -512 -512
-512 511 511 -512
-512 -512 -512 -512
-512 511 511 -512
-512 -512 -512 -512
-512 511 511 -512
-512 -512 -512 -512
-512 511 511 -512
-512 -512 -512 -512
-512 511 511 -512
-512 -512 -512 -512
-512 511 511 -512
-512 -512 -512 -512
-367 511 511 -512
-512 -512 -512 -512
10 511 164 -512
-512 -512 -512 -512
329 511 -512 -512
-512 -512 -512 -512
511 511 -512 -512
-512 -512 -512 -512
511 511 -512 -512
-512 -512 -512 -512
511 511 -512 -512
-512 -512 -512 -512
511 511 -512 -512
-512 -512 -512 -512
511 511 -512 -512
-512 -512 -512 -512
511 511 -512 -512
-512 -512 -512 -512
511 249 -512 -512
-512 -512 -512 -512
511 -4 -512 -512
-512 -512 -512 -512
511 -256 -512 -512
-512 -512 -512 -305
511 -437 -512 -512
-512 -512 -512 -3
511 -512 -512 -512
-512 -512 -512 372
511 -480 -512 -512
-512 -512 -512 511
511 -357 -512 -512
-512 -512 -512 511
511 -163 -512 -512
-512 -512 -512 511
511 61 -512 -512
-512 -512 -512 511
511 322 -512 -512
-512 -512 -512 511
511 511 -512 -512
-512 -512 -510 511
511 511 -512 -512
-512 -512 -392 511
511 511 -512 -512
-512 -512 -239 511
511 511 -108 -512
-512 -512 -80 511
511 511 436 -512
-512 -512 112 511
511 511 511 -512
-512 -512 316 511
511 511 511 -512
-512 -512 511 511
511 511 511 -512
-512 -512 511 511
511 511 511 -512
-512 -512 511 511
511 511 511 -512
-512 -512 511 511
511 511 511 -490
-512 -512 511 511
511 511 511 -348
-512 -427 511 511
511 511 511 -258
-512 -203 511 511
511 511 511 -350
-512 -118 511 511
511 511 511 -371
-512 -58 511 511
511 511 511 -385
-512 -11 511 511
511 511 511 -434
-512 29 511 511
