0 0 0 0
0 0 0 0
0 0 -1 -1
-1 -1 -1 -1
0 -1 -2 -2
-2 -3 -3 -2
0 -1 -2 -3
-4 -4 -4 -4
0 -2 -4 -5
-6 -6 -6 -6
-1 -3 -5 -6
-8 -8 -8 -8
-1 -3 -6 -8
-9 -10 -10 -10
-1 -4 -6 -9
-10 -11 -12 -11
-1 -4 -7 -9
-11 -12 -12 -12
-1 -4 -6 -9
-10 -11 -12 -11
-1 -4 -6 -8
-10 -10 -10 -10
-1 -3 -5 -7
-8 -9 -9 -8
-1 -3 -5 -6
-7 -7 -7 -7
-1 -3 -4 -5
-6 -5 -5 -5
-1 -3 -4 -4
-5 -4 -4 -3
-1 -2 -3 -4
-4 -4 -3 -2
-1 -2 -3 -4
-4 -3 -3 -2
-1 -2 -3 -4
-4 -3 -3 -2
-1 -2 -3 -4
-4 -4 -3 -2
0 -2 -3 -4
-4 -4 -4 -3
0 -2 -3 -4
-5 -5 -4 -3
0 -1 -2 -4
-5 -5 -5 -4
0 -1 -2 -3
-4 -5 -5 -4
0 -1 -2 -3
-4 -5 -5 -5
0 0 -2 -3
-4 -5 -5 -5
0 0 -1 -2
-3 -4 -5 -5
0 0 -1 -2
-3 -4 -5 -5
0 0 0 -1
-3 -4 -5 -5
0 0 0 -1
-2 -4 -5 -5
0 0 0 -1
-2 -4 -5 -5
0 0 0 -1
-2 -4 -5 -5
0 0 0 -1
-2 -4 -5 -5
