-72 511 511 511
511 134 -512 -512
-136 511 511 511
511 511 -512 -512
-184 511 511 511
511 511 -194 -512
-196 431 511 511
511 511 511 -512
-512 -512 511 511
511 511 511 -493
-512 -512 -406 511
511 511 511 -393
-512 -512 -512 474
511 511 511 -46
-512 -512 -512 -512
511 511 511 315
-512 -512 -512 -512
211 511 511 373
-512 -512 -512 -512
-283 511 511 167
-512 -512 -512 -512
67 511 511 -18
-512 -512 -512 -441
511 511 511 -148
-512 -512 -512 38
511 511 511 -55
-512 -512 -512 322
511 511 511 511
-512 -512 -512 486
511 511 511 511
511 -391 -512 511
511 511 511 511
511 489 267 511
511 511 511 511
511 511 511 511
511 511 511 511
511 511 511 511
511 511 511 511
511 511 511 511
511 511 511 511
511 511 511 511
511 -58 511 511
511 511 511 511
511 -219 -258 511
511 511 511 511
511 307 -512 -512
511 229 340 511
511 511 -512 -512
511 230 -512 511
511 511 -512 -512
511 511 -512 211
511 511 -45 -512
511 511 -512 -512
511 511 511 -512
511 511 -512 -512
511 511 511 -232
511 511 -303 -512
-506 511 511 201
511 511 511 -512
-512 511 511 511
511 511 511 -512
-512 -186 511 511
511 511 511 -512
-512 -512 511 511
