-512 -512 -512 -512
-512 -295 250 511
511 511 511 511
511 511 511 511
511 511 511 511
511 511 511 511
511 511 511 511
511 511 511 511
-512 -512 -512 -512
-512 -512 -512 -512
-316 90 511 511
511 511 511 511
511 511 511 511
511 511 511 511
511 511 511 511
511 511 511 511
-512 -512 -512 -512
-512 -512 -512 -512
-512 -512 -512 -512
-512 -435 206 511
511 511 511 511
511 511 511 511
511 511 511 511
511 511 511 511
-512 -512 -512 -512
-512 -512 -512 -512
-512 -512 -512 -512
-512 -512 -512 -512
-512 -512 -512 -205
262 511 511 511
511 511 511 511
511 511 511 511
-512 -512 -512 -512
-512 -512 -512 -512
-512 -512 -512 -512
-512 -512 -512 -512
-512 -512 -512 -512
-512 -512 -311 274
511 511 511 511
511 511 511 511
-512 -512 -512 -512
-512 -512 -512 -512
-512 -512 -512 -512
-512 -512 -512 -512
-512 -512 -512 -359
-68 298 511 511
511 511 511 511
511 511 511 511
-306 -445 -512 -512
-512 -512 -512 -512
-512 -512 -512 -512
-512 -512 -512 -437
-2 460 511 511
511 511 511 511
511 511 511 511
511 511 511 511
511 511 511 511
511 429 -41 -327
-512 -512 -512 -512
-512 -512 -512 -287
-20 295 511 511
511 511 511 511
511 511 511 511
511 511 511 511
511 511 511 511
511 511 511 511
511 511 511 511
511 511 289 54
-195 -417 -512 -512
-512 -489 -83 432
511 511 511 511
511 511 511 511
511 511 511 511
511 511 511 511
511 511 511 511
511 511 511 511
511 511 511 188
-215 -512 -512 -512
-512 -146 511 511
511 511 511 511
511 511 511 511
511 511 511 511
511 511 511 511
511 511 511 511
511 511 511 511
511 511 511 352
-343 -512 -512 -512
-512 -512 -512 -512
511 511 511 511
511 511 511 511
337 -210 -512 -512
-512 -274 222 511
511 511 511 511
511 511 511 511
511 197 -512 -512
-512 -512 -512 -512
511 511 511 511
511 511 511 511
310 -512 -512 -512
-512 -512 -512 -512
-512 -512 -216 511
511 511 511 511
511 511 511 182
-512 -512 -512 -512
511 511 511 511
511 511 511 511
511 511 511 -189
-512 -512 -512 -512
-512 -512 -512 -512
-512 -512 -85 448
511 511 511 511
471 121 -169 -333
511 511 511 511
511 511 511 511
511 511 511 511
511 144 -512 -512
-512 -512 -512 -512
-512 -512 -512 -512
-512 -402 180 511
511 511 511 511
511 511 511 511
511 511 511 511
511 511 511 511
511 511 511 -306
-512 -512 -512 -512
-512 -512 -512 -512
-512 -512 -512 -337
-119 28 107 160
