-512 -512 -512 -512
511 456 -512 -512
-512 -512 -512 511
511 511 511 -85
-512 -512 -512 511
511 511 -512 -512
-512 -512 -512 511
511 -253 -512 -512
-512 -512 511 511
511 -220 -512 -512
-512 -512 -512 -167
-512 -512 -512 -512
511 511 511 511
-512 -512 -512 -512
-512 -512 421 511
-196 -512 -512 -512
511 511 -73 -512
-512 -512 -512 -512
-512 123 511 511
291 511 511 511
511 511 511 -512
-512 -512 -512 -512
-512 -130 277 511
511 511 511 511
511 511 511 511
511 511 511 -5
-512 -512 -2 511
511 511 511 511
511 511 511 511
511 511 511 343
155 422 511 511
511 511 386 74
