511 511 511 511
511 511 511 511
511 511 511 511
511 511 511 511
511 511 511 511
511 511 511 511
511 511 511 511
511 511 511 511
511 511 511 511
511 511 511 511
511 511 511 511
511 511 511 511
480 371 301 278
271 270 325 388
511 511 511 511
511 511 511 511
511 511 511 511
511 511 511 511
511 511 511 511
330 160 -29 -164
-296 -359 -342 -211
-7 332 511 511
511 511 511 511
511 511 511 511
511 511 511 511
511 511 511 511
511 511 511 511
511 511 511 485
449 457 511 511
511 511 511 511
511 511 511 511
511 511 511 511
511 511 511 511
511 299 -57 -428
-512 -512 -512 -512
-512 -512 -512 -512
-512 -512 -404 -92
273 511 511 511
511 -107 -512 -512
-512 -512 -512 -512
-131 -156 -163 -179
-106 -69 41 98
213 273 455 511
511 511 511 511
511 511 511 511
511 511 511 511
511 511 511 -176
-512 -512 -512 -512
-512 -512 -512 -512
-512 -512 -512 -512
-512 -512 -512 -365
131 511 511 511
511 511 511 511
511 511 511 511
511 511 511 511
-512 -512 -512 -512
-512 -512 -512 -512
-512 -512 -512 -512
-512 -512 -512 -512
-512 -512 -466 34
511 511 511 511
511 511 511 511
511 511 511 511
511 511 511 511
