23 8 -31 -11
11 31 10 -31
5 1 -10 13
7 -8 -2 7
-4 -10 14 -11
-5 9 -2 3
-14 0 20 -5
-9 -7 2 5
4 1 -17 15
9 -25 -6 4
10 5 -13 -4
1 21 3 -14
-5 2 7 -12
-8 21 7 -6
15 -15 -7 4
17 -4 -6 11
-15 4 17 8
-7 -29 -4 10
-26 22 20 6
-19 -16 9 1
16 -15 -23 -3
6 18 -10 -4
25 -14 -17 -11
15 31 -1 -9
-18 14 19 2
-7 -21 10 2
5 5 -2 4
8 -10 3 -1
-12 -4 9 4
-13 -6 -9 10
4 -5 -8 -5
-2 20 -1 -4
18 -8 -21 -7
13 10 -2 -13
-3 14 9 0
4 -10 12 -5
-1 1 1 -4
1 2 4 -3
-16 -10 27 24
-15 -21 -21 40
-6 4 -5 -3
-8 4 0 -7
14 11 -22 -16
12 17 17 -32
10 -12 -3 1
11 -9 -7 5
-11 -2 21 9
-7 -8 -3 22
-11 8 7 -2
-14 10 3 -2
3 5 -7 9
1 -9 -3 0
15 -4 -25 -8
16 2 4 -17
6 -11 4 -18
3 21 3 -7
-5 -3 10 2
-6 1 -3 9
-4 14 -5 17
-1 -14 1 5
-17 8 20 14
-14 -21 -5 15
14 -12 -13 -18
11 19 3 -14
