-512 -512 -512 -512
-512 -376 -197 -255
-393 -424 -214 210
511 511 511 251
-512 -512 -512 -512
-512 -512 -287 -512
-512 -512 -462 426
511 511 511 499
-512 -512 -512 -512
-512 -468 -216 -512
-512 -512 -512 511
511 511 511 511
-512 -512 -512 -512
-512 -11 54 -512
-512 -512 -512 511
511 511 511 511
-512 -512 -512 -512
-512 511 450 -512
-512 -512 -512 511
511 511 511 511
-512 -512 -512 -512
406 511 511 -512
-512 -512 -512 511
511 511 511 511
-512 -512 -512 -512
511 511 511 -512
-512 -512 -512 511
511 511 511 437
-512 -512 -512 -512
511 511 511 -512
-512 -512 -512 511
511 511 416 -219
-512 -512 -512 159
511 511 511 -512
-512 -512 -512 499
511 511 -512 -512
-512 -512 -512 511
511 511 511 -512
-512 -512 -512 318
511 -468 -512 -512
-512 -512 -512 511
511 511 511 -512
-512 -512 -512 148
26 -512 -512 -512
-512 -512 -512 511
511 511 233 -512
-512 -512 -512 -19
-360 -512 -512 -512
-512 -512 -444 511
511 511 -349 -512
-512 -512 -512 -367
-512 -512 -512 -512
-512 -512 54 511
511 511 -512 -512
-512 -512 -512 -512
-512 -512 -512 -512
-512 -512 277 511
511 511 -512 -512
-512 -512 -512 -500
-512 -512 -512 -512
-512 -512 261 511
511 -446 -512 -512
-512 -512 -512 -195
-512 -512 -512 -512
-512 -512 278 511
511 -512 -512 -512
-512 -512 -512 308
-288 -512 -512 -512
-512 -512 301 511
-359 -512 -512 -512
-512 -512 -196 511
119 -512 -512 -512
-512 -512 91 105
-512 -512 -512 -512
-512 -512 270 511
508 -512 -512 -512
-512 -512 -268 -512
-512 -512 -512 -512
-512 -512 511 511
511 -179 -512 -477
-512 -512 -512 -512
-512 -512 -512 -512
-512 -512 511 511
511 450 132 40
-512 -512 -512 -512
-512 -512 -512 -512
-512 -512 464 511
511 511 511 511
-512 -512 -512 -512
-512 -512 -512 -512
-512 -512 96 511
511 511 511 511
-512 -512 -512 -512
-512 -512 -512 -512
-512 -512 -433 511
511 511 511 511
-512 -512 -512 -512
-512 -512 -512 -512
-512 -512 -512 511
511 511 511 511
-324 172 484 108
-512 -512 -512 -512
-512 -512 -512 511
511 511 511 511
511 511 511 511
63 -512 -512 -512
-512 -512 -512 511
511 511 511 511
511 511 511 511
511 -512 -512 -512
-512 -512 -512 511
511 511 511 511
511 511 511 511
511 -137 -512 -512
-512 -512 -238 511
511 511 511 511
511 511 511 511
511 473 -512 -512
-512 -512 221 511
511 511 511 511
511 511 511 511
511 511 -512 -512
-512 -512 511 511
511 511 511 511
511 511 511 511
511 511 -512 -512
-512 -512 511 511
511 511 511 511
