-512 -512 -71 -123
-512 -512 -512 20
-512 -512 418 107
-512 -512 -512 -512
-512 -512 511 511
-512 -512 -512 -512
-512 -512 511 511
-512 -512 -512 -512
-512 -512 511 511
-512 -512 -512 -512
-512 -73 511 511
-512 -512 -512 -512
-512 511 511 -332
-512 -512 -512 -512
-308 511 511 -512
-512 -512 -512 -512
511 511 511 -512
-512 -512 -512 -512
511 511 -169 -512
-512 -512 -512 -512
511 511 -512 -512
-512 -512 -512 -208
511 511 107 -512
-512 -512 -512 511
511 511 511 -512
-512 -512 -512 511
511 511 511 511
-512 -512 376 511
511 511 511 511
-512 -412 511 511
511 511 511 511
-512 195 511 511
