-107 -275 -424 -512
-512 -512 -512 -512
-512 -512 -512 -512
-512 -242 320 511
511 511 511 511
511 511 511 511
238 -512 -512 -512
-512 -512 -512 -512
-512 -512 -512 -512
-512 -512 -512 -512
-512 -512 -512 -512
296 511 511 511
511 511 -238 -512
-512 -512 -512 -512
-512 -512 -512 -512
-512 -512 -512 -512
-390 -512 -512 -512
-512 -512 -219 355
511 511 511 511
511 511 511 511
511 511 511 511
511 511 511 511
511 511 511 354
97 -99 -209 -301
511 511 511 511
511 511 511 511
511 511 511 511
511 511 511 511
511 511 511 511
511 511 511 511
511 511 490 -168
-512 -512 -512 -512
