511 511 511 511
511 511 511 511
511 511 511 511
511 511 511 511
511 511 511 511
511 511 511 511
511 511 511 511
511 511 511 511
511 511 511 511
511 511 511 511
511 511 511 511
511 511 511 511
511 511 511 511
511 511 511 511
511 511 511 511
511 511 511 511
511 511 511 511
511 511 511 511
511 511 511 511
511 511 511 511
511 511 511 477
511 511 511 511
511 511 298 -103
12 511 511 511
511 289 -221 -512
-443 442 511 511
172 -131 -512 -512
-512 133 511 511
-137 -415 -512 -512
-512 37 511 511
-381 -512 -512 -512
-512 95 511 511
-461 -512 -512 -512
-512 285 511 511
-406 -512 -512 -512
-512 511 511 511
-182 -353 -512 -512
-294 511 511 511
119 -45 -296 -341
231 511 511 511
511 357 130 144
511 511 511 511
511 511 511 511
511 511 511 511
511 511 511 511
511 511 511 511
511 511 511 511
511 511 511 511
511 511 511 511
511 511 511 511
511 511 511 511
511 511 511 511
511 511 511 511
511 511 511 247
511 511 511 511
511 511 511 -512
511 511 511 511
511 511 511 -512
511 511 511 511
511 511 511 -512
511 511 329 295
511 511 511 -512
511 511 -285 -293
511 511 397 -512
511 95 -512 -512
509 511 -391 -512
511 -507 -512 -512
190 511 -512 -512
-77 -512 -512 -512
1 511 -512 -512
-512 -512 -512 -512
-26 511 -512 -512
-512 -512 -512 -512
295 511 -512 -512
-512 -512 -512 -512
487 511 -512 -512
-512 -512 -512 -512
511 511 -512 -512
-512 -512 -512 -512
511 511 -512 -512
-512 -512 -512 -391
511 511 232 -512
-512 -512 -512 88
511 511 511 -512
-512 -512 -512 511
511 511 511 -512
-512 -512 -342 511
511 511 511 -512
-512 -512 -128 511
511 511 511 -512
-512 -512 -7 511
511 511 511 -512
-512 -512 25 511
511 511 511 -512
-512 -512 -78 511
511 511 511 -512
-512 -512 -300 511
511 511 511 -512
-512 -512 -512 511
511 511 511 -512
-512 -512 -512 511
511 511 511 -512
-512 -512 -512 511
511 511 511 -512
-512 -512 -512 511
511 511 511 -512
-512 -512 -512 511
511 511 511 -512
-512 -512 -512 511
511 511 511 -512
-512 -512 -512 72
511 511 511 -512
-512 -512 -512 -384
511 511 511 -409
-512 -512 -512 -512
511 511 511 511
-512 -512 -512 -512
511 511 511 511
-512 -512 -512 -512
511 511 511 511
-512 -512 -512 -512
511 511 511 511
-512 -512 -512 -512
501 511 511 511
-512 -512 -512 -512
434 511 511 511
-512 -512 -512 -512
413 511 511 511
