-512 -512 -512 -512
-512 219 511 511
511 511 511 511
511 511 511 511
-512 -512 -512 -512
-512 -512 -318 511
511 511 511 511
511 511 511 511
-440 -512 -512 -512
-512 -512 -512 -512
47 511 511 511
511 511 511 511
-512 -512 -512 -512
-512 -512 -512 -512
-512 -512 -497 511
511 511 511 511
-512 -512 -512 -512
-512 -512 -512 -512
-512 -512 -512 -512
-510 97 -89 -499
-512 -512 -512 -512
-512 -512 -512 -512
-512 -512 -512 -512
-234 73 -378 -512
-512 -512 -512 -512
-512 -512 -512 -512
-512 -512 -291 511
511 511 511 511
404 436 -75 -512
-512 -512 -512 -512
-512 -512 -180 511
511 511 511 511
477 511 328 98
-97 -233 -512 -512
-512 -512 -512 -261
511 511 511 511
-112 -404 -512 -512
107 511 511 511
511 152 -512 -512
511 511 511 511
-37 -418 -512 -512
-467 511 511 511
511 511 511 511
511 511 511 511
511 511 511 -466
-512 -512 -123 511
511 511 511 511
511 511 280 130
511 511 511 511
118 -512 -512 -512
511 511 511 511
511 511 511 -125
511 511 511 511
511 511 -512 -512
-512 12 511 511
511 511 511 511
511 511 511 511
511 511 511 511
-510 -512 -106 511
511 511 511 511
402 511 511 511
511 511 511 511
435 -512 -512 -512
511 511 511 511
