511 511 511 511
511 511 511 511
511 511 511 294
-177 -188 103 382
511 511 511 511
511 511 511 511
511 511 511 511
348 -232 -346 -285
418 316 246 415
511 511 511 511
511 511 511 511
511 511 400 31
-447 -493 -507 -446
-149 397 511 511
511 511 511 511
511 511 511 511
-512 -512 -512 -512
-512 -512 -246 87
415 511 511 511
511 511 -131 -512
-512 -512 -512 -512
-512 -512 -512 -512
-417 -288 -50 126
59 -512 -512 -512
-512 -512 -512 -512
-512 -512 -512 -512
268 511 511 511
511 466 -512 -512
-512 -512 -512 -512
-512 -512 -512 -512
34 511 511 511
511 511 511 511
-481 -512 -512 -512
-512 -512 -512 -512
-512 -377 335 511
511 511 511 511
-512 -512 -512 154
511 511 511 511
64 -512 -512 221
511 511 511 511
-512 -512 -512 -251
511 511 511 511
511 511 511 511
511 511 511 511
-436 -512 -512 -512
-322 511 511 511
511 511 511 511
511 511 511 511
511 511 -29 -512
-512 -512 -503 511
511 511 511 511
511 511 511 453
511 511 511 362
-512 -512 -512 -512
413 511 511 511
511 511 511 511
511 511 511 511
511 416 -512 -512
-512 -373 511 511
511 511 511 511
511 511 511 511
511 511 511 -512
-512 -512 -512 -405
511 511 511 511
