0 -10 -12 8
6 -8 28 5
-8 25 -6 -7
-27 -38 3 17
39 9 -20 14
19 -6 -23 -33
-8 23 -3 5
17 0 13 -16
-36 16 30 -6
-19 24 0 6
0 -32 25 -4
-18 1 -1 28
-14 -13 13 9
4 -11 1 18
-6 -39 10 9
-7 27 -11 2
-11 -15 20 14
8 -10 -18 18
8 -27 -17 15
28 17 -9 -9
-5 -11 0 -21
6 34 -14 -1
25 -1 -40 -25
42 25 -20 -8
-12 18 10 -5
-11 -13 27 -10
-25 14 -13 20
10 -16 17 -3
-5 -15 -6 22
-8 -15 17 8
-2 11 -19 -1
7 -17 14 -12
13 22 -22 -11
-16 2 14 -6
-7 -1 27 6
-16 -17 0 11
3 11 -23 11
20 -28 -8 -5
14 15 16 6
-38 -2 6 -10
40 -23 -6 -11
-7 2 -13 10
0 -7 22 2
1 7 -27 3
20 -10 -5 -17
13 17 -41 -3
28 23 15 -29
-8 7 -18 2
-8 12 33 -19
-22 2 10 -10
-25 0 1 18
19 9 6 -3
-19 -37 20 16
-26 -6 20 36
-4 -8 -2 -12
-1 -16 -1 6
-15 26 -17 19
10 -23 -10 0
12 -23 -22 28
36 11 14 -28
-34 22 -25 -13
11 1 23 -4
30 6 -49 1
8 8 2 -18
