0 0 0 0
0 0 -1 -1
0 0 0 0
0 -1 -1 -1
0 0 0 1
0 -1 -2 -1
0 0 1 1
0 -1 -2 -1
0 1 1 1
0 -2 -3 -1
1 1 1 0
-1 -2 -2 -1
1 2 1 0
-1 -2 -2 -1
1 2 1 0
-1 -1 -1 0
1 2 1 0
0 0 0 1
1 2 1 1
1 1 2 2
1 2 1 1
2 3 3 2
2 2 2 2
3 4 4 3
2 2 3 4
5 6 5 3
2 3 4 5
7 7 5 2
3 4 5 7
9 8 5 2
3 5 7 9
10 8 5 1
4 6 8 10
10 8 4 1
5 7 9 11
11 7 3 0
6 8 10 12
10 7 2 -1
6 9 11 12
10 5 1 -1
7 10 11 11
9 4 0 -2
7 10 11 10
7 3 0 -2
8 10 11 9
6 2 -1 -2
8 10 10 8
5 1 -1 -2
8 10 9 7
3 0 -2 -2
8 9 8 6
2 0 -2 -2
7 8 6 4
1 -1 -2 -2
6 7 5 3
1 -1 -2 -2
5 5 4 2
0 -1 -2 -2
4 4 3 1
-1 -1 -2 -2
3 3 2 1
-1 -1 -2 -2
3 3 2 0
-1 -2 -2 -2
