-512 511 511 511
-512 -512 -512 -512
511 511 511 449
-512 -512 -512 -512
511 511 511 167
-512 -512 -414 511
511 511 511 -439
445 511 511 511
465 -287 -250 511
511 511 511 511
65 137 511 511
511 511 511 -512
511 511 511 511
511 511 511 -286
511 511 511 511
481 -333 177 511
-512 -294 232 -136
-512 -247 511 511
-512 -512 -343 101
255 511 511 511
-512 -454 329 511
511 511 511 511
511 511 511 511
511 511 511 413
511 511 511 511
511 511 394 -512
172 511 511 511
511 511 -512 -512
-512 511 511 511
511 -512 -512 -429
-512 403 511 511
-65 -512 -512 511
