-512 -512 -512 -512
498 511 -512 -512
-512 -512 -512 511
511 511 511 281
-512 -512 -512 -512
511 511 -512 -512
-512 -512 -512 511
511 511 511 -209
-512 -512 -512 365
511 511 -512 -512
-512 -512 -512 511
511 511 -512 -512
-512 -512 -512 511
511 511 -512 -512
-512 -512 -512 467
465 -512 -512 -512
-512 -512 236 511
511 511 -512 -512
-512 -512 -512 -243
-360 -512 -512 -512
-512 -512 511 511
511 511 -512 -512
-512 -512 -512 -428
-512 -512 -512 -512
-512 -512 511 511
511 -512 -512 -512
-512 -512 -512 186
-512 -512 -512 -512
-512 191 511 511
-512 -512 -512 -512
-512 -512 -16 511
-228 -512 -512 -512
68 427 238 -512
-512 -512 -512 -512
-512 -512 454 511
192 -512 -512 -380
232 64 -512 -512
-512 -512 -512 -512
-512 -512 511 511
511 266 391 367
203 -165 -512 -512
-512 -512 -512 -512
-512 -512 260 511
511 511 511 511
511 457 -353 -512
-512 -512 -512 -512
-512 -512 -147 511
511 511 511 511
511 511 511 391
-512 -512 -512 -512
-512 -512 -457 511
511 511 511 511
511 511 511 511
511 -512 -512 -512
-512 -512 -224 511
511 511 511 511
511 511 511 511
511 500 -512 -512
-512 -512 511 511
511 511 511 511
511 511 511 511
511 511 -512 -512
-512 -512 511 511
511 511 511 511
