511 455 191 -164
-512 -512 -512 -512
-512 -512 -512 -512
-512 -512 -512 -512
-512 -512 -512 248
511 511 511 511
511 511 511 511
511 511 511 511
-512 -512 -512 -512
511 511 511 511
511 511 511 511
511 511 511 511
-434 -512 -512 -512
-512 -512 -512 -512
-512 -512 -512 -512
-512 -319 -157 -28
511 511 511 511
511 511 511 511
511 511 511 511
511 511 511 511
511 511 511 511
511 511 -29 -512
-512 -512 -512 -512
-512 -512 -512 -512
511 511 511 511
511 511 511 511
511 511 511 511
511 511 511 511
511 511 511 511
511 322 -512 -512
-512 -512 -512 -512
-512 -512 -512 -512
