13 -21 32 -23
2 -8 -21 4
2 9 -9 31
-7 -10 17 -42
-4 24 -24 7
17 -23 25 17
-31 -2 15 -28
-7 21 -39 35
-3 51 -12 -6
-21 -22 9 10
16 -22 31 16
-6 33 -35 1
2 -20 -11 -1
44 8 27 -4
-17 9 -26 -7
1 18 1 13
-13 6 -17 -11
50 -34 -20 15
-26 10 6 -15
-14 21 -23 -16
18 -27 37 -2
-48 5 2 1
-9 0 -5 12
-4 -44 19 -2
-5 40 5 -9
-6 -10 9 16
-2 -1 28 4
11 18 -23 8
13 -11 -10 10
26 20 9 -12
18 7 -21 2
3 13 12 7
8 -35 -8 5
-11 8 -8 -7
2 -11 -21 -12
-2 -23 21 4
-29 11 -9 -5
-15 -20 7 -10
-10 -17 11 6
-19 10 -21 -11
5 -21 37 -1
13 33 2 -7
-3 35 -14 7
15 -16 32 -11
20 32 -3 10
0 3 -23 20
23 8 21 -5
20 0 -5 14
-3 -6 -39 33
-47 2 21 -26
18 -41 -9 -5
-13 -15 -10 40
-32 -25 7 -23
1 0 -20 -12
-9 -5 -7 -5
-8 -4 20 -42
-3 -6 -5 22
26 46 14 -18
11 26 -14 -29
9 16 23 16
20 22 26 -4
-20 6 -29 18
29 8 19 31
34 -26 9 -4
-1 -41 11 6
-24 -3 -1 -3
-25 -5 -17 5
9 -62 13 15
-19 -10 -8 2
-23 6 -32 -19
19 -10 2 -18
-24 4 18 -35
5 5 -12 17
3 48 18 -7
20 7 -5 -40
18 19 22 30
-3 29 -2 2
3 1 1 -9
33 -5 8 45
17 10 -11 -4
-9 -26 -2 1
13 -17 -9 3
-32 5 -10 -7
-1 -33 -2 4
0 -22 19 -1
-46 9 -28 -11
12 -6 0 -5
-15 -27 28 -28
-7 41 -12 12
-7 7 20 -3
14 -4 20 -3
3 30 -20 19
16 -12 10 -4
22 19 -7 3
13 14 -15 9
20 -5 21 -2
7 -21 -20 10
-6 4 -5 -16
18 -16 -18 -6
-17 3 10 -3
-23 8 3 -15
-7 -24 11 7
-31 -9 13 2
-5 -3 -21 -2
11 -15 66 -29
-9 -4 -13 10
-11 25 0 51
12 -33 19 -40
13 26 -38 21
36 -2 4 17
-3 8 10 -47
-2 33 -22 36
7 6 -20 -4
-3 -6 -8 2
18 -19 1 -7
-12 24 -3 -8
-18 6 -8 -6
11 -21 39 -3
-32 -9 -1 12
-9 13 -31 14
-12 43 -2 -22
25 -44 -10 27
-19 3 32 10
-6 30 -42 -17
25 -32 12 7
0 18 16 -3
-6 9 -24 -5
-2 -15 20 13
