425 511 511 511
511 511 511 511
511 511 511 511
511 511 511 511
511 511 511 511
511 511 511 511
511 511 511 511
511 511 511 511
511 511 511 511
511 511 511 511
511 511 511 204
91 511 511 511
411 401 -67 -512
-512 -354 511 511
148 -57 -512 -512
-512 -512 511 511
20 -258 -512 -512
-512 -512 511 511
45 -189 -512 -512
-512 505 511 511
238 135 -167 -420
116 511 511 511
404 372 103 18
511 511 511 511
511 511 449 405
511 511 511 511
511 511 511 511
511 511 511 511
511 511 511 511
511 511 511 -512
511 511 469 90
511 511 511 -512
511 511 -370 -512
249 511 18 -512
511 49 -512 -512
-271 511 -512 -512
-265 -512 -512 -512
87 511 -512 -512
-512 -512 -512 -512
225 511 -136 -512
-512 -512 -512 -512
511 511 511 -512
-512 -512 -512 -512
511 511 511 -512
-512 -512 -512 -512
511 511 511 -512
-512 -512 -512 -512
511 511 511 -512
-512 -512 -512 -512
511 511 511 -512
-512 -512 -512 -512
511 511 511 -512
-512 -512 -512 -512
511 511 511 -512
-512 -512 -512 -512
511 511 511 -512
-512 -512 -512 -512
-428 511 511 6
-512 -512 -512 -512
-512 511 511 511
-476 -512 -512 -512
-512 511 511 511
-114 -512 -512 -512
-512 511 511 511
