15 -16 20 16
-9 4 4 -20
2 3 -10 8
-3 -25 6 -11
-11 10 9 -12
9 4 -7 9
11 2 4 -8
-2 -5 -1 5
-16 8 -40 -23
-5 -12 1 34
0 -4 20 -6
6 46 6 24
5 -4 -12 15
0 13 12 -18
-14 -8 -20 11
3 5 -12 -13
-25 6 4 -8
36 -18 -20 7
-16 5 30 5
-3 1 -7 -22
36 -1 12 11
-17 -19 -2 5
4 17 7 -25
0 -17 2 12
44 -10 24 30
-42 32 26 -39
18 -6 -58 -13
4 -37 0 23
-47 2 3 -22
21 22 -3 4
15 -19 4 34
-11 12 9 -18
-20 0 -5 -18
14 2 -12 16
2 7 10 18
-5 17 6 -12
18 2 -22 11
-11 -27 -7 10
-30 10 13 -21
13 11 -6 16
-18 10 -9 -6
15 -12 -6 0
-6 0 20 -13
14 4 -11 8
21 -9 21 7
-8 -2 8 -12
17 -2 -6 5
-15 -16 10 -9
17 28 -3 -3
5 6 2 18
-3 -15 -10 -18
-18 10 -11 -6
-13 -15 -26 6
2 3 13 0
-14 1 2 10
15 18 -3 1
23 -38 42 34
-22 16 10 -46
5 26 -33 23
7 -55 -1 -6
-27 13 24 -28
-3 12 -32 16
27 -2 7 2
-13 -13 24 8
-23 12 -42 -29
4 -14 -2 38
16 -21 46 -1
-1 47 21 -7
16 -4 -32 8
13 -28 26 -19
-33 0 -3 -16
22 25 -31 13
8 13 9 7
19 -15 -10 7
-35 5 -8 -11
-14 -3 -20 0
6 -1 22 15
-13 37 -4 8
22 9 -14 6
-8 -29 7 -15
5 -6 8 20
-5 7 8 -14
9 0 3 0
3 -18 -5 -4
-17 1 1 -22
-5 -13 -8 -9
13 0 2 10
-1 9 11 16
10 -25 -4 -12
-30 11 16 -5
19 0 -24 9
10 3 35 13
-7 6 -7 -7
22 8 -2 3
-19 -16 4 -1
9 8 -14 -14
-40 6 -10 -10
28 -13 -30 11
-16 8 32 17
-5 21 -12 -3
36 19 5 28
-18 -21 -2 11
-7 22 1 -27
-13 -14 -12 9
18 35 -4 -1
6 -1 8 1
-4 -25 -11 -43
0 -2 -13 9
-2 -24 6 5
13 15 27 -12
14 -11 -5 25
-5 0 4 -24
2 -41 15 -1
-24 14 15 -17
15 38 -24 30
24 -19 12 9
-17 -6 4 -24
-16 6 -37 4
-1 -16 4 9
0 0 33 5
-21 7 -11 -2
1 -1 -24 -3
7 -16 25 15
-12 15 1 -7
16 34 -12 27
21 -30 23 17
-18 18 7 -36
-13 6 -44 9
17 13 -4 -15
6 -11 13 16
-7 -7 -8 -25
3 4 6 -2
2 -30 5 -2
5 28 10 -10
4 -14 -7 14
14 -7 9 -19
-2 13 10 23
20 -4 -10 3
-17 8 13 0
-14 -9 -33 -11
-10 0 1 -5
-29 -4 -14 -3
18 17 -5 8
-4 -2 19 22
13 -39 -2 9
-43 14 26 -17
26 9 -18 14
20 -9 28 20
-28 8 1 -30
12 9 -16 -11
2 -21 -5 17
2 11 5 -4
-6 22 3 -18
35 -14 -23 21
-18 -28 15 -4
-34 15 13 -38
39 11 -15 29
17 -19 23 22
-28 26 17 -48
23 -2 -45 6
5 11 2 31
-1 7 6 -9
-7 8 -3 -14
4 -12 -37 21
-28 -7 9 -16
-27 9 -14 -19
33 -1 -14 42
-18 1 34 4
6 -4 -3 -22
1 -1 16 15
6 6 -10 -6
12 5 16 -3
3 -32 -7 -12
-6 6 -7 -10
-12 -17 4 11
22 6 20 -5
-11 -18 12 14
-15 9 -15 -36
9 4 -1 22
4 -17 1 5
6 37 15 11
17 -16 3 22
5 9 8 -25
-30 -10 -21 0
1 29 -12 -22
10 0 -9 26
-1 -17 1 -9
-18 26 -1 -9
7 -8 -31 24
11 -6 23 9
-32 6 6 -12
15 16 -22 -1
2 -5 7 1
6 -6 13 -4
-3 21 -1 -8
23 -16 -11 3
-5 -31 22 -20
-23 16 -17 -17
26 -15 -8 26
-4 -13 46 -3
-16 -18 -10 13
-19 2 -5 -16
7 10 12 17
12 2 -4 22
-7 27 12 1
1 -3 -4 -3
13 1 -11 2
-26 -5 -6 0
16 4 1 -26
1 -4 -4 19
-7 -25 -20 -1
-27 18 37 -18
20 10 -19 26
36 12 22 26
-39 6 12 -36
28 1 -50 -17
-15 -7 0 25
8 -2 2 -10
6 6 31 3
9 -13 -16 -3
-8 2 9 -27
-24 -27 -16 -22
25 5 -3 12
-7 5 23 28
8 6 -8 -3
3 -6 7 17
-17 4 -11 -14
-2 12 -5 16
-5 -12 6 1
-13 31 -7 -10
8 -6 -15 23
4 -9 13 -17
3 -22 4 -2
-17 2 6 -16
7 3 -12 8
10 -8 20 8
4 12 15 -2
15 9 -2 5
3 -8 1 -6
-6 -10 -9 -14
-9 30 4 4
23 3 -24 4
4 -29 25 1
-30 3 -11 -35
13 15 -30 18
14 -49 26 17
-24 28 22 -37
8 22 -36 30
18 -16 5 -8
-17 10 28 8
4 38 -34 2
24 -8 -5 19
-32 -42 -3 -28
-31 34 -35 -15
5 -28 -10 46
11 4 61 -7
-12 27 -1 11
17 -10 -19 -16
-9 -16 22 -18
0 -7 -27 1
17 9 24 20
8 -7 27 1
26 10 -4 -6
-32 -17 -11 -8
7 -15 4 -15
-15 9 7 3
11 7 -19 15
2 2 22 -3
-3 -2 -15 -1
10 2 -6 12
-25 -7 9 -10
14 9 -5 -2
1 19 3 4
15 7 -8 13
1 -14 8 1
-24 5 -7 -24
-3 2 -33 2
-3 -29 5 6
-22 17 14 -14
19 24 -12 26
-2 -20 3 22
-9 -5 15 -23
-2 17 3 -8
29 -22 -9 23
-9 -5 43 -26
-17 19 -19 -25
48 -15 -18 33
-23 -22 36 -10
8 8 -12 -23
4 -13 -2 26
-21 -13 -15 -13
-15 27 20 8
18 2 1 26
16 36 14 8
-15 -1 -9 -7
12 -15 -28 -32
-23 -10 -3 17
1 6 -12 -8
18 -4 36 26
-7 0 -1 -16
-2 29 -19 -10
-3 -54 -5 -1
-10 19 11 -23
0 23 -17 42
21 -8 13 -7
-5 1 14 -1
-1 4 -23 -5
3 -13 14 -7
-5 -17 4 -10
6 20 -6 3
-1 -11 3 5
14 -4 10 -10
-8 5 -18 -2
-9 -7 -4 1
-10 6 1 -8
12 15 -14 34
-1 4 20 17
-1 31 8 -7
18 -8 -23 20
-27 -19 3 -27
-19 -2 1 -3
9 -5 -13 -9
3 6 19 11
8 -4 -4 -8
17 5 8 6
-2 -19 2 5
2 6 6 -17
-11 -7 0 9
12 13 1 -24
3 12 4 22
17 -13 -11 2
-16 11 18 -27
-2 -18 -48 1
12 -24 10 11
-49 0 23 -17
38 35 -14 16
6 -14 15 37
-22 12 3 -43
-2 17 -20 1
16 -32 -26 33
-24 18 37 -9
-8 21 -15 -1
45 -6 -13 29
-43 -20 23 -14
-12 14 -13 -30
28 -22 -4 28
-16 -7 15 -16
1 22 11 -9
36 -21 7 14
-4 8 10 -7
-7 -1 -2 -9
15 -14 -2 -14
3 -1 -4 14
-8 13 8 4
13 -4 4 4
-6 3 -3 0
-23 3 -25 -18
-7 -21 -8 -11
-8 2 3 11
11 27 3 23
12 7 24 16
15 4 -12 -5
-11 -12 -5 7
-32 -16 -3 -32
1 17 -12 4
5 -15 -1 23
-8 24 16 -27
12 4 -20 20
18 -26 -6 -1
-31 -4 30 -10
6 12 -22 -13
31 -8 18 33
-17 -16 32 -22
7 49 -8 -22
28 -34 -22 37
-8 -18 23 -35
-31 27 -17 0
32 -15 -28 23
-15 -4 47 4
-16 26 -29 -12
17 10 -12 21
-20 -26 8 -2
-4 25 -5 -16
-5 2 -10 24
19 -5 15 -10
-4 9 11 3
10 3 -20 5
-4 -11 15 -20
-9 -17 -20 -11
6 -3 -6 9
-20 -6 15 -7
25 15 6 8
12 -2 6 11
-23 10 2 -30
12 -14 -17 -8
5 -15 3 14
-8 17 13 6
31 6 20 9
10 -6 1 0
-23 -4 -20 -19
-35 -20 -10 -12
6 -9 -9 4
-9 38 15 23
25 12 -8 21
18 1 21 5
-34 5 -27 -5
9 -2 -11 5
-18 -22 28 -2
7 34 -14 -20
14 -3 5 25
1 -29 2 -32
-9 20 4 -6
9 -25 -21 9
12 -5 27 -10
-18 -5 5 6
20 16 -11 -9
-4 -8 17 18
1 10 -12 -21
3 -1 0 17
-11 -17 -3 -12
1 27 -2 1
3 -25 -6 17
-1 17 14 -21
-7 3 -14 17
12 -37 5 3
-33 4 15 -18
-1 20 -34 12
17 -10 20 29
-12 12 26 -7
7 41 -18 4
13 -17 -12 13
-13 -21 6 -29
-23 23 -35 -16
21 -18 -1 37
4 -15 51 -15
2 36 -3 -7
13 -19 -17 -2
-10 -23 16 -31
-8 1 -9 4
16 16 -2 16
19 12 31 22
20 -3 -12 -8
-27 2 -14 -2
-26 -26 -23 -24
-5 4 9 4
-10 14 -8 20
16 19 4 -8
0 -15 6 8
11 -10 -11 -6
-28 11 12 2
24 -11 -7 6
0 10 24 3
-17 6 -24 -6
26 -6 11 -1
-23 -9 3 -4
12 23 -22 1
-5 -32 13 13
-13 0 8 -30
5 27 -4 13
29 -28 -1 13
-4 1 36 -20
-11 10 -22 -5
32 -12 -6 12
-22 -22 30 -5
-8 56 -14 -20
46 -9 -18 49
-21 -20 19 -23
-31 34 -26 -22
17 -25 -38 26
-19 -17 18 -1
-28 19 6 -5
25 18 -4 14
20 3 15 16
-14 15 10 -26
8 -11 -27 -15
3 -24 -4 10
-15 0 8 -7
15 5 7 3
13 -8 6 14
-12 2 3 -12
-21 -41 8 -7
-10 5 -3 -17
13 26 1 38
18 -8 22 0
15 18 8 -6
-6 -19 -24 13
-10 0 12 -23
-4 -7 3 9
11 14 -18 -3
-14 5 11 13
2 -9 -13 -20
1 18 -5 26
-18 -10 -10 2
4 20 10 -14
-2 -13 -13 29
-1 10 1 -18
-10 33 9 0
50 -21 -22 15
-27 -13 31 -15
-22 -2 -22 -37
30 -10 5 14
-13 -15 12 5
9 24 6 -22
7 -13 -2 16
4 -33 -7 1
-35 5 12 -10
16 11 -9 19
14 2 23 18
-16 16 4 -10
14 14 -8 -2
-2 -13 -9 3
-5 0 -7 -7
