0
0
0
0
0
0
0
0
0
0
0
0
0
0
0
0
-133
0
0
0
0
0
0
0
0
0
0
0
0
0
0
-62
0
0
0
0
0
0
0
0
34
0
0
0
0
0
0
0
178
0
0
0
0
0
0
0
0
0
0
0
0
0
0
0
0
0
0
0
0
0
0
0
0
0
0
0
0
0
0
0
0
0
0
0
0
0
0
0
0
0
-228
0
0
0
0
0
0
0
0
0
0
0
-190
0
0
74
0
0
0
0
0
0
0
0
184
0
0
0
0
0
0
0
0
0
0
0
0
0
0
0
0
0
-9
0
0
0
0
0
0
0
0
0
0
-3
7
0
0
0
0
0
0
0
0
0
0
0
0
0
0
0
0
0
0
0
0
0
140
0
0
0
0
0
0
0
0
0
0
0
0
0
0
0
-5
0
0
0
0
0
-163
0
0
0
0
0
-121
0
0
0
0
0
0
0
0
0
0
0
0
0
0
0
0
0
0
255
0
0
0
0
0
0
0
0
0
0
0
0
0
0
0
0
0
0
0
0
0
0
0
0
0
0
0
0
0
0
0
0
0
0
0
0
0
0
0
0
0
0
