6 -15 -28 31
-26 -2 17 -1
11 -14 0 -1
0 2 14 19
-5 5 13 -16
1 29 -27 5
11 -4 -11 2
27 -32 3 -12
-3 11 -16 14
32 -7 15 18
5 -34 -11 -1
-48 28 -12 2
24 -12 -6 -21
5 -32 -11 13
-17 33 2 7
35 0 -20 8
4 -8 -4 1
-18 -4 -5 -22
19 16 -15 21
19 -7 -17 24
2 -8 16 3
9 6 -8 18
6 -14 -14 4
-21 -17 18 -3
11 22 2 -11
-15 -3 -37 1
7 18 17 7
29 -22 -19 -15
-11 -7 -26 39
-3 8 15 15
0 -23 -2 -24
-17 1 17 22
-2 -7 18 -17
26 4 -1 26
-23 2 -9 -10
-15 2 9 -5
2 14 -20 4
-12 -18 10 -15
5 12 6 14
-7 27 -25 5
-6 -42 12 0
-10 13 29 5
-26 11 -19 -12
-5 5 39 23
-13 36 18 -23
-16 24 -12 -32
21 5 -2 28
-12 6 -15 -29
-7 38 -2 1
-9 11 -3 7
-16 -6 33 -18
-24 19 6 -34
-18 11 -16 5
-18 17 11 -6
-28 17 17 -31
18 14 9 4
-22 21 10 -10
-22 14 13 -42
3 25 3 12
-13 25 -16 0
-14 -2 34 -15
-1 13 7 8
-29 16 8 -12
-27 2 32 -20
