287 428 508 511
511 511 511 511
511 511 511 511
511 511 511 511
511 511 137 -84
511 511 511 511
-88 -512 -512 -512
-512 449 511 511
-292 -512 -512 -512
-512 511 511 511
129 -277 -512 -246
511 511 511 511
511 314 -238 479
511 511 511 -512
-82 -477 -512 -512
511 511 511 -512
-512 -512 -512 -512
-147 511 -512 -512
-512 -512 -512 -512
-132 511 483 -512
-512 -512 -512 -512
511 511 511 -512
-512 -512 -512 -512
511 511 511 280
-512 -512 -512 -512
499 511 511 511
-512 -512 -512 -512
-512 -512 93 511
131 -152 -512 -512
-512 -512 511 511
489 432 -294 -512
-512 -512 511 511
