-265 221 511 511
511 511 511 511
511 511 511 -512
-512 -512 -512 -289
-276 -95 401 511
511 511 511 511
511 511 511 511
399 -359 -512 -480
-512 -512 -512 -512
-169 511 511 511
511 511 511 511
511 388 -496 -512
-512 -512 -512 -512
-512 -512 -434 511
511 511 511 511
511 511 214 -207
-512 -512 -512 -512
-512 -512 -512 -512
-323 442 511 511
511 511 374 -100
-512 -512 -512 -512
-512 -512 -512 -255
424 511 511 511
511 511 -101 -369
-512 -512 -512 -512
-512 -512 -126 511
511 511 511 511
511 511 326 -105
275 -188 -512 -512
-512 -512 241 511
511 511 511 511
511 511 511 511
511 511 511 511
511 511 511 511
511 511 511 511
511 511 511 511
511 511 511 511
511 511 511 511
511 511 511 511
511 511 511 511
511 511 511 511
511 511 511 511
511 511 -141 -310
511 511 511 511
511 511 511 298
511 511 511 511
511 511 511 -512
-512 -512 -512 -512
511 511 511 -512
-512 -512 467 511
511 511 511 511
-512 -512 -512 -512
511 511 511 432
-512 -512 -512 -512
511 511 511 511
511 194 -512 -512
511 511 511 511
511 -512 -512 -512
-512 -293 511 511
511 511 456 -25
511 511 511 511
511 511 -512 -512
-512 -512 -512 511
511 511 511 511
