-512 -512 -512 -512
-512 -512 -512 -512
-512 -512 511 511
511 511 187 -512
-512 -512 -512 -512
-512 -512 -512 -512
-512 -512 -388 14
-13 -313 -512 -512
-512 -512 -512 -512
-512 -512 -512 -512
71 511 511 511
511 511 511 -425
-512 -512 -512 -512
-512 -512 -512 -512
-512 -512 -512 -512
-512 -512 -512 -512
-512 -512 -512 -512
-512 -512 255 511
511 511 511 511
511 511 511 -323
-512 -512 -512 -512
-512 -512 -512 -512
-512 -512 -512 -512
-512 -512 -512 -512
-34 177 511 511
511 511 511 511
511 511 511 511
511 -512 -512 -512
-512 -512 -512 -512
-512 -512 -512 -512
-512 -512 -512 -512
-512 -512 -512 -512
511 511 511 511
511 511 511 511
511 511 -158 -512
-512 -512 -512 -512
-512 -512 -512 -512
-512 -512 -512 -512
-512 -512 -512 -512
-512 -512 -57 209
511 511 511 511
511 511 511 511
511 511 511 -77
-512 -512 -512 -512
-512 -512 -512 -512
-512 -512 -512 -512
-512 -512 -53 511
511 511 511 511
349 511 511 511
511 511 511 511
511 511 511 511
511 511 511 511
511 511 511 511
356 144 121 321
511 511 511 511
511 511 511 511
240 511 511 511
511 511 511 511
511 511 511 511
511 511 511 511
511 511 511 511
511 511 511 511
511 511 511 511
511 511 511 511
