0 0 0 0
0 0 0 0
0 0 0 0
0 0 0 0
0 0 0 0
0 1 1 1
1 1 2 2
2 2 2 2
0 0 0 0
0 0 0 0
0 0 0 0
0 -1 -1 -1
-1 0 0 0
0 1 1 1
2 2 2 3
3 3 3 3
0 0 1 1
1 1 1 1
1 1 0 0
0 0 -1 -1
-1 -1 -1 -1
-1 0 0 0
1 1 2 2
2 2 3 3
0 1 1 1
2 2 2 2
2 2 1 1
0 0 -1 -1
-2 -2 -3 -3
-3 -3 -3 -3
-3 -3 -3 -2
-2 -2 -1 -1
0 1 1 2
2 3 3 3
3 3 3 3
2 2 1 0
-1 -2 -3 -4
-5 -6 -7 -8
-8 -8 -8 -8
-8 -8 -8 -8
0 0 1 1
2 3 3 4
4 5 5 5
5 4 4 3
2 0 -1 -3
-5 -6 -8 -9
-11 -11 -12 -13
-13 -13 -13 -13
0 0 0 1
1 2 3 4
5 5 6 6
6 6 6 6
5 3 2 0
-2 -3 -5 -7
-9 -11 -12 -13
-14 -14 -15 -15
0 0 0 0
1 1 2 3
4 4 5 6
6 7 7 6
6 5 4 2
1 -1 -2 -4
-6 -8 -9 -11
-12 -12 -13 -13
