190 436 511 511
511 511 511 511
511 511 511 511
511 511 511 511
511 318 -512 -512
-512 -512 -512 -512
-512 -512 -512 -512
-512 -512 -350 -223
148 175 173 -12
-304 -512 -512 -512
-512 -512 -512 -512
-512 -512 -512 -512
-512 -512 -512 -201
229 475 450 97
-485 -512 -512 -512
-512 -512 -512 -512
16 -95 -250 -512
-512 -512 -512 -512
-512 -512 -512 -512
-512 -512 -512 -512
-193 511 511 511
511 511 511 511
511 511 511 226
-512 -512 -512 -512
-269 -512 -512 -512
-512 -512 -512 -512
-512 -512 -364 -173
-16 119 215 268
291 268 236 190
141 108 94 114
149 215 300 392
479 511 511 511
