-512 -512 -512 -512
-226 225 511 511
511 511 511 511
511 511 511 511
511 511 511 511
511 511 511 511
511 511 511 511
511 508 511 511
-512 -512 -512 -512
-449 -82 446 511
511 511 511 511
511 511 511 511
511 511 511 511
511 511 511 511
511 511 511 511
511 511 511 511
-512 -512 -512 -512
-512 -512 -151 231
511 511 511 511
511 511 511 511
511 511 511 511
511 511 511 511
511 511 511 511
511 511 511 511
-512 -512 -512 -512
-512 -512 -512 -490
-163 227 511 511
511 511 511 511
511 511 511 511
511 511 511 511
511 511 511 511
511 511 511 511
-512 -512 -512 -512
-512 -512 -512 -512
-512 -512 -512 -200
338 511 511 511
511 511 511 511
511 511 511 511
511 511 511 511
511 511 511 511
-512 -512 -512 -512
-512 -512 -512 -512
-512 -512 -512 -512
-512 -387 244 511
511 511 511 511
511 511 511 511
511 511 511 511
511 511 511 511
-512 -512 -512 -512
-512 -512 -512 -512
-512 -512 -512 -512
-512 -512 -512 -512
-92 432 511 511
511 511 511 511
511 511 511 511
511 511 511 511
-512 -512 -512 -512
-512 -512 -512 -512
-512 -512 -512 -512
-512 -512 -512 -512
-512 -512 -475 -60
317 511 511 511
511 511 511 511
511 511 511 511
-512 -512 -512 -512
-512 -512 -512 -512
-512 -512 -512 -512
-512 -512 -512 -512
-512 -512 -512 -512
-512 -365 110 511
511 511 511 511
511 511 511 400
-512 -512 -512 -512
-512 -512 -512 -512
-512 -512 -512 -512
-512 -512 -512 -512
-512 -512 -512 -512
-512 -512 -408 34
411 511 511 511
511 274 29 -150
-512 -512 -512 -512
-512 -512 -512 -512
-512 -512 -512 -512
-512 -512 -512 -512
-512 -512 -512 -512
-512 -512 -192 191
503 511 511 511
423 135 -131 -320
-512 -512 -512 -512
-512 -512 -512 -512
-512 -512 -512 -512
-512 -512 -512 -512
-512 -512 -511 -225
16 320 511 511
511 511 511 511
511 390 91 -117
-512 -512 -512 -512
-512 -512 -512 -512
-512 -512 -512 -512
-512 -512 -512 -512
-512 -144 235 511
511 511 511 511
511 511 511 511
511 511 511 406
-512 -512 -512 -512
-512 -512 -512 -512
-512 -512 -512 -512
-512 -512 -512 -512
-279 196 511 511
511 511 511 511
511 511 511 511
511 511 511 511
-512 -512 -512 -512
-512 -512 -512 -512
-512 -512 -512 -512
-512 -512 -512 -512
-261 187 511 511
511 511 511 511
511 511 511 511
511 511 511 511
511 456 218 -75
-422 -512 -512 -512
-512 -512 -512 -512
-512 -512 -512 -512
-449 -132 212 511
511 511 511 511
511 511 511 511
511 511 511 511
511 511 511 511
219 -7 -225 -302
-399 -416 -501 -512
-512 -512 -512 -512
-512 -435 -282 -54
209 511 511 511
511 511 511 511
511 511 511 511
511 511 511 511
320 249 212 310
379 496 495 499
365 229 50 -93
-270 -405 -482 -445
-327 0 511 511
511 511 511 511
511 511 511 511
511 490 410 362
309 401 511 511
511 511 511 511
511 511 511 511
493 150 -165 -363
-468 -339 92 511
511 511 511 511
511 511 511 511
511 476 436 447
486 511 511 511
511 511 511 511
511 511 511 511
511 511 511 143
-226 -390 -303 16
511 511 511 511
511 511 511 511
445 387 329 315
350 511 511 511
511 511 511 511
511 511 511 511
511 511 511 511
511 309 21 -48
178 511 511 511
511 511 511 511
511 511 469 324
224 242 444 511
511 511 511 511
511 511 511 511
511 511 511 511
511 511 511 487
243 250 452 511
511 511 511 511
511 511 511 511
386 119 20 49
272 511 511 511
511 511 511 511
511 511 511 511
511 511 511 511
511 367 29 -79
-49 51 171 265
511 511 511 511
511 151 -353 -512
-512 -512 -371 88
511 511 511 511
511 511 511 511
511 511 511 511
511 511 280 -220
-512 -512 -512 -512
511 511 511 511
511 511 -237 -512
-512 -512 -512 -512
-512 -102 511 511
511 511 511 511
511 511 511 511
511 511 511 213
-341 -512 -512 -512
511 511 511 511
511 511 420 -482
-512 -512 -512 -512
-512 -512 -512 144
511 511 511 511
511 511 511 511
511 511 511 511
511 206 -84 -241
511 511 511 511
511 511 511 281
-512 -512 -512 -512
-512 -512 -512 -512
-465 419 511 511
511 511 511 511
511 511 511 511
511 511 511 349
511 511 511 511
511 511 511 511
428 -512 -512 -512
-512 -512 -512 -512
-512 -512 26 511
511 511 511 511
511 511 511 511
511 511 511 511
511 511 511 511
511 511 511 511
511 511 370 -428
-512 -512 -512 -512
-512 -512 -512 -404
263 511 511 511
511 511 511 511
511 511 511 511
511 511 511 511
511 511 511 511
511 511 511 511
288 -512 -512 -512
-512 -512 -512 -512
-512 -512 93 511
511 511 511 511
511 511 511 511
511 511 511 511
511 511 511 511
511 511 511 511
511 221 -512 -512
-512 -512 -512 -512
-512 -512 -512 -202
503 511 511 511
511 511 511 511
511 511 511 511
511 511 511 511
511 511 511 511
511 511 -422 -512
-512 -512 -512 -512
-512 -512 -512 -512
278 511 511 511
511 511 511 511
