188 511 511 511
511 242 -512 -512
-512 -512 -512 -512
-512 -512 -512 -512
511 511 511 511
511 -512 -512 -512
-512 -512 -229 511
511 511 511 511
511 511 511 511
511 511 511 511
511 511 511 511
511 511 -368 -512
511 511 511 511
511 511 511 511
511 511 183 -295
-512 -512 -512 -512
-512 -512 -180 234
455 456 314 16
-112 -52 393 511
511 511 511 511
469 511 511 511
511 511 511 511
511 511 511 511
511 511 511 511
511 511 511 511
511 511 511 511
511 511 511 511
-512 -512 -512 -512
476 511 511 511
511 511 511 511
332 -512 -512 -512
-512 -512 -512 -151
