28 14 30 13
19 17 10 10
6 29 6 -1
23 9 11 -5
9 39 22 7
8 18 16 13
3 0 22 20
-5 12 10 0
26 7 -5 41
14 -11 6 8
30 -14 6 21
5 1 -5 28
18 10 -4 12
0 16 7 -13
7 16 -4 -3
13 25 -12 -7
-7 9 22 -7
5 -12 -2 19
-6 -14 16 16
-8 -22 23 14
4 0 8 -25
-1 20 -6 -8
-21 28 -8 -19
16 16 4 -34
2 -17 7 9
-2 -16 -4 -5
3 7 -5 -10
7 -10 4 14
-1 12 -20 -4
0 3 0 5
-1 -26 4 22
-11 5 -8 -2
-9 6 3 18
-4 -11 3 -3
16 -6 6 1
-13 -2 1 21
32 -17 -15 11
15 11 3 2
5 10 -16 -2
27 5 -18 -11
-28 32 51 -17
-2 16 12 15
-13 20 25 -7
-21 -5 32 -6
33 -4 -5 6
30 16 7 19
9 1 -4 10
23 -2 -7 -15
-1 14 22 32
-4 13 20 -4
21 30 5 -13
-6 11 -4 17
23 14 -23 18
28 6 15 23
25 -39 12 36
-3 -3 -14 3
-16 17 24 17
-5 7 11 9
8 16 10 -3
-21 0 8 15
28 -24 -9 -8
18 18 8 -6
1 20 -17 -20
35 4 -16 -29
-37 11 29 -16
-8 -3 -7 22
-16 4 12 1
-30 -21 26 8
1 -13 -25 -20
2 7 4 -14
-3 -9 -8 -10
8 7 -17 -26
-12 -30 -22 30
-17 -30 -12 -4
13 -9 -17 -2
-14 -16 -14 39
-18 1 -28 -32
-6 4 -2 -13
-9 -25 0 -1
-11 7 -11 -26
-26 -19 7 -6
-13 -23 -15 8
-12 -4 -5 -4
-16 -28 13 20
7 -25 -10 -29
-3 17 -4 -23
-19 29 -22 -35
27 14 -12 -42
-27 5 13 -7
-6 -17 -7 13
-5 -16 12 8
-25 -20 19 17
9 1 -26 5
0 5 3 -4
6 -16 -5 12
1 10 -19 -3
3 -4 -3 27
-5 -11 5 -14
22 4 -2 -8
0 5 -9 22
8 8 -8 -5
8 6 -4 15
-6 -13 2 19
-1 -1 1 -7
-18 13 35 -22
-8 6 6 -7
-15 20 13 -19
-3 1 22 -10
24 -24 -16 6
6 -3 -15 -1
-3 10 -22 -3
25 1 -10 -5
-24 14 3 -13
-17 -10 -1 -16
-4 -14 12 -2
-18 5 7 4
-1 -12 -35 7
-11 -25 -17 -2
-1 -37 -7 23
-9 -7 -11 20
-8 -23 -18 -11
-20 -18 -17 -32
-8 4 -16 -23
7 9 -7 -4
-22 -15 -3 -38
-18 -16 -24 -9
-32 -8 -7 -7
-3 -10 13 -9
