511 511 511 511
511 511 511 511
511 511 511 511
8 -512 -512 -512
-512 -512 -512 110
511 511 511 511
511 511 511 511
511 511 511 511
-512 -512 -512 -512
-512 -512 -512 -512
-512 -512 -512 -512
-512 -512 -512 -512
-7 458 511 511
511 511 511 511
511 511 511 511
511 511 511 310
-512 -512 -512 -512
-512 -512 -207 511
511 511 511 511
511 346 -415 -512
-512 -512 -512 -512
-512 -512 -512 -512
-394 265 511 511
511 511 511 505
-512 -512 -512 -512
-512 -512 -512 -512
-512 -512 -512 -512
-512 -512 -512 -512
-512 -512 -512 -512
-512 -512 -512 -512
-512 -512 -512 -512
-512 -512 -512 -251
