-315 -512 -512 -434
370 511 511 511
511 511 511 511
511 511 511 511
-186 -462 -512 -512
-512 -512 -512 490
511 511 511 511
511 511 511 511
-512 -512 -512 -512
-512 -512 -512 -512
-512 -512 -512 -512
-437 -512 -512 -512
-512 -512 -512 -512
-512 -512 -512 -512
-512 -512 327 511
511 511 346 -512
-292 -512 -512 -512
-512 -119 -48 -301
-512 -512 -512 -512
511 511 511 511
-421 -512 -512 -512
-512 -512 347 511
511 511 511 511
511 511 511 511
511 511 511 511
44 -512 -512 -512
-480 511 511 511
511 511 511 511
511 511 511 511
511 511 511 511
-3 -512 -512 511
511 511 511 511
