0 -6 -3 1
0 -6 -2 1
0 -6 -3 1
0 -6 -3 1
0 -6 -3 1
0 -5 -4 1
0 -6 -4 0
0 -5 -4 0
0 -5 -5 0
0 -5 -5 0
0 -5 -6 -1
0 -5 -7 -1
0 -5 -7 -2
0 -5 -8 -2
0 -5 -8 -3
0 -4 -9 -3
1 -4 -9 -4
1 -4 -9 -4
1 -4 -10 -5
1 -3 -10 -5
1 -3 -10 -6
1 -3 -10 -7
1 -3 -10 -7
1 -2 -10 -8
1 -2 -10 -8
1 -2 -9 -9
1 -1 -9 -10
1 -1 -9 -10
1 0 -8 -11
1 0 -8 -11
1 0 -7 -11
1 1 -7 -11
1 1 -6 -12
1 1 -5 -12
1 1 -4 -12
1 2 -4 -12
1 2 -3 -12
1 2 -2 -12
0 2 -2 -11
0 2 -1 -11
1 3 0 -10
1 3 0 -10
0 3 1 -9
1 3 1 -8
1 3 2 -8
1 3 2 -7
1 3 3 -6
1 2 3 -5
1 2 3 -4
1 2 3 -3
1 2 3 -2
1 2 4 -1
1 2 4 0
1 2 4 1
1 2 4 1
1 1 4 2
1 1 4 3
1 1 4 4
1 1 4 4
2 1 4 5
2 1 4 5
2 1 4 6
2 1 3 6
2 1 3 6
