511 511 511 511
511 511 511 511
511 511 511 511
291 -248 -330 -250
-202 -276 -327 -282
35 511 511 511
511 511 511 511
511 511 511 511
-512 -512 -512 -512
-512 -512 -512 -512
-442 -356 -140 46
24 -499 -512 -512
-512 -512 -512 -512
-512 -512 -512 -512
224 511 511 511
511 511 511 -351
-512 -512 -487 -19
452 511 511 18
-390 -512 -512 491
511 511 511 511
-512 -512 -512 -512
453 511 511 511
511 511 511 511
511 511 511 511
511 511 511 -512
-512 -512 -512 -270
511 511 511 511
511 511 511 511
511 511 511 511
511 511 233 -512
-512 -512 -512 511
511 511 511 511
