456 511 511 511
511 511 511 511
511 340 -289 -512
-512 -512 -512 -512
-512 -512 -512 -512
-512 -512 -512 -512
-512 -512 251 511
511 511 511 511
-512 -512 -512 -512
-512 -512 -512 -512
-512 511 511 511
511 511 511 511
511 511 511 511
511 511 -32 -512
-512 -512 -512 -512
-512 -512 -512 -512
216 389 511 511
491 373 195 -31
-243 -408 -498 -440
-263 33 511 511
511 511 511 511
511 511 511 511
511 511 511 511
-64 -512 -512 -512
511 511 511 511
511 511 511 511
511 511 511 511
511 511 511 511
511 511 511 511
511 511 511 511
511 511 511 502
-512 -512 -512 -512
