-254 -123 89 438
511 511 511 511
511 511 511 511
511 511 511 511
511 511 511 511
511 146 -441 -512
-512 -512 -512 -512
-512 -500 -308 -143
-264 -197 -138 5
220 511 511 511
511 511 511 511
511 511 511 511
511 511 511 511
511 511 511 511
479 27 -346 -512
-512 -512 -483 -269
-512 -512 -512 -512
-512 -512 -512 -512
-337 149 511 511
511 511 511 511
511 511 511 511
511 511 511 511
511 511 415 -103
-440 -512 -512 -332
-512 -512 -512 -512
-512 -512 -512 -512
-512 -512 -512 -512
-512 -46 511 511
511 511 511 511
511 511 511 511
511 511 511 511
283 -74 -194 -154
-512 -512 -512 -512
-512 -512 -512 -512
-512 -512 -512 -512
-512 -512 -512 -512
-417 -44 348 511
511 511 511 511
511 511 511 511
437 76 -99 -95
-512 -512 -512 -512
-512 -512 -512 -512
-512 -512 -512 -512
-512 -512 -300 6
352 511 511 511
511 511 511 511
511 511 511 363
-40 -323 -380 -238
-512 -512 -512 -512
-512 -512 -512 -512
-512 -512 -512 -512
-307 285 511 511
511 511 511 511
511 511 511 511
511 511 511 511
394 46 -94 -97
308 213 -64 -351
-512 -512 -512 -512
-512 -512 -512 -324
65 511 511 511
511 511 511 511
511 511 511 511
511 511 511 511
511 511 511 511
511 511 511 511
511 511 511 511
511 511 511 511
511 511 511 511
511 511 511 511
511 511 511 511
511 511 511 511
511 511 511 511
511 511 511 511
511 511 511 511
511 511 511 511
511 511 511 511
511 511 511 511
511 511 511 511
511 511 511 511
511 511 511 511
511 511 511 511
511 511 511 511
511 511 511 511
511 511 511 511
511 511 511 403
-45 -320 -300 -31
474 511 511 511
511 511 511 511
511 511 511 511
511 484 297 349
511 511 511 511
511 511 511 511
511 511 511 511
511 373 -512 -512
-512 -512 -512 -512
-512 -512 -512 -256
511 511 511 511
511 511 -240 -512
-512 -512 -512 -512
173 511 511 511
511 511 511 511
511 511 511 424
-473 -512 -512 -512
-512 -512 -512 -512
511 511 511 511
511 511 511 -373
-512 -512 -512 -512
-512 -512 -512 150
511 511 511 511
511 511 511 511
511 511 280 -274
-512 -512 -512 -362
511 511 511 511
511 511 511 511
511 511 -503 -512
-512 -512 -512 -512
-512 -512 -429 336
511 511 511 511
511 511 511 511
445 192 40 -50
511 511 511 511
511 511 511 511
511 511 511 61
-512 -512 -512 -512
-512 -512 -512 -512
-512 68 511 511
511 511 511 511
511 511 511 253
