0 0 0 0
0 0 0 0
-1 -1 -1 -1
-1 -1 0 0
-2 -3 -3 -2
-2 -1 -1 0
-4 -5 -4 -4
-3 -2 -1 -1
-6 -7 -6 -6
-5 -3 -2 -1
-8 -9 -8 -7
-6 -4 -3 -1
-9 -11 -10 -9
-8 -5 -3 -2
-11 -12 -11 -10
-9 -6 -4 -2
-11 -12 -12 -11
-9 -6 -4 -2
-11 -12 -11 -10
-8 -6 -4 -2
-10 -11 -10 -9
-8 -5 -3 -1
-9 -10 -9 -8
-6 -4 -3 -1
-8 -8 -7 -6
-5 -3 -2 -1
-6 -7 -6 -5
-3 -2 -1 0
-5 -6 -5 -4
-3 -1 -1 0
-5 -5 -4 -3
-2 -1 0 0
-4 -5 -4 -3
-2 -1 0 0
-4 -5 -4 -3
-2 -1 0 0
-4 -5 -4 -3
-2 -1 0 0
-4 -5 -4 -4
-3 -1 0 0
-4 -5 -5 -4
-3 -2 -1 0
-4 -5 -5 -4
-4 -2 -1 0
-4 -5 -5 -5
-4 -3 -1 0
-4 -4 -5 -5
-4 -3 -2 -1
-3 -4 -4 -4
-4 -3 -2 -1
-3 -3 -4 -4
-4 -4 -2 -1
-2 -3 -4 -4
-4 -4 -3 -1
-2 -3 -3 -4
-4 -4 -3 -1
-2 -3 -3 -4
-4 -4 -3 -2
-2 -2 -3 -3
-4 -4 -3 -2
-2 -3 -3 -4
-4 -4 -3 -2
-2 -2 -3 -3
-4 -4 -3 -2
