-512 -178 183 -11
-512 -512 -512 -512
-512 -512 -512 -512
-512 -259 511 511
511 511 511 511
-169 -512 -512 -512
-419 511 511 511
511 511 511 511
511 511 511 511
511 511 511 511
511 511 511 -299
-512 -512 -512 -512
511 511 511 511
511 511 511 511
-369 -512 -512 -512
-512 -512 -512 -363
-512 -158 383 511
511 511 511 511
511 511 511 511
511 511 511 511
511 511 511 511
511 511 511 511
511 511 511 511
511 511 511 511
511 511 511 511
511 511 511 511
511 511 -512 -512
-512 -512 -512 -512
511 511 511 511
511 511 511 -512
-512 -512 -512 -512
-512 15 511 511
