511 511 511 511
511 511 511 511
182 -512 -512 -512
-512 -512 -512 -512
-512 -512 -512 -512
-512 -512 -512 -512
-512 -405 266 511
511 511 511 511
-512 -512 -512 -512
-512 -512 -512 -512
-512 341 511 511
511 511 511 511
511 511 511 484
-504 -512 -512 -512
-512 -512 -512 -512
-512 -512 -263 -76
-88 -185 -276 -365
-439 -489 -512 -512
-482 -392 -246 -29
218 502 511 511
511 511 511 511
511 511 511 511
511 511 511 341
-26 -322 -512 -512
511 511 511 511
511 511 511 511
511 511 511 511
511 511 511 511
511 511 511 511
511 511 511 511
511 511 511 405
-512 -512 -512 -512
