-1 -4 -7 -9
-11 -12 -12 -11
-1 -4 -7 -9
-11 -12 -12 -12
-1 -4 -7 -10
-11 -12 -13 -12
-1 -4 -7 -10
-12 -13 -13 -12
-1 -4 -7 -10
-12 -13 -13 -12
-1 -4 -7 -9
-11 -12 -12 -12
-1 -4 -6 -8
-10 -11 -11 -11
-1 -3 -5 -7
-8 -9 -9 -9
-1 -2 -4 -5
-6 -6 -7 -6
-1 -2 -2 -3
-4 -4 -4 -4
0 -1 -1 -2
-2 -2 -2 -1
0 0 0 -1
-1 0 0 0
0 0 0 0
0 1 1 1
0 0 0 1
1 1 1 2
0 0 1 1
1 1 1 1
0 1 1 0
0 0 0 1
1 1 1 0
0 -1 0 0
1 1 1 0
-1 -1 -1 -1
1 1 1 0
-1 -2 -2 -2
1 1 1 0
-1 -2 -2 -2
1 1 1 0
-1 -2 -3 -3
1 1 1 1
0 -1 -2 -3
1 1 1 1
0 -1 -2 -3
1 1 2 1
1 -1 -2 -2
1 1 2 2
1 0 -1 -2
1 1 2 2
1 0 -1 -2
1 1 1 2
1 0 -1 -1
0 1 1 1
1 0 0 -1
0 1 1 1
1 0 0 -1
0 0 1 1
1 0 0 -1
0 0 0 0
0 0 0 0
0 0 0 0
0 0 0 0
