-512 -512 -512 -512
-512 -512 -512 -512
-512 -512 -512 -512
-512 -506 -512 -512
-512 -512 -512 -512
-512 -512 -512 -512
-493 -102 267 511
511 511 511 511
-512 -512 -512 -512
-512 -512 -512 -512
-512 -512 -512 -385
-185 -217 -471 -512
-512 -512 -512 -512
-512 -512 -512 -512
-512 -106 511 511
511 511 511 511
-512 -512 -512 -512
-512 -512 -512 -512
-512 -112 511 511
511 511 267 -512
-512 -512 -512 -512
-512 -512 -512 -512
-512 -78 511 511
511 511 511 511
-512 -512 -512 -512
-512 -512 -512 -512
279 511 511 511
511 511 511 -250
-512 -512 -512 -512
-512 -512 -512 -512
-512 200 511 511
511 366 70 -133
-512 -512 -512 -512
-512 -512 -512 511
511 511 511 511
511 511 511 -273
-512 -512 -512 -512
-512 -512 -512 -512
-25 290 231 -165
-512 -512 -512 -512
-512 -512 -512 -512
-512 -512 511 511
511 511 511 511
511 511 464 -512
-512 -512 -512 -512
-512 -512 -512 -312
113 112 -328 -512
-512 -512 -512 -512
-512 -512 -512 -512
-512 269 511 511
511 511 511 511
511 511 -512 -512
-512 -512 -512 -512
-512 -512 -512 -512
-512 -512 -512 -512
-512 -512 -512 -512
-512 -512 -512 -512
-425 511 511 511
511 511 511 511
439 -512 -512 -512
-512 -512 -512 -512
-512 -512 -512 -512
-512 -512 -512 -512
-512 -512 -512 -512
-512 -512 -512 -512
463 511 511 511
511 511 423 -512
-512 -512 -512 -512
-512 -512 -512 -512
-512 -512 -512 -512
-512 -512 -512 -512
-512 -512 -512 -512
-512 -512 -476 63
511 511 511 511
184 -512 -512 -512
-512 -512 -512 -512
-512 -512 -512 -512
-512 -512 -512 -512
-421 -512 -512 -512
-512 -512 -512 -512
-512 -487 -245 6
184 211 -51 -442
-512 -512 -512 -512
-512 -512 -512 -512
-512 -512 -512 -512
-512 -512 -512 -512
-512 -512 -512 -512
-512 -418 -321 -278
-512 -512 -411 -212
-93 -85 -325 -512
-512 -512 -512 -512
-512 -512 -512 -512
-512 -512 -512 -512
-512 -512 -512 -512
-512 -512 -512 -340
130 511 511 511
-239 -65 186 477
511 511 511 511
209 -328 -512 -512
-512 -512 -512 -512
-512 -512 -512 -512
-512 -512 -512 -512
-512 -512 -512 131
511 511 511 511
511 511 511 511
511 511 511 511
511 511 511 189
-512 -512 -512 -512
-512 -512 -512 -512
-512 -512 -512 -512
-512 -390 335 511
511 511 511 511
511 511 511 511
511 511 511 511
511 511 511 511
511 -512 -512 -512
-512 -512 -512 -512
-512 -512 -512 -355
327 511 511 511
511 511 511 511
511 511 511 511
511 511 511 511
511 511 511 511
511 0 -512 -512
-512 -512 -512 -512
-512 -512 77 511
511 511 511 511
511 511 511 511
