511 511 511 511
511 511 511 511
511 511 511 511
511 511 511 511
511 511 511 511
511 511 441 125
-101 -204 -225 -129
17 181 321 426
511 511 511 511
511 511 511 511
511 511 511 511
511 511 511 511
511 511 511 511
511 511 511 511
511 189 -143 -291
-353 -347 -313 -257
445 389 336 279
253 253 370 511
511 511 511 511
511 511 511 511
511 511 511 511
511 511 511 511
511 511 511 511
511 260 85 8
-432 -467 -481 -498
-506 -511 -462 -393
-258 -64 253 511
511 511 511 511
511 511 511 511
511 511 511 511
511 511 511 511
511 511 511 511
-512 -512 -512 -512
-512 -512 -512 -512
-512 -512 -512 -474
-343 -172 5 173
324 483 511 511
511 511 511 511
511 511 511 433
49 -312 -512 -512
-512 -512 -512 -512
-512 -512 -512 -512
-512 -512 -512 -512
-512 -512 -512 -512
-491 -375 -285 -201
-132 -12 70 166
128 -4 -352 -512
-512 -512 -512 -512
-512 -512 -512 -512
-512 -512 -512 -512
-512 -512 -512 -512
-512 -512 -512 -439
19 474 511 511
511 511 511 511
511 511 511 105
-512 -512 -512 -512
-512 -512 -512 -512
-512 -512 -512 -512
-512 -512 -512 -512
-512 -512 -512 -512
-251 293 511 511
511 511 511 511
511 511 511 511
511 511 511 511
-452 -512 -512 -512
-512 -512 -512 -512
-512 -512 -512 -512
-512 -512 -512 -512
-512 -512 -467 -198
100 511 511 511
511 511 511 511
511 511 511 511
-512 -512 -512 -512
-512 -432 -85 343
511 511 511 511
511 511 511 511
212 -138 -461 -512
-512 -512 -62 511
511 511 511 511
511 511 511 511
-512 -512 -512 -512
-512 -512 -512 102
511 511 511 511
511 511 511 511
511 511 511 511
511 511 505 511
511 511 511 511
511 511 511 511
-353 -512 -512 -512
-512 -512 -512 -512
-512 -42 511 511
511 511 511 511
511 511 511 511
511 511 511 511
511 511 511 511
511 511 511 511
511 511 511 511
436 -458 -512 -512
-512 -512 -512 -512
-512 -73 511 511
511 511 511 511
511 511 511 511
511 511 511 511
511 511 511 413
511 511 511 511
511 511 511 -181
-512 -512 -512 -512
-512 -512 -512 -512
-48 511 511 511
511 511 511 511
511 511 511 511
511 511 511 511
511 511 511 511
511 511 511 511
511 511 511 17
-512 -512 -512 -512
-512 -512 -512 -103
511 511 511 511
511 511 511 511
511 511 511 511
511 511 511 511
511 511 511 511
511 511 511 511
511 455 -512 -512
-512 -512 -512 -512
-512 -512 -512 -7
511 511 511 511
511 511 511 511
