1 1 1 0
0 0 0 0
2 3 1 0
0 0 0 0
3 4 2 1
0 0 0 0
3 5 4 2
0 0 0 0
3 5 5 3
1 0 0 0
3 5 6 4
1 0 0 0
2 5 6 5
2 1 0 0
1 5 7 6
3 1 0 -1
0 4 7 7
4 2 0 0
-1 3 6 7
5 3 0 0
-2 1 5 7
6 3 1 0
-3 0 3 6
7 4 1 0
-3 -2 2 6
7 5 2 0
-3 -3 0 4
6 5 2 0
-4 -4 -1 3
6 6 3 1
-4 -5 -3 1
5 5 3 1
-4 -6 -5 -1
3 5 4 1
-4 -6 -6 -3
1 4 4 2
-4 -6 -7 -5
-1 3 4 2
-4 -6 -8 -6
-3 1 3 2
-4 -6 -8 -8
-5 -1 2 2
-4 -5 -8 -8
-7 -2 1 2
-4 -5 -7 -9
-9 -4 0 2
-4 -5 -6 -9
-10 -7 -2 1
-4 -4 -6 -9
-11 -8 -4 0
-5 -4 -5 -8
-11 -10 -5 -1
-5 -4 -5 -8
-11 -10 -7 -2
-4 -4 -4 -6
-10 -11 -8 -3
-4 -4 -4 -5
-9 -10 -9 -4
-3 -4 -3 -4
-7 -10 -10 -5
-3 -4 -3 -4
-6 -10 -10 -5
-3 -4 -3 -3
-6 -9 -10 -6
