0 0 1 1
1 2 2 2
2 2 2 2
2 2 1 1
0 0 -1 -1
-2 -2 -2 -3
-3 -3 -3 -3
-3 -3 -3 -3
0 1 1 1
2 2 2 3
3 3 3 3
3 2 2 1
0 0 -1 -2
-2 -3 -3 -4
-4 -5 -5 -5
-5 -5 -5 -5
0 1 1 2
2 3 3 3
4 4 4 4
3 3 2 1
1 0 -1 -2
-3 -4 -5 -6
-7 -7 -8 -8
-8 -8 -8 -8
0 1 1 1
2 3 3 4
4 4 4 4
4 4 3 2
1 0 -1 -3
-4 -6 -7 -8
-10 -11 -11 -12
-12 -12 -12 -12
0 0 0 1
1 2 3 3
4 5 5 5
5 5 5 4
3 2 0 -2
-3 -5 -7 -9
-10 -12 -13 -13
-14 -14 -14 -14
0 0 0 0
0 1 2 2
3 4 4 5
5 5 5 5
5 4 3 1
0 -2 -3 -5
-7 -8 -9 -10
-11 -12 -12 -12
0 0 -1 0
0 0 0 1
1 2 3 3
4 4 5 5
5 5 4 3
3 2 1 0
-2 -3 -4 -5
-6 -7 -7 -7
0 0 0 0
0 0 0 0
0 1 1 1
2 2 2 2
3 3 3 3
3 2 2 1
1 0 0 -1
-1 -2 -2 -2
