511 511 511 511
511 511 511 511
511 -127 -512 -512
-512 -512 -110 109
511 511 511 511
511 511 511 511
511 511 -377 -512
-512 -512 -512 -385
511 511 511 511
511 511 511 511
511 511 511 275
-512 -512 -512 -512
126 145 263 511
511 511 511 511
511 511 511 511
460 -474 -512 -512
-512 -512 -512 -512
-254 176 511 511
511 511 511 511
334 -339 -512 -512
-512 -512 -512 -512
-512 -512 -278 16
201 252 226 74
-443 -512 -512 -512
-512 -512 -512 -512
-512 -512 103 511
511 511 511 511
183 -512 -512 -512
-512 -512 -512 -512
-512 -512 -147 511
511 511 511 511
511 511 -226 -505
-157 -339 -512 -450
-340 -175 154 511
511 511 511 511
511 511 511 511
-282 -100 369 511
511 511 511 511
511 511 511 511
511 511 511 511
-512 -512 -156 511
511 511 511 511
511 511 511 511
511 511 511 511
192 -266 -504 61
511 511 511 511
511 511 511 199
-375 -80 365 444
511 511 198 -512
-512 -147 511 511
511 511 511 511
-6 -512 -512 -512
511 511 511 -150
-512 -512 -512 511
511 511 511 511
511 511 -209 -383
511 511 511 511
511 -512 -512 -512
-332 511 511 511
511 511 511 153
511 511 511 511
511 511 -512 -512
-512 -512 -367 511
511 511 511 511
