-512 -512 -512 -512
-512 -512 -512 -512
-71 511 511 511
511 -213 -512 -512
-512 -512 -512 -512
-512 -512 -512 -512
-512 190 511 511
511 511 337 122
-512 -512 -512 -512
-512 -512 -67 511
511 511 511 511
511 511 -512 -512
-512 -512 -512 -512
-512 -512 -512 -512
-300 18 -16 -400
-512 -512 -512 -512
-512 -512 -512 -512
-512 511 511 511
511 511 511 511
511 488 -512 -512
-512 -512 -512 -512
-512 -512 -512 -512
-512 -512 -512 -512
-512 -512 -512 -512
-512 -512 -179 511
511 511 511 511
511 511 511 -512
-512 -512 -512 -512
-512 -512 -512 -512
-512 -512 -512 -512
-512 -512 -512 -512
-512 -512 -512 -512
511 511 511 511
511 511 257 -512
-512 -512 -512 -512
-512 -512 -512 -512
-512 -512 -512 -512
-512 -512 -512 -512
-512 -512 -512 -512
-512 -512 -512 -512
511 511 511 511
437 -11 -512 -512
-512 -512 -512 -512
-512 -512 -512 -512
-512 -512 -512 -512
-512 -512 -512 -512
-512 -512 -512 -180
453 511 511 511
511 511 511 511
511 511 511 511
511 511 384 -223
-512 -512 -512 -512
-512 -512 -512 -512
-512 -512 -512 -512
-512 -214 511 511
511 511 511 511
511 511 511 511
511 511 511 511
511 511 511 511
511 66 -512 -512
-512 -512 -512 -512
-512 -399 219 511
511 511 511 511
511 511 511 511
