-512 -102 511 511
511 511 511 511
511 511 511 -36
-512 -456 -264 -77
-512 -161 511 511
511 511 511 511
511 511 511 511
-41 -271 -291 -155
-489 -313 200 511
511 511 511 511
511 511 511 511
511 120 -268 -249
-238 -245 -60 491
511 511 511 511
511 511 511 511
511 511 -150 -307
-512 -512 -512 -512
-25 511 511 511
511 511 511 511
511 511 -221 -425
-512 -512 -512 -512
-512 -512 511 511
511 511 511 511
511 511 47 -317
-512 -512 -512 -512
-512 -512 -512 322
511 511 511 511
511 511 511 -27
-512 -512 -512 -512
-512 -512 -512 -512
334 511 511 511
511 511 511 272
-512 -512 -512 -512
-512 -512 -512 -512
-321 511 511 511
511 511 511 423
-512 -512 -512 -512
-512 -512 -512 -512
-361 511 511 511
511 511 511 389
-512 -512 -512 -512
-512 -512 -512 -306
509 511 511 511
511 511 511 400
-512 -512 -512 -512
-512 -512 -264 511
511 511 511 511
511 511 511 511
-512 -512 -512 -512
-512 -512 286 511
511 511 511 511
511 511 511 511
511 511 -81 -512
-512 -248 511 511
511 511 511 511
511 511 511 511
511 511 511 349
35 251 511 511
511 511 511 511
511 511 511 511
511 511 511 511
503 511 511 511
511 511 511 511
511 511 511 511
511 511 511 511
511 511 511 511
511 511 511 511
511 511 511 511
511 511 511 511
511 511 511 433
-119 -154 449 511
511 511 511 511
511 511 511 511
511 511 511 511
-152 -512 -512 -122
511 511 511 511
511 511 511 511
511 511 511 511
511 -480 -512 -512
-512 117 511 511
511 511 511 511
511 511 511 511
511 261 -512 -512
-512 -512 -512 -512
511 511 511 511
511 511 511 511
511 511 -228 -512
-512 -512 -512 -512
511 511 511 511
-512 -512 -162 511
511 511 511 -512
-512 -512 -512 -512
511 511 511 511
-512 -512 -512 -441
511 511 511 191
-512 -512 -512 -512
511 511 511 511
-512 -512 -512 -512
-33 511 511 511
-108 -512 -512 -512
511 511 511 511
-512 -512 -512 -512
-512 451 511 511
511 -512 -512 -512
511 511 511 511
447 -512 -512 -512
-512 -512 506 511
511 345 -430 -512
511 511 511 511
511 -512 -512 -512
-512 -512 -512 511
511 511 511 63
511 511 511 511
511 394 -512 -512
-512 -512 -512 135
511 511 511 501
511 511 511 511
511 511 -512 -512
-512 -512 -512 -512
511 511 511 439
511 511 511 511
511 511 -383 -512
-512 -512 -512 -512
115 511 511 304
256 511 511 511
511 511 -43 -512
-512 -512 -512 -512
-70 268 310 159
