-512 340 511 511
-512 -512 -512 -512
-512 511 511 511
-512 -512 -512 -512
511 511 511 511
-512 -512 -512 -512
511 511 511 -107
-512 -512 -512 -512
511 511 511 34
-512 -512 -512 -512
511 511 511 -512
-512 -512 -512 511
511 511 511 -512
-512 -512 511 511
511 511 511 -512
-137 511 511 511
511 511 112 150
511 511 511 511
511 393 181 511
511 511 511 511
511 283 511 511
511 511 511 -55
511 511 511 511
511 511 511 -512
511 511 511 511
511 511 511 -512
511 511 511 511
511 511 129 -512
511 511 511 511
511 484 -501 -512
511 511 511 511
511 -512 -512 -391
511 511 511 511
-512 -512 -253 511
121 511 511 -72
-512 -512 511 511
-512 -126 276 -512
-512 -512 511 511
-512 -512 68 -512
-512 -371 511 511
-512 -472 199 -231
-512 251 511 511
-512 -107 489 289
54 511 511 511
-106 344 511 511
511 511 511 511
469 511 511 511
511 511 511 511
511 511 511 511
511 511 511 511
511 511 511 511
511 511 511 -266
511 511 511 511
511 511 511 -512
511 511 511 511
511 511 511 -512
511 511 511 511
511 511 269 -512
59 511 511 511
511 511 -446 -172
-467 511 511 511
511 -128 -512 511
-512 511 511 511
511 -512 -512 511
