-512 -512 511 -512
-512 -512 511 511
-512 -512 511 -512
-512 -512 511 -364
-512 -512 511 -512
-512 -512 -14 -512
-512 511 511 -512
-512 -512 -512 -512
-512 511 511 -512
-512 -512 -512 -512
-449 511 511 -512
-512 -512 -512 -512
511 511 -237 -512
-512 -512 -512 -512
511 511 -512 -512
-512 -512 -512 -512
511 505 -512 -512
-512 -512 -512 -183
511 43 -512 -512
-512 -512 -512 511
511 511 -512 -512
-512 -512 239 511
511 511 511 75
-512 -512 511 511
511 511 511 511
-110 -422 511 511
511 511 511 511
-17 168 511 511
511 511 511 511
511 511 511 511
511 511 511 511
511 511 511 511
