119 376 511 511
511 511 511 511
511 511 511 511
511 511 511 511
511 511 453 -512
-512 -512 -512 -512
-512 -512 133 511
511 511 511 511
43 102 193 358
511 511 511 511
511 511 511 511
511 414 -188 -512
-512 -512 -512 -512
-512 -512 -512 -512
-512 -512 -512 -512
-512 -512 -512 -512
169 191 167 -92
-475 -512 -512 -512
-512 -512 -512 -512
-512 -512 -512 -512
-512 259 511 511
511 511 511 511
511 511 -512 -512
-512 -512 -512 -512
-75 -224 -375 -512
-512 -512 -512 -512
-512 -512 -512 -512
-512 -512 -512 -512
-512 79 511 511
511 511 511 511
511 146 -512 -512
-512 -512 -512 -512
