53 511 511 511
511 301 -512 -512
-512 -512 -512 -512
-512 -512 -512 -512
511 511 511 511
-221 -512 -512 -512
-512 -512 -512 -512
165 511 511 511
511 511 511 511
511 511 511 511
511 511 511 511
511 511 94 -472
511 511 511 511
511 511 511 511
511 511 -28 -512
-512 -512 -512 -512
-119 28 254 432
391 102 -369 -512
-512 -512 -512 -15
511 511 511 511
410 511 511 511
511 511 511 511
511 511 511 511
511 511 511 511
511 511 511 511
511 511 511 511
511 511 511 511
511 -352 -512 -512
511 511 511 511
511 511 511 511
511 511 -512 -512
-512 -512 -512 -92
