-512 -512 -512 -512
-512 -512 -512 -406
478 511 511 -303
-512 -512 -512 -512
-512 -512 -512 -512
-512 491 511 511
511 511 511 511
511 511 101 -39
-512 -512 -512 -512
-512 -512 -512 452
511 511 511 -181
-512 -512 -512 -512
-512 -512 -512 -512
-512 318 511 511
511 511 511 511
295 -207 -436 -312
-512 -512 -512 -512
-512 -512 511 511
511 511 511 -142
-512 -512 -512 -512
-512 -512 -512 -512
-512 -63 511 511
511 511 292 -445
-512 -512 -512 -512
-512 -512 -512 -512
-512 511 511 511
511 511 511 159
-512 -512 -512 -512
-512 -512 -512 -512
-512 -512 187 511
424 -46 -512 -512
-512 -512 -512 -512
-512 -512 -512 -512
511 511 511 511
511 511 511 -512
-512 -512 -512 -512
-512 -512 -512 -512
-512 -512 -345 -116
-284 -512 -512 -512
-512 -512 -512 -512
-512 -512 -163 511
511 511 511 511
511 505 -512 -512
-512 -512 -512 -512
-512 -512 -512 -512
-512 -77 221 45
-470 -512 -512 -512
-512 -512 -512 -512
511 511 511 511
511 511 511 511
-512 -512 -512 -512
-512 -512 -512 -512
-512 -512 -512 -512
153 511 511 511
-33 -512 -512 -512
-512 -512 -512 -377
511 511 511 511
511 511 -323 -512
-512 -512 -512 -512
-512 -512 -512 -512
-512 -512 -512 -76
506 511 511 98
-368 -512 -512 -512
-512 -354 -157 -56
511 511 511 511
499 -512 -512 -512
-512 -512 -512 -512
-512 -512 -512 -512
-512 -512 -72 449
511 511 466 198
27 -8 190 482
511 511 511 449
511 511 511 511
387 -512 -512 -512
-512 -512 -512 -512
-512 -512 -512 -512
-512 -291 239 511
511 511 511 511
511 511 511 511
511 511 511 511
511 511 511 511
511 348 -512 -512
-512 -512 -512 -512
-512 -512 -512 -512
-512 -342 -55 143
354 511 511 511
511 511 511 511
511 511 511 511
511 511 511 511
511 511 511 511
511 385 130 -20
-146 -234 -333 -396
-450 -475 -426 -300
-60 317 511 511
511 511 511 511
511 511 511 511
511 511 511 511
511 511 511 511
511 511 511 511
511 511 89 -237
-477 -512 -512 -368
-44 395 511 511
511 511 511 511
511 511 511 511
511 511 511 511
511 511 511 511
511 511 511 511
511 402 -97 -381
-512 -512 -424 -160
179 511 511 511
511 511 511 511
511 511 511 407
511 511 511 511
511 511 511 511
511 511 511 511
511 511 318 165
107 189 348 511
511 511 511 511
511 511 511 511
391 246 130 29
511 511 511 511
511 511 511 511
511 511 511 511
511 511 511 495
509 511 511 511
511 511 511 511
511 489 298 89
-45 -111 -115 -89
