-512 511 511 -131
-512 -512 -512 -512
-374 511 511 -512
-512 -512 -512 -512
511 511 289 -512
-512 -512 -512 -512
511 511 -449 -512
-512 -512 -512 -512
511 511 -261 -512
-512 -512 -512 -338
511 511 -512 -512
-512 -512 -427 511
511 511 -512 -512
-512 -111 511 511
511 511 -428 -512
455 511 511 511
511 511 363 511
511 511 511 511
511 511 511 511
511 511 511 511
511 511 511 511
511 511 511 -512
511 511 511 511
511 511 -47 -512
511 511 511 511
511 511 -512 -512
511 511 511 511
511 287 -512 -512
511 511 511 511
346 -512 -512 -512
511 511 511 445
-512 -512 -512 -512
511 511 511 -323
-512 -512 -188 511
416 511 387 -512
-512 -512 511 511
-484 179 232 -512
-512 -89 511 511
-512 120 431 -222
-512 506 511 511
-512 438 511 234
-81 511 511 511
86 511 511 511
511 511 511 511
511 511 511 511
511 511 511 511
511 511 511 511
511 511 511 511
511 511 511 511
511 511 511 511
511 511 511 511
511 511 511 -512
511 511 511 511
511 511 11 -512
511 511 511 511
511 511 -512 -512
511 511 511 511
511 511 -512 -512
511 511 511 511
511 -512 -512 -512
511 511 511 511
511 -512 -512 307
511 511 511 511
420 -512 -512 511
