-11 -12 -12 -11
-9 -6 -4 -2
-11 -13 -12 -11
-9 -6 -4 -2
-12 -13 -13 -11
-9 -7 -4 -2
-12 -14 -13 -12
-10 -7 -4 -2
-12 -14 -13 -12
-10 -7 -4 -2
-12 -13 -12 -11
-9 -6 -4 -2
-10 -11 -11 -10
-8 -6 -3 -2
-9 -10 -9 -8
-7 -5 -3 -1
-6 -7 -7 -6
-5 -3 -2 -1
-4 -4 -4 -4
-3 -2 -1 0
-2 -2 -2 -2
-1 -1 0 0
0 -1 0 0
0 0 0 0
1 1 1 1
1 1 1 0
1 1 1 1
1 1 1 1
1 1 1 1
1 1 1 0
1 1 0 0
0 0 0 0
1 0 0 0
-1 -1 0 0
0 0 -1 -1
-1 -1 -1 0
0 0 -1 -2
-2 -2 -1 0
0 0 -1 -2
-2 -2 -2 -1
0 0 -1 -2
-2 -2 -2 -1
0 0 -1 -2
-2 -2 -2 -1
1 0 0 -1
-2 -2 -2 -1
1 1 0 -1
-2 -2 -2 -1
1 1 0 0
-1 -2 -2 -1
1 1 1 0
-1 -2 -2 -1
1 1 1 0
-1 -1 -2 -1
1 1 1 0
-1 -1 -1 -1
1 1 1 0
0 -1 -1 -1
1 1 0 0
0 -1 -1 0
0 0 0 0
0 0 0 0
0 0 0 0
0 0 0 0
