-512 511 511 -466
-512 -512 -512 -512
511 511 -134 -512
-512 -512 -512 -512
511 511 -512 -512
-512 -512 -512 511
511 511 -512 -512
-512 511 511 511
511 511 511 511
511 511 511 511
511 511 511 511
511 511 419 -512
511 511 511 511
511 511 -512 -512
511 511 511 511
-242 -512 -512 -512
511 511 511 -499
-512 -512 370 511
-512 117 303 -451
-512 110 511 511
-333 511 511 511
365 511 511 511
511 511 511 511
511 511 511 511
511 511 511 511
511 511 511 -363
511 511 511 511
511 511 -284 -512
511 511 511 511
511 230 -512 -512
511 511 511 511
511 -512 -512 511
