-512 -512 -512 -512
-512 -512 -512 -512
-512 -428 378 511
511 511 511 511
511 511 511 511
511 511 511 34
-512 -512 -512 -512
-512 -512 -512 -512
-512 -512 -512 -512
-512 -512 -512 -512
-512 -129 511 511
511 511 511 511
511 511 511 330
-476 -512 -512 -512
-512 -512 -512 89
511 511 511 511
511 511 511 511
511 511 511 511
511 511 511 511
511 511 511 511
511 511 511 511
511 511 511 511
511 511 511 437
-501 -512 -512 -512
511 511 511 511
511 511 511 511
511 511 511 -96
-512 -512 -512 -512
-512 -512 -512 -235
214 511 511 511
511 419 18 -437
-512 -512 -512 -512
