511 511 511 511
511 511 511 511
511 511 511 511
511 511 511 511
511 511 511 511
511 511 511 511
511 141 -169 -298
-344 -325 -281 -220
-184 -227 -256 -292
-317 -337 -295 -227
-82 129 472 511
511 511 511 511
511 511 511 511
511 511 511 511
511 511 511 511
511 511 511 511
-512 -512 -512 -512
-512 -512 -512 -512
-512 -512 -512 -512
-512 -512 -512 -512
-498 -414 -349 -282
-218 -101 -13 92
77 -25 -325 -512
-512 -512 -512 -512
-512 -512 -512 -512
-512 -512 -512 -512
-512 -512 -512 -512
-512 -512 -512 -512
-72 491 511 511
511 511 511 511
511 511 511 511
511 302 -169 -468
-512 -512 -512 -512
-512 -391 -190 97
330 511 511 511
511 379 156 -49
-302 -512 -512 -512
-512 -406 184 511
511 511 511 511
511 511 511 511
-512 -512 -512 -512
-512 -512 -512 -512
70 511 511 511
511 511 511 511
511 511 511 511
511 511 511 511
511 511 511 511
511 511 511 511
511 511 511 511
511 511 -114 -512
-512 -512 -512 -512
-512 -512 -512 188
511 511 511 511
511 511 511 511
511 511 511 511
511 511 511 511
511 511 511 511
511 511 511 511
511 511 511 511
511 -158 -512 -512
-512 -512 -512 -512
-512 -483 247 511
511 511 511 511
511 511 511 511
