0 0 0 0
0 0 0 -1
0 0 0 1
1 0 -1 -1
0 0 0 1
1 0 -1 -2
0 0 1 1
1 0 -2 -2
0 1 1 1
1 0 -2 -2
1 1 2 1
1 0 -2 -2
1 2 2 1
0 -1 -2 -1
1 2 2 1
0 -1 -1 0
1 1 1 1
0 0 0 1
1 1 1 0
0 1 1 3
1 1 0 0
1 2 3 4
1 1 1 1
2 3 5 6
1 1 1 2
3 5 6 6
1 1 2 3
5 7 7 7
1 1 2 4
7 8 8 8
1 2 4 6
8 9 9 7
2 3 5 7
9 10 9 7
2 4 6 8
10 10 9 6
3 5 7 9
11 10 8 5
3 6 8 10
11 10 7 4
4 7 9 10
10 9 6 3
5 7 9 10
10 8 5 3
5 8 10 10
9 7 4 2
6 8 9 9
8 6 3 1
6 8 9 8
7 4 2 0
6 7 8 7
5 4 2 0
6 7 7 6
4 3 1 -1
5 6 5 5
3 2 0 -1
4 5 4 4
2 1 0 -2
4 4 3 3
1 1 0 -2
3 3 3 2
1 0 -1 -2
3 3 3 2
0 0 -1 -2
