511 511 188 -512
511 511 -16 -512
33 511 -439 -512
-512 511 -512 -512
-512 511 -512 -512
-512 511 -512 -512
-512 511 -512 -512
-512 511 -512 -512
-512 511 -512 -169
-512 511 -512 321
-512 511 -512 511
-512 511 -512 511
492 511 -512 511
511 511 -512 511
511 511 -303 -136
511 511 274 -512
511 511 511 -512
511 511 511 -512
511 120 511 -512
511 -187 511 -512
511 -381 511 -512
511 -512 511 -512
511 -512 511 -512
511 -512 511 -512
511 -512 511 -512
511 -512 256 -512
511 -512 -317 -403
447 -512 -512 -11
-79 -512 -512 207
-435 -512 -512 320
-411 -512 -512 271
-284 -512 -401 193
