70 -32 -341 -512
-512 -512 -512 -512
-512 -512 -512 -512
-512 -512 -512 -512
-512 -512 -512 -512
-512 -512 -512 -512
-512 -512 -512 105
511 511 511 511
-512 -512 -512 -512
-512 -512 -512 -512
-512 -512 -512 61
511 511 511 511
-211 -512 -512 -512
-512 -512 -512 -512
-512 -512 -345 77
163 37 -253 -367
-512 -512 -512 -512
-512 -512 -512 -512
-512 385 511 511
511 511 511 511
252 -512 -512 -512
-512 -512 -512 -512
-257 -12 -213 -512
-512 -512 -512 -512
-512 -512 -512 -512
-512 -512 -512 -199
511 511 511 511
511 511 511 106
-512 -512 -512 -512
-512 -512 -512 -512
-512 -512 -512 -512
-512 -512 -512 -512
-512 -512 -512 -512
-209 511 511 511
511 511 511 511
511 -512 -512 -512
-512 -512 -512 -512
-512 -512 -512 -512
-512 -512 -512 -512
-512 -512 -512 -512
-70 -28 162 494
511 511 511 511
511 511 511 -180
-512 -512 -512 -512
-512 -512 -512 -512
-512 -512 -512 -512
-512 -512 -512 -512
-512 -512 -437 -228
-152 -146 -6 371
511 511 511 511
511 511 511 511
511 511 -176 -512
-512 -512 -512 -512
-512 -512 -512 -512
-512 -512 -512 -199
511 511 511 511
16 250 511 511
511 511 511 511
511 511 511 511
511 511 511 511
-42 -512 -512 -512
-512 -512 -512 99
511 511 511 511
511 511 511 511
