-78 23 204 453
511 511 511 511
511 511 511 492
-52 -512 -512 -512
-512 -512 -512 -512
-512 -512 -512 -273
511 511 511 511
511 511 511 511
-512 -512 -512 -512
-512 -512 -512 -512
-512 -512 -512 -512
-512 -512 -512 -512
-512 -512 -512 -512
-476 -294 -137 -6
79 172 220 259
271 302 319 299
-512 -512 -512 -512
-512 -89 511 511
511 511 511 511
511 511 511 511
342 -430 -512 -512
-512 -512 -512 -512
-512 -512 -512 -512
-512 -512 -512 -512
511 511 511 511
511 511 150 -219
-512 -512 -512 -512
-512 -512 -512 -512
-512 -512 -512 -512
-512 -512 -512 -512
-512 -512 -512 -512
-512 -512 -512 -512
