-512 -512 -512 -468
45 507 511 511
511 511 511 511
511 130 -512 -512
-512 -512 -512 -512
-512 -512 -512 -512
-512 -512 -512 -512
-512 -512 -512 -512
511 511 511 511
511 511 511 364
-248 -512 -512 -512
-512 -512 -512 -512
-512 -512 -512 -512
-512 -512 -512 -512
-512 -512 -512 -512
-512 -512 -301 -32
511 511 511 511
511 511 511 511
511 511 511 511
511 511 511 511
511 511 511 511
511 511 511 511
511 511 511 493
383 292 235 214
511 511 511 511
511 511 511 511
511 511 511 511
511 511 511 511
511 511 511 283
13 -316 -512 -512
-512 -512 -512 -512
-512 -512 -512 -512
511 511 511 511
511 511 511 511
511 511 294 -55
-456 -512 -512 -512
-512 -512 -512 -512
-512 -512 -512 -512
-512 -356 114 511
511 511 511 511
511 511 511 511
511 511 511 511
511 511 511 511
511 455 213 46
-68 -74 29 254
511 511 511 511
511 511 511 511
511 511 511 511
511 511 511 511
511 511 511 511
511 511 511 511
511 511 511 511
511 511 511 511
511 511 511 511
511 511 222 -356
-512 -512 -512 -512
511 511 511 511
511 511 511 511
511 511 511 511
511 511 511 511
511 511 511 482
-270 -512 -512 -512
-512 -512 -512 -512
-445 -62 226 424
