0 0 0 0
0 0 0 0
0 0 0 0
1 1 1 1
0 0 0 0
1 1 1 1
0 0 0 1
1 2 2 1
0 0 0 1
2 2 2 1
0 0 0 1
2 2 2 1
0 0 0 1
2 2 2 1
1 1 0 1
2 2 2 1
1 1 0 1
1 2 2 1
1 1 0 0
1 2 2 2
1 1 0 0
1 2 2 1
1 1 -1 -1
0 1 2 1
1 0 -1 -2
-1 1 2 1
1 0 -1 -2
-2 0 1 1
1 0 -2 -3
-3 -2 0 1
1 0 -2 -4
-4 -3 -1 0
0 -1 -3 -5
-6 -5 -2 0
0 -1 -3 -6
-7 -6 -3 -1
0 -1 -3 -7
-8 -8 -5 -1
0 -1 -3 -7
-9 -9 -6 -2
0 -1 -3 -7
-10 -10 -7 -3
0 0 -3 -7
-11 -11 -8 -3
0 0 -2 -7
-11 -12 -9 -4
0 0 -2 -6
-11 -13 -10 -5
0 1 -1 -6
-11 -13 -11 -5
0 1 -1 -5
-10 -13 -11 -6
1 2 0 -4
-10 -13 -12 -6
1 2 1 -3
-9 -12 -12 -6
1 2 1 -3
-8 -12 -12 -7
1 2 2 -2
-8 -11 -11 -6
1 3 2 -2
-7 -11 -11 -6
1 3 2 -2
-7 -10 -11 -7
