145 371 511 511
511 511 511 511
511 511 511 511
511 511 511 511
198 485 511 511
511 511 511 511
511 511 511 511
511 511 511 511
394 511 511 511
511 511 511 511
511 511 511 511
511 511 511 511
359 511 511 511
511 511 511 511
511 273 47 12
452 511 511 511
101 265 382 511
511 402 18 -512
-512 -512 -512 -512
-229 511 511 511
108 298 421 511
511 511 428 20
-437 -512 -510 446
511 511 511 511
289 511 511 511
511 511 511 156
-181 -310 10 511
511 511 511 511
511 511 511 511
511 511 511 511
511 511 511 511
511 511 511 511
511 511 511 511
511 511 511 50
-126 5 511 511
511 511 -512 -512
511 511 511 511
271 -512 -512 -512
-512 -81 511 511
511 -512 -512 -512
-86 -293 -512 -512
-512 -512 -512 -338
511 511 511 511
511 441 -512 -512
-256 -512 -512 -512
-512 -512 -512 359
511 511 511 511
511 511 -512 -512
-396 -512 -512 -512
-512 -512 -512 -238
511 511 511 511
511 511 -512 -512
-512 -512 -512 -512
-512 -512 -512 -512
422 511 511 511
511 511 -512 -512
-512 -512 -512 -512
-512 -512 -512 -512
-512 511 511 511
511 511 511 -472
-81 -216 -512 -512
-512 -512 -512 -512
-512 -154 511 511
511 511 511 511
