-20 170 425 511
511 511 511 511
511 511 492 14
-512 -512 -512 -512
-512 -512 -512 -512
-512 -512 -512 -512
-512 -512 -512 -512
-512 -512 -512 -512
511 511 511 511
511 511 511 511
94 -464 -512 -512
-512 -512 -512 -512
-512 -512 -512 -512
-512 -512 -512 -512
-86 365 511 511
511 511 511 511
511 511 511 511
511 511 511 511
511 511 511 511
511 511 511 511
511 511 511 511
511 511 511 511
511 511 511 511
290 -98 -381 -512
511 511 511 511
511 511 511 511
511 511 511 511
511 511 511 511
511 511 511 480
173 -164 -499 -512
-512 -512 -512 -512
-512 -512 -512 -512
-138 -95 -15 94
195 309 380 443
422 358 192 6
-256 -512 -512 -512
-512 -512 -512 -512
-512 -512 -181 203
511 511 511 511
511 511 511 511
384 450 511 511
511 511 511 511
511 511 511 511
511 511 511 511
511 511 511 511
511 511 511 511
511 511 511 511
511 511 511 511
511 511 511 511
511 511 511 511
511 511 511 511
511 511 511 511
511 511 511 511
511 511 511 511
511 511 -7 -512
-512 -512 -512 -512
511 511 511 511
511 511 511 511
511 511 511 511
511 511 511 511
511 511 511 368
-403 -512 -512 -512
-512 -512 -512 -512
-512 -452 -200 -20
