-482 -512 -512 -314
-512 -512 37 410
-512 -512 -512 -496
-512 -512 100 511
-512 -512 -512 -510
-512 -512 173 511
-512 -512 -512 -271
-512 -512 255 511
-512 -512 -490 132
-512 -512 324 511
-512 -512 462 511
-512 -512 357 511
-512 -512 511 511
-512 -512 397 511
-512 -512 511 511
-512 -512 419 79
-512 -512 511 511
-512 -512 360 -512
-512 -512 511 511
-512 -512 238 -512
-512 -512 511 511
-512 -512 73 -512
-512 113 511 511
-512 -512 -176 -512
-512 511 511 511
-512 -512 -512 -512
-512 511 511 182
-512 -512 -512 -512
-512 511 511 -512
-512 -512 -512 -512
-512 511 511 -512
-512 -512 -512 -512
-512 511 511 -512
-512 -512 -512 -512
-512 511 511 -512
-512 -512 -512 -512
-512 511 -493 -512
-512 -512 -512 -512
-512 511 -512 -512
-512 -512 -512 -512
-425 465 -512 -512
-512 -512 -512 -512
-409 77 -512 -512
-512 -512 -512 -163
-472 -115 -512 -512
-512 -512 -512 470
-512 -62 -512 -512
-512 -512 -512 511
-291 406 -512 -512
-512 -512 -512 511
341 511 -328 -512
-512 -512 -512 511
511 511 511 -512
-512 -512 -270 511
511 511 511 -512
-512 -512 279 511
511 511 511 -512
-512 -512 511 511
511 511 511 -512
-512 -512 511 511
511 511 511 -512
-512 -512 511 511
511 511 511 -512
-512 -314 511 511
