177 417 511 511
511 511 511 511
511 511 511 511
511 511 511 511
227 506 511 511
511 511 511 511
511 511 511 511
511 511 511 511
303 511 511 511
511 511 511 511
511 511 511 511
511 511 511 511
390 511 511 511
511 511 511 511
511 511 511 511
511 511 511 511
452 511 511 511
511 511 511 511
511 511 511 511
511 511 511 511
365 511 511 511
511 511 402 148
27 141 487 511
511 511 511 511
228 411 439 388
178 -152 -512 -512
-512 -512 -512 -68
511 511 511 511
92 140 49 -84
-358 -512 -512 -512
-512 -512 -512 -488
511 511 511 511
21 4 -142 -292
-512 -512 -512 -512
-512 -512 -512 -131
511 511 511 511
26 22 -112 -222
-440 -512 -512 -512
-512 -512 -249 511
511 511 511 511
124 213 151 109
-38 -234 -413 -420
-188 274 511 511
511 511 511 511
220 381 369 350
222 52 -59 50
427 511 511 511
511 511 511 511
389 511 511 511
511 410 297 451
511 511 511 511
511 511 511 511
511 511 511 511
511 511 511 511
511 511 511 511
511 511 511 -29
511 511 511 511
511 511 511 511
511 511 511 511
511 511 -155 -512
511 511 511 511
511 411 59 121
511 511 511 511
511 511 -512 -512
511 511 511 511
290 -460 -512 -512
-331 487 511 511
511 -512 -512 -512
420 511 436 -4
-512 -512 -512 -512
-512 -9 511 511
511 -512 -512 -512
-38 -262 -512 -512
-512 -512 -512 -512
-512 391 511 511
511 -512 -512 -512
-207 -512 -512 -512
-512 -512 -512 -512
-512 511 511 511
511 -512 -512 -512
-291 -512 -512 -512
-512 -512 -512 -512
18 511 511 511
511 -123 -512 -512
-337 -512 -512 -512
-512 -512 -512 -512
511 511 511 511
511 511 -512 -512
-363 -512 -512 -512
-512 -512 -512 -379
511 511 511 511
511 511 -512 -512
-375 -512 -512 -512
-512 -512 -512 -357
511 511 511 511
511 511 -512 -512
-397 -512 -512 -512
-512 -512 -512 -512
511 511 511 511
511 511 -512 -512
-512 -512 -512 -512
-512 -512 -512 -512
511 511 511 511
511 511 -512 -512
-512 -512 -512 -512
-512 -512 -512 -512
463 511 511 511
511 511 -512 -512
-512 -512 -512 -512
-512 -512 -512 -512
-372 511 511 511
511 511 -512 -512
-512 -512 -512 -512
-512 -512 -512 -512
-512 24 511 511
511 511 511 -348
-512 -512 -512 -512
-512 -512 -512 -512
-512 -512 511 511
511 511 511 511
-252 -512 -512 -512
-512 -512 -512 -512
-512 -512 511 511
511 511 511 511
-57 -146 -473 -512
-512 -512 -512 -512
-512 -512 429 511
511 511 511 511
