511 511 511 511
511 511 511 511
511 511 511 511
511 511 34 -512
-512 -512 -512 -512
-512 -512 -512 -512
-512 -512 -512 -489
182 511 511 511
-512 -512 -512 -512
-512 -512 -512 -512
-512 -512 -512 -512
-512 -512 -512 -512
-512 -512 -512 -512
-512 -512 -512 -512
-512 -512 -512 -512
-512 -512 -512 -512
-512 -512 -512 -512
-512 -512 -512 -512
-512 -512 -512 -512
-512 -417 511 511
511 511 511 511
511 511 511 511
511 511 -512 -512
-512 -512 -512 -512
-512 -512 -512 -512
-512 -512 -512 -512
-512 -512 -512 -512
-504 -68 389 511
511 511 511 511
511 511 511 511
511 178 -369 -512
-512 -512 -512 -512
