33 -4 1 -22
12 18 10 17
11 20 17 -10
-7 -5 24 35
18 -6 -21 -12
13 21 12 12
-7 19 -4 -5
-5 -5 35 16
9 32 -24 12
-30 -2 17 -5
11 -21 -18 -4
-21 6 1 9
9 -2 -10 0
-10 -3 13 -11
27 -31 -13 -20
-22 26 -12 17
-11 -26 12 -26
-5 -21 -8 30
6 17 -31 -5
7 13 8 -30
0 -6 11 -19
-30 0 6 36
-8 -4 -5 0
35 -7 22 -11
-4 20 34 23
-14 -2 1 13
18 -25 19 -22
17 1 -6 31
-13 27 0 7
19 -13 21 4
1 -4 -36 12
2 13 -23 -24
20 6 -14 6
30 16 20 -5
5 23 -5 34
10 20 9 -32
14 -2 23 13
-19 12 -15 2
7 5 33 -2
-8 -5 8 23
-16 -6 1 6
4 9 -10 -19
-28 10 26 22
-17 -25 -3 23
10 -19 -16 11
36 9 -17 -28
2 15 21 3
5 -7 -7 -11
5 -16 -11 10
22 15 -33 -32
-12 -10 22 -24
9 -8 -23 -2
-32 20 3 -1
15 -14 1 -30
-30 13 9 19
-28 -28 -8 5
-25 -3 20 -4
10 -11 30 3
-18 2 -2 54
20 -2 -2 -40
10 -18 22 29
-14 0 -49 15
17 17 14 -4
26 9 -9 -18
-15 23 14 64
8 -6 -28 -11
30 4 1 -12
15 31 -6 -1
-12 41 30 9
5 -2 40 -13
-7 -32 12 35
3 -1 -48 -16
-10 -13 30 -19
1 7 10 29
-29 -5 3 24
27 -9 -16 -19
-16 -8 13 5
4 -29 -32 12
5 25 -11 -13
26 -9 15 -25
-1 -12 -33 -4
10 -9 -15 -39
2 0 -1 -16
-14 -5 1 -5
-1 0 -6 -2
-6 18 1 -11
-16 -1 19 12
-23 -5 -6 21
4 17 -12 5
-7 6 9 -17
-7 -1 16 4
-29 -22 7 36
17 -20 -31 1
21 14 -7 -22
7 -3 2 -10
-15 12 -8 8
36 -14 -2 -32
17 25 9 39
-3 26 -8 4
16 14 10 -8
0 1 12 -17
-7 -5 5 23
-1 19 5 -18
6 -19 51 18
-11 26 9 19
-36 -23 0 5
30 -23 -4 -34
-11 3 8 39
5 16 -15 -4
7 5 37 9
9 -29 -35 6
0 31 -27 -11
-2 -9 -7 -31
-14 -30 17 20
14 1 -47 -6
-4 10 9 -42
4 -19 -1 -21
-56 0 -10 36
0 -19 -16 -17
14 12 17 8
9 0 -11 -16
-28 3 -6 15
-2 -16 -9 -25
-7 -1 -2 23
-7 8 -9 -14
9 -13 24 3
10 -5 -23 -14
-6 5 16 6
18 4 -3 -1
4 14 -3 2
7 17 17 -10
-21 -9 17 41
17 -7 -25 -10
21 19 17 -9
-5 3 2 -1
-7 -3 12 9
23 -4 -20 -22
21 10 26 -10
-2 13 -1 21
-8 -3 13 -18
18 -23 -7 3
-20 18 -28 3
1 14 16 -13
-15 -1 23 28
-20 1 -6 9
-29 -8 -21 -19
-8 -34 5 -23
-7 -10 -18 19
-16 14 -6 6
19 -14 15 -18
5 -7 -17 7
-11 7 -22 -11
-24 -31 21 -8
8 -15 -26 18
-8 18 -24 3
12 9 -11 -47
-17 -6 18 -16
-26 -16 -7 12
-19 -4 7 10
36 -25 7 -25
-20 25 13 33
-10 -6 15 -15
2 -29 5 21
15 7 -14 -13
-4 13 20 33
0 -12 -12 -9
21 -8 -6 7
-4 21 -39 -16
-1 -14 -4 11
31 7 -15 -24
-1 11 15 8
12 6 -4 -17
-5 11 17 13
2 9 -6 -10
-16 15 27 24
-7 -19 -6 4
-16 -24 11 -13
9 14 -17 -10
-45 7 25 18
-12 -37 -16 7
-8 -30 -21 -1
29 -11 -36 -30
-12 27 12 -4
10 -24 8 -20
-2 0 -46 17
1 4 -23 -52
-9 -17 -2 -9
-10 4 -18 -12
-13 15 9 10
2 -2 6 -35
-1 -10 25 10
-39 -6 -21 24
-21 -7 29 -13
4 -16 25 16
-7 7 -3 33
11 -8 6 -23
12 -23 5 11
-14 5 -37 24
6 13 -2 -4
33 9 0 -22
4 9 20 29
0 -2 -26 15
30 -5 -1 -42
20 22 -7 10
-26 41 15 -14
1 -16 45 5
-18 -20 -21 21
0 -7 -16 -12
-11 3 -10 -23
-30 -12 20 16
-17 -12 -25 17
-4 -2 0 -10
8 -15 2 2
-9 -9 -13 16
30 -4 -9 -27
13 19 10 0
11 -9 -34 -18
4 -12 -5 -18
9 14 -16 -22
-32 -8 13 -1
10 -21 -27 -25
-21 22 2 -2
-18 -14 9 -6
-16 -2 11 28
23 8 -3 -16
-14 16 3 4
-2 -16 29 -33
-13 -25 5 65
-1 3 -36 -11
38 1 16 -7
-2 15 -29 -11
-22 6 15 10
29 -6 -16 -32
10 10 22 30
4 30 -22 15
3 17 22 -14
20 -10 9 -13
-20 13 1 30
11 7 14 -22
8 -3 44 27
-14 35 3 32
-34 -24 2 0
29 -15 -17 -23
-22 5 5 22
6 3 -17 -9
-7 2 28 -4
10 -48 -24 -1
-1 31 -37 -8
-6 -28 9 -39
-12 -17 -4 26
-4 -14 -21 -21
22 4 -7 -24
-20 7 12 -14
-22 -19 -1 36
-8 11 -26 -5
18 -5 25 -8
