-512 -512 -512 511
511 511 511 511
120 -512 -512 -512
-512 -512 -512 -512
-510 -423 426 511
511 511 511 511
-512 -512 -512 -512
-512 -512 -512 -512
371 511 511 511
511 511 511 157
-512 -512 -512 -512
-512 -512 -512 -512
511 511 511 511
511 511 511 156
-512 -512 -512 -512
-512 -512 -512 -148
511 511 511 511
511 511 511 144
-512 -512 -512 -512
-512 -512 334 511
511 511 511 511
511 511 511 -508
-512 -512 -512 -457
511 511 511 511
511 511 511 511
511 511 30 -512
-512 8 511 511
511 511 511 511
511 511 511 511
511 -44 -353 -119
511 511 511 511
511 511 511 511
511 511 395 -83
-377 -338 118 511
511 511 511 511
511 511 511 511
223 78 -310 -512
-374 263 511 511
511 511 511 511
511 511 511 -179
114 -34 -218 -124
500 511 511 511
511 511 511 511
511 511 -357 -512
233 298 434 511
511 511 511 511
511 511 511 511
511 489 -512 -512
443 511 511 511
511 511 511 511
511 511 511 511
511 464 -207 -512
498 511 511 511
511 511 511 511
511 511 511 511
420 190 92 28
341 511 511 511
511 511 511 511
511 511 86 -177
-71 277 511 511
37 210 511 511
511 511 511 511
50 -461 -512 -484
107 511 511 511
-373 -505 -386 -38
268 410 243 -139
-512 -512 -512 -125
511 511 511 511
-512 -512 -512 -512
-512 -249 -216 -365
-512 -512 -220 511
511 511 511 511
-512 -512 -512 -512
-512 -360 -110 -28
-30 93 511 511
511 511 511 511
-512 -512 -512 -512
-512 -10 415 511
511 511 511 511
511 511 511 511
-512 -512 -512 -512
-158 357 511 511
511 511 511 511
511 511 511 511
-171 -192 -98 65
293 511 511 511
511 511 511 511
511 511 511 511
283 511 511 511
511 511 511 511
511 511 511 511
511 511 511 511
511 511 511 511
511 511 511 511
511 511 511 511
511 511 -512 -512
511 511 511 511
511 511 511 511
511 511 511 511
511 -243 -512 -512
511 511 511 511
511 511 511 511
511 511 511 511
511 -512 -512 -512
183 266 466 511
511 511 511 511
511 511 511 511
-428 -512 -512 -512
-219 -344 -50 511
511 511 511 511
511 511 511 -511
-512 -512 -512 -512
-512 -512 -388 511
511 511 511 511
511 511 -512 -512
-512 -512 -512 -226
-512 -512 -487 511
511 511 511 511
511 31 -512 -512
-512 -512 39 511
-512 -512 -432 511
511 511 511 511
511 -512 -512 -512
-512 -512 492 511
-359 -507 -269 347
511 511 511 511
511 -512 -512 -512
-512 -473 444 511
