-512 -512 -11 511
511 511 511 511
511 511 511 511
511 511 511 511
-512 -512 -275 511
511 511 511 511
511 511 511 511
511 511 511 511
-512 -512 -512 10
511 511 511 511
511 511 511 511
511 511 511 511
-512 -512 -512 -512
55 511 511 511
511 511 511 511
511 511 511 511
-512 -512 -512 -512
-512 -479 511 511
511 511 511 511
511 511 511 511
-512 -512 -512 -512
-512 -512 -512 511
511 511 511 511
511 511 511 511
-512 -512 -512 -512
-512 -512 -512 -512
183 511 511 511
511 511 511 511
-512 -512 -512 -512
-512 -512 -512 -512
-512 -326 511 511
511 511 511 511
-512 -512 -512 -512
-512 -512 -512 -512
-512 -512 -512 321
511 511 511 473
-512 -512 -512 -512
-512 -512 -512 -512
-512 -512 -512 -205
511 511 409 -76
-512 -512 -512 -512
-512 -512 -512 -512
-512 -512 -512 -16
511 511 287 -243
-512 -512 -512 -512
-512 -512 -512 -512
-512 -427 203 511
511 511 511 -34
-512 -512 -512 -512
-512 -512 -512 -512
-332 351 511 511
511 511 511 485
-512 -512 -512 -512
-512 -512 -512 -512
-28 511 511 511
511 511 511 511
-512 -512 -512 -512
-512 -512 -512 -512
-26 511 511 511
511 511 511 511
511 61 -512 -512
-512 -512 -512 -512
-281 355 511 511
511 511 511 511
511 511 87 -236
-412 -512 -512 -512
-473 -204 425 511
511 511 511 511
511 511 260 292
439 470 369 -59
-320 -499 -162 511
511 511 511 511
511 378 327 511
511 511 511 511
344 -290 -415 332
511 511 511 511
497 441 511 511
511 511 511 511
511 355 -331 -198
511 511 511 511
413 330 408 511
511 511 511 511
511 511 499 -42
401 511 511 511
511 413 204 511
511 511 511 511
511 511 511 511
209 511 511 511
511 511 228 1
457 511 511 511
511 511 511 511
511 -55 15 218
511 511 442 -512
-512 -177 511 511
511 511 511 511
511 6 -512 -512
511 511 511 -512
-512 -512 -463 511
511 511 511 511
511 511 -512 -512
511 511 511 -38
-512 -512 -512 -252
511 511 511 511
511 511 408 -183
511 511 511 511
-512 -512 -512 -512
-54 511 511 511
511 511 511 422
511 511 511 511
-111 -512 -512 -512
-512 437 511 511
511 511 511 511
511 511 511 511
511 -11 -512 -512
-512 -512 511 511
511 511 511 511
511 511 511 511
511 511 -199 -512
-512 -512 -512 360
511 511 511 511
511 511 511 511
511 511 511 -512
-512 -512 -512 -512
511 511 511 511
511 511 511 511
511 511 511 -512
-512 -512 -512 -512
511 511 511 511
