-512 -512 -512 -512
104 511 182 -512
-512 -512 -512 -512
-236 511 511 511
-512 -512 -512 -512
276 511 265 -512
-512 -512 -512 -512
-217 511 511 440
-512 -512 -512 -512
511 511 370 -512
-512 -512 -512 -512
-232 511 511 -54
-512 -512 -512 -512
511 511 502 -512
-512 -512 -512 -512
-272 511 -19 -512
-512 -512 -512 -512
511 511 511 -512
-512 -512 -512 -512
-264 220 -512 -512
-512 -512 -512 178
511 511 511 -512
-512 -512 -512 -512
-161 -16 -512 -512
-512 -512 -512 511
511 511 511 -512
-512 -512 -512 -512
-150 -340 -512 -512
-512 -512 -512 511
511 511 511 -512
-512 -512 -512 -512
-186 -512 -512 -512
-512 -512 -512 511
511 511 511 -512
-512 -512 -512 -512
-512 -512 -512 -512
-512 -512 39 511
511 511 511 -512
-512 -512 -512 -512
-512 -512 -512 -512
-512 -512 511 511
511 511 511 -512
-512 -512 -512 -512
-512 -512 -512 -512
-512 -512 511 511
511 511 -107 -512
-512 -512 -512 -512
-512 -512 -512 -512
-512 -512 511 511
511 511 -512 -512
-512 -512 -512 -512
-512 -512 -512 -512
-512 -55 511 511
511 511 -512 -512
-512 -512 -512 -512
-512 -512 -512 -512
-512 511 511 511
511 -512 -512 -512
-512 -512 -512 -512
-512 -512 -512 -512
128 511 511 511
331 -512 -512 -512
-512 -512 -512 -512
-512 -512 -512 -512
511 511 511 511
-512 -512 -512 -512
-512 -512 -512 -512
-512 -512 -512 -512
511 511 511 310
-512 -512 -512 -512
-512 -512 -512 -512
-512 -512 -512 -512
511 511 511 -423
-512 -512 -512 -512
-512 -512 -512 -512
-512 -512 -512 -512
511 511 415 -512
-512 -512 -512 -512
-512 -512 -512 -512
-512 -512 -512 -244
511 511 60 -512
-512 -512 -512 -512
-512 -512 -512 -512
-512 -512 -185 500
511 511 128 -512
-512 -512 -512 -512
-512 -512 -512 -512
-512 -512 457 511
511 511 396 -512
-512 -512 -512 -512
-512 -512 -512 -512
-512 -230 511 511
511 511 511 -56
-512 -512 -512 -512
-512 -512 -512 -512
-512 60 511 511
511 511 511 511
-287 -512 -512 -512
-512 -512 -512 -512
-512 381 511 511
511 511 511 511
511 -458 -512 -512
-512 -512 -512 -512
-512 511 511 511
511 511 511 511
511 511 -512 -512
-512 -512 -512 -512
-266 511 511 511
511 511 511 511
511 511 -320 -512
-512 -512 -512 -512
249 511 511 511
511 511 511 511
511 511 146 -512
-512 -512 -512 -295
511 511 511 511
511 511 511 511
511 511 511 -512
-512 -512 -512 323
511 511 511 511
511 511 511 511
511 511 456 -512
-512 -512 -512 511
511 511 511 511
511 511 511 511
511 511 419 -512
-512 -512 -512 511
511 511 511 511
