-512 -512 -512 -512
-512 -512 -512 -512
304 511 511 511
204 -512 -512 -512
-512 -512 -512 -512
-512 -512 -512 -512
-349 511 511 511
511 511 511 330
-512 -512 -512 -512
-512 -512 -512 103
511 511 511 511
478 -512 -512 -512
-512 -512 -512 -512
-512 -512 -512 -512
-336 388 511 511
345 -115 -512 -512
-512 -512 -512 -512
-512 -512 239 511
511 511 511 511
511 -512 -512 -512
-512 -512 -512 -512
-512 -512 -512 -512
-460 -78 -48 -405
-512 -512 -512 -512
-512 -512 -512 -512
-512 509 511 511
511 511 511 511
511 -188 -512 -512
-512 -512 -512 -512
-512 -512 -512 -512
-512 -512 -512 -512
-512 -512 -512 -512
-512 -512 -512 -512
511 511 511 511
511 511 511 511
511 -512 -512 -512
-512 -512 -512 -512
-512 -512 -512 -512
-512 -512 -512 -512
-512 -512 -512 -512
-512 -512 101 511
511 511 511 511
511 511 511 313
-512 -512 -512 -512
-512 -512 -512 -512
-512 -512 -512 -512
-512 -512 -512 -512
-512 -512 -512 -512
511 511 511 511
511 511 511 511
511 511 -512 -512
-512 -512 -512 -512
-512 -512 -512 -512
-512 -512 -512 -501
-492 -512 -512 -512
-512 -512 -512 -512
511 511 511 511
511 511 511 511
-512 -512 -512 -512
-512 -512 -512 -512
-512 -512 -512 -512
-512 -512 -512 -512
-512 -512 -512 -512
-512 -512 -512 -512
511 511 511 511
511 511 -132 -512
-512 -512 -512 -512
-512 -512 -512 -512
-512 -512 -512 -512
-512 -512 -512 -512
-512 -512 -512 -512
-512 -344 3 201
511 511 511 511
511 511 -512 -512
-512 -512 -512 -512
-512 -512 -512 -512
-512 -512 -512 -512
-512 -512 -512 -512
-512 -512 -385 156
511 511 511 511
511 511 511 511
511 511 295 -477
-512 -512 -512 -512
-512 -512 -512 -512
-512 -512 -512 -512
-512 -512 -512 -512
-512 -181 511 511
511 511 511 511
511 511 511 511
511 511 511 511
511 511 511 410
258 119 -22 -146
-301 -494 -512 -512
-512 -512 -512 -512
-219 374 511 511
511 511 511 511
511 511 511 511
511 511 511 511
511 511 511 511
511 511 511 511
381 31 -257 -448
-505 -466 -260 27
493 511 511 511
511 511 511 511
511 511 511 511
511 511 511 511
511 511 511 511
511 511 511 511
343 74 -94 -151
-64 82 332 511
511 511 511 511
511 511 511 511
511 511 511 511
511 511 511 511
511 511 511 511
511 511 511 511
511 511 511 511
511 511 511 511
511 511 511 511
511 511 511 511
511 511 511 511
511 511 511 511
511 511 511 511
511 511 511 511
511 511 511 511
511 511 511 511
511 511 511 511
511 511 511 511
