-512 -512 -406 -177
98 354 511 511
511 511 511 511
511 511 511 385
57 -325 -512 -512
-512 -512 -512 -512
-512 -512 -512 -512
-512 -512 -512 -512
-512 -512 -512 -512
-512 -115 368 511
511 511 511 511
511 511 511 141
-389 -512 -512 -512
-512 -512 -512 -512
-512 -512 -512 -512
-512 -512 -512 -512
-512 -512 -512 -512
-512 -5 511 511
511 511 511 511
511 511 353 -263
-512 -512 -512 -512
-512 -512 -512 -512
-512 -512 -512 -512
-512 -512 -512 -512
-512 -512 -512 -306
192 511 511 511
511 511 511 511
508 -49 -512 -512
-512 -512 -512 -512
-512 -512 -512 -512
-512 -512 -512 -512
-512 -512 -512 -512
288 481 511 511
511 511 511 511
511 511 381 -167
-512 -512 -512 -512
-512 -512 -512 -512
-512 -512 -512 -512
-512 -512 -512 -512
-512 -512 -512 -512
511 511 511 511
511 511 511 511
511 356 -428 -512
-512 -512 -512 -512
-512 -512 -512 -512
-512 -512 -512 -512
-512 -512 -512 -512
-512 -512 -403 -58
511 511 511 511
511 511 511 511
511 -24 -512 -512
-512 -512 -512 -512
-512 -512 -512 -512
-512 -512 -512 -512
-512 -512 -512 -512
-512 -512 -512 -442
511 511 511 511
511 511 453 -64
-512 -512 -512 -512
-512 -512 -512 -512
-512 -512 -512 -512
-512 -512 -512 -512
-512 -512 -512 -512
-512 -512 -87 162
511 511 511 511
511 511 328 -253
-512 -512 -512 -512
-512 -512 -512 -512
-512 -512 -512 -512
-512 -512 -512 -512
-512 -512 -447 75
511 511 511 511
511 511 511 511
511 511 511 67
-472 -512 -512 -512
-512 -512 -512 -512
-512 -512 -512 -512
-512 -512 -321 -109
140 367 511 511
511 511 511 511
511 511 511 511
511 511 511 511
499 276 93 -6
-23 32 162 339
511 511 511 511
511 511 511 511
511 511 511 511
511 511 511 511
511 511 511 511
511 511 511 511
511 511 511 511
511 511 511 511
511 511 511 511
511 511 511 511
511 511 239 -22
-236 -419 -512 -512
511 511 511 511
511 511 511 511
511 511 511 511
511 511 511 511
511 511 511 511
511 511 511 511
202 -240 -512 -512
-512 -512 -512 -512
511 511 511 511
511 511 511 511
511 511 511 511
511 511 511 511
511 511 511 511
511 511 335 -124
-512 -512 -512 -512
-512 -512 -512 -512
511 511 511 511
511 511 511 511
511 511 511 511
511 511 511 511
511 511 511 511
388 27 -359 -512
-512 -512 -512 -512
-512 -512 -512 -512
511 511 511 511
511 511 511 511
511 511 511 511
511 511 511 427
230 6 -225 -478
-512 -512 -512 -512
-512 -512 -512 -512
-512 -512 -512 -512
511 511 511 511
511 511 511 511
511 511 511 511
511 195 -191 -512
-512 -512 -512 -512
-512 -512 -512 -512
-512 -512 -512 -512
-512 -512 -512 -512
511 511 511 511
511 511 511 511
511 511 511 331
-85 -512 -512 -512
-512 -512 -512 -512
-512 -512 -512 -512
-512 -512 -512 -512
-512 -512 -512 -512
511 511 511 511
511 511 511 511
511 511 337 -21
-427 -512 -512 -512
-512 -512 -512 -512
-512 -512 -512 -512
-512 -474 -29 358
511 511 511 511
320 368 442 511
511 511 511 511
511 511 270 -37
-432 -512 -512 -512
-512 -512 -512 -512
-512 -512 -512 -417
144 511 511 511
511 511 511 511
-76 2 145 336
510 511 511 511
511 511 511 235
-153 -512 -512 -512
-512 -512 -512 -512
-512 -512 -177 397
511 511 511 511
511 511 511 511
158 243 403 511
511 511 511 511
511 511 511 511
240 -103 -451 -512
-512 -512 -512 -512
-409 34 511 511
511 511 511 511
511 511 511 511
511 511 511 511
511 511 511 511
511 511 511 511
511 422 183 20
-86 -81 36 274
511 511 511 511
511 511 511 511
511 511 511 511
511 511 511 511
511 511 511 511
511 511 511 511
511 511 511 511
511 511 511 511
511 511 511 511
511 511 511 511
511 511 511 511
511 511 511 511
511 511 511 511
511 511 511 511
511 511 511 511
511 511 511 511
511 511 511 511
511 511 511 511
511 511 511 511
511 511 511 511
511 511 511 511
511 511 511 511
511 511 511 511
511 511 511 511
511 511 511 511
511 511 511 511
234 -27 -193 -262
511 511 511 511
511 511 511 511
511 511 511 511
511 511 511 511
511 511 511 511
511 511 511 511
511 511 -38 -512
-512 -512 -512 -512
511 511 511 511
511 511 511 511
511 511 511 511
511 511 511 511
511 511 511 511
511 511 511 511
511 -164 -512 -512
-512 -512 -512 -512
511 511 511 511
511 511 511 511
511 511 511 511
511 511 511 511
511 511 511 511
511 511 511 109
-508 -512 -512 -512
-512 -512 -512 -512
511 511 511 511
511 511 511 511
511 511 511 511
511 511 511 511
511 511 511 511
511 -45 -512 -512
-512 -512 -512 -512
-512 -512 -512 -512
511 511 511 511
511 511 511 511
511 511 511 511
511 511 511 511
511 511 511 -136
-512 -512 -512 -512
-512 -512 -512 -512
11 511 511 511
511 511 511 511
511 511 511 511
511 511 511 511
511 511 511 511
511 511 102 -512
-512 -512 -512 -512
-512 -512 -512 -232
511 511 511 511
