-512 -512 -83 308
454 238 -367 -512
-512 -512 -512 -512
-512 -512 -512 -512
-512 -512 -512 -94
262 7 -512 -512
-512 -512 -512 -512
-512 -512 -512 -512
-512 -512 -512 38
328 -94 -512 -512
-512 -512 -512 -512
-512 -512 -512 -512
-512 -512 -319 145
-62 -512 -512 -512
-512 -512 -512 -512
-512 -512 -453 130
-455 19 356 60
-512 -512 -512 -512
-512 -512 -512 -512
-512 53 511 511
511 511 511 -187
-512 -512 -512 -512
-512 -512 -512 -512
-447 511 511 511
511 511 511 -487
-512 -512 -512 -512
-512 -512 -512 -512
-512 511 511 511
511 511 -255 -512
-512 -512 -512 -512
-512 -512 -512 -512
210 511 511 511
511 511 193 -512
-512 -512 -512 -512
-512 -512 -512 511
511 511 511 511
511 511 511 -383
-512 -512 -512 -512
-512 -42 511 511
511 511 511 511
511 511 511 511
238 5 167 511
511 511 511 511
318 158 135 85
511 511 511 511
511 511 511 511
511 511 362 -512
-512 -512 -512 -512
511 511 511 511
511 511 511 511
511 324 -512 -512
-512 -512 -512 -512
511 511 511 511
511 511 511 511
263 -512 -512 -512
-512 -512 -512 -512
511 511 511 511
511 511 511 60
-512 -512 -512 -512
-512 -512 -512 -512
511 511 511 511
511 439 -438 -512
-512 -512 -512 -512
-512 -512 -512 -512
511 511 511 511
511 -358 -512 -512
-512 -512 -512 -512
-512 -512 -512 -406
511 511 511 511
168 -512 -512 -512
-512 -512 -512 -512
-512 -108 175 148
511 511 511 511
70 -512 -512 -512
-512 -512 -512 177
511 511 511 511
416 511 511 511
341 -335 -512 -512
-512 -512 426 511
511 511 511 511
237 511 511 511
511 289 -390 -512
-512 194 511 511
511 511 511 511
511 511 511 511
511 511 321 -42
183 511 511 511
511 511 511 511
511 511 511 511
511 511 511 511
511 511 511 511
511 511 511 511
511 511 511 511
511 511 511 511
511 511 511 511
511 511 511 511
511 511 511 511
511 511 511 511
511 511 511 511
511 511 419 243
511 511 511 511
511 511 511 511
511 511 511 253
-512 -512 -512 -512
511 511 511 511
511 511 511 511
511 511 511 -512
-512 -512 -512 -512
511 511 511 511
511 511 511 511
511 511 -434 -512
-512 -512 -512 -512
511 511 511 511
511 511 511 511
511 -212 -512 -512
-512 -512 -512 -512
511 511 511 511
511 511 511 511
35 -512 -512 -512
-512 -512 -512 -104
511 511 511 511
511 511 511 511
-512 -512 -512 -512
-512 205 511 511
511 511 511 511
511 511 511 511
-512 -512 -512 -512
-512 511 511 511
