511 511 -512 511
511 511 -512 511
511 511 -512 511
511 496 -512 511
-512 -512 -512 511
-512 -512 -512 511
-512 -512 -512 511
-512 -512 -512 511
-512 -512 -512 511
-512 -512 -512 511
-512 -512 -512 316
-512 -512 -408 66
-512 -512 -437 -75
-512 -512 -512 -120
-512 -508 -512 -512
-512 378 -512 -512
-512 511 -512 -512
-512 511 -512 -512
-512 511 -512 -512
211 511 -512 -512
511 511 -512 -512
511 511 -512 -512
511 511 -512 -512
511 511 -512 -512
511 -470 -512 -512
511 -512 -512 -512
511 -512 -287 -512
428 -512 -38 -512
188 -512 92 -512
1 -512 158 -512
-55 -512 133 -512
-70 -512 102 -470
