-9 -10 -11 -11
-11 -10 -9 -9
-8 -7 -5 -4
-3 -2 -1 -1
-11 -11 -12 -12
-12 -11 -10 -9
-9 -7 -6 -5
-4 -2 -1 -1
-12 -12 -13 -13
-13 -12 -11 -10
-9 -8 -7 -5
-4 -3 -2 -1
-11 -11 -12 -12
-11 -11 -10 -9
-8 -7 -6 -5
-4 -2 -1 -1
-8 -8 -8 -8
-8 -8 -7 -6
-6 -5 -4 -3
-2 -2 -1 0
-4 -5 -5 -5
-4 -4 -4 -3
-3 -2 -2 -1
-1 0 0 0
-2 -2 -2 -2
-2 -1 -1 -1
0 0 0 0
0 0 1 0
-1 -1 -1 -1
-1 -1 0 0
0 0 1 1
1 1 1 0
-1 -1 -1 -2
-2 -1 -1 -1
-1 0 0 0
0 1 0 0
-2 -2 -2 -2
-2 -2 -2 -2
-2 -2 -1 -1
0 0 0 0
-2 -2 -2 -2
-3 -3 -3 -3
-3 -2 -2 -1
-1 -1 0 0
-1 -2 -2 -2
-2 -3 -3 -3
-3 -3 -3 -2
-2 -1 -1 0
-1 -1 -1 -2
-2 -2 -2 -3
-3 -3 -3 -2
-2 -2 -1 0
0 0 -1 -1
-1 -2 -2 -2
-3 -3 -3 -3
-2 -2 -1 -1
0 0 0 -1
-1 -1 -2 -2
-2 -3 -3 -3
-2 -2 -1 -1
0 0 0 -1
-1 -1 -2 -2
-2 -3 -3 -2
-2 -2 -1 -1
