511 511 511 511
511 511 511 511
511 511 511 511
511 511 511 511
511 511 511 511
511 511 511 511
511 511 511 511
511 511 511 511
511 511 511 511
511 511 511 511
511 511 511 511
511 511 511 511
511 511 511 511
511 511 511 511
511 511 511 511
511 511 511 511
511 511 511 511
511 511 511 511
511 511 511 511
511 511 511 511
511 511 511 511
511 511 511 511
511 511 511 511
511 511 511 511
511 511 511 511
511 511 511 511
511 511 511 511
511 511 511 511
511 511 511 511
511 511 511 511
511 511 511 511
511 511 511 511
511 511 511 511
511 511 511 511
511 511 511 511
511 511 511 511
511 511 511 511
511 511 511 511
511 511 511 511
511 511 511 511
511 511 511 511
511 511 511 511
511 511 511 511
511 511 511 511
511 511 511 511
511 511 511 511
511 511 511 511
511 511 511 511
511 511 511 511
511 511 511 511
511 511 511 511
511 511 511 511
511 511 511 511
511 511 511 511
511 511 511 511
511 511 511 511
511 511 511 511
511 511 511 511
511 511 511 511
511 511 409 223
61 -57 -131 -148
-141 -116 -18 94
360 511 511 511
511 511 511 511
511 511 511 511
511 511 511 511
511 439 279 133
-76 -297 -512 -512
-512 -512 -512 -512
-512 -512 -512 -375
74 511 511 511
511 511 511 511
444 445 448 457
414 398 328 303
212 145 -10 -146
-361 -512 -512 -512
-512 -512 -512 -512
-512 -512 -512 -90
511 511 511 511
511 511 511 511
511 511 511 511
511 511 511 511
511 471 330 212
5 -188 -401 -512
-512 -512 -512 -512
-492 -178 330 511
511 511 511 511
511 511 511 511
511 511 511 511
511 511 511 511
511 511 511 511
511 385 211 92
-26 -72 -36 117
351 511 511 511
511 511 511 511
511 511 511 511
511 511 511 511
511 511 511 511
511 511 511 511
511 386 241 150
61 38 95 265
511 511 511 511
511 511 511 511
511 511 511 511
511 511 511 511
511 511 511 511
511 511 511 511
511 452 319 241
172 162 232 405
511 511 511 511
511 511 511 511
511 511 511 511
511 511 511 511
511 511 511 511
511 511 511 511
511 511 473 404
361 366 450 511
511 511 511 511
511 511 511 511
511 511 511 511
511 511 511 511
511 511 511 511
511 511 511 511
511 511 511 511
511 511 511 511
511 511 511 511
511 511 511 511
511 511 511 511
511 511 511 511
511 511 511 511
511 511 511 511
376 201 117 93
136 209 355 511
511 511 511 511
511 511 511 511
511 -282 -512 -512
511 511 511 511
511 511 511 511
420 21 -372 -512
-512 -512 -512 -512
-512 -512 -492 -263
66 394 511 511
511 511 -58 -512
-512 -512 -512 -512
511 511 511 511
511 429 59 -325
-512 -512 -512 -512
-512 -512 -512 -512
-512 -512 -486 -179
190 504 511 511
511 -89 -512 -512
-512 -512 -512 -512
511 511 449 164
-81 -386 -512 -512
-512 -512 -512 -512
-512 -512 -512 -512
-464 -21 438 511
511 511 511 511
511 44 -512 -512
-512 -512 -512 -512
-433 -478 -512 -512
-512 -512 -512 -512
-512 -512 -512 -512
-512 -247 171 511
511 511 511 511
511 511 511 511
511 511 -512 -512
-512 -512 -512 -512
-355 -385 -411 -455
-408 -401 -325 -308
-231 -217 -89 31
267 511 511 511
511 511 511 511
511 511 511 511
511 511 511 -512
-512 -512 -512 -512
-85 -108 -108 -116
-32 16 136 200
319 379 511 511
511 511 511 511
511 511 511 511
511 511 511 511
511 511 511 -54
-512 -512 -512 -512
-47 -69 -56 -47
51 115 257 351
500 511 511 511
511 511 511 511
511 511 511 511
511 511 511 511
511 511 511 511
-512 -512 -512 -512
-327 -353 -341 -332
-241 -181 -41 63
228 365 511 511
511 511 511 511
511 511 511 511
511 511 511 511
511 511 511 511
-512 -512 -512 -512
-512 -512 -512 -512
-512 -512 -512 -512
-512 -374 -48 278
511 511 511 511
511 511 511 511
511 511 511 511
511 511 511 511
-512 -512 -512 -512
-512 -512 -512 -512
-512 -512 -512 -512
-512 -512 -512 -494
9 511 511 511
511 511 511 511
511 511 511 511
511 511 511 505
-512 -512 -512 -512
-512 -512 -512 -512
-512 -512 -512 -512
-512 -512 -512 -512
-135 511 511 511
511 511 511 511
511 511 511 511
511 511 511 466
-512 -512 -512 -512
-512 -512 -512 -512
-512 -512 -512 -512
-512 -512 -512 -512
-512 -141 499 511
511 511 511 511
511 511 511 511
511 511 511 511
255 -512 -512 -512
-512 -512 -512 -512
-512 -512 -512 -512
-512 -512 -512 -512
-512 -512 -192 361
511 511 511 511
511 511 511 511
511 511 511 511
511 511 465 140
-512 -512 -512 -512
-512 -512 -512 -512
-512 -512 -512 -512
-512 -512 -512 -32
510 511 511 511
511 511 511 511
511 511 511 511
511 511 511 511
-474 -512 -512 -512
-512 -512 -512 -512
-512 -512 -512 -512
-512 -512 -512 -166
356 511 511 511
511 511 511 511
511 511 511 511
511 511 511 511
