-512 -512 -512 511
511 511 511 511
205 -512 -512 -512
-512 -512 -512 -512
511 511 511 511
511 511 321 -512
-512 -512 -512 -512
-512 -512 -512 -512
511 511 511 511
511 511 511 511
511 511 511 511
511 511 511 511
511 511 511 511
511 511 511 511
511 511 511 511
-257 -512 -512 -512
352 511 511 511
511 511 511 -74
-512 -512 -512 -512
-512 -49 511 511
-153 1 357 511
511 511 511 233
-265 -372 32 511
511 511 511 511
511 511 511 511
511 511 511 511
511 511 511 511
511 511 25 -512
-128 -30 511 511
511 511 511 511
511 511 511 263
-429 -183 511 511
