511 511 511 511
511 511 511 511
511 511 511 511
511 511 511 511
511 511 511 511
511 511 511 511
511 511 511 511
511 511 511 511
511 511 511 511
511 511 511 511
511 511 511 511
511 511 511 511
511 511 511 511
511 511 511 511
511 511 511 511
-87 -108 511 511
511 511 330 -404
-512 -512 511 511
436 422 33 -512
-512 -512 511 511
511 511 364 -283
-512 0 511 511
511 511 511 308
-29 511 511 511
511 511 511 322
90 511 511 511
511 511 511 394
217 511 511 511
511 511 511 511
421 511 511 511
511 511 511 511
511 511 511 511
511 511 511 164
279 511 511 -512
511 511 -188 -512
-512 511 360 -512
511 211 -512 -512
-512 511 -512 -512
511 -512 -512 -512
188 511 -512 -512
-510 -512 -512 -68
511 511 39 -512
-395 -436 -106 511
511 511 511 -512
-105 7 511 511
511 511 511 -512
-59 120 511 511
511 511 511 -512
-341 -175 511 511
511 511 511 -512
-512 -512 -170 511
511 511 511 -512
-512 -512 -512 511
511 511 511 -512
-512 -512 -512 511
511 511 511 -512
-512 -512 -512 137
511 511 511 -512
-512 -512 -512 -484
511 511 511 511
-512 -512 -512 -512
511 511 511 511
-512 -512 -512 -512
511 511 511 511
