0
0
0
191
0
-68
0
0
0
0
0
0
0
0
0
0
0
0
0
0
-35
0
138
0
0
0
0
0
0
0
0
0
0
-209
0
0
0
0
0
0
0
0
0
0
0
0
0
0
0
0
0
0
0
0
0
0
0
0
0
0
0
0
0
0
0
0
0
0
0
0
0
0
0
0
0
0
0
0
0
0
0
0
0
0
0
0
0
0
0
0
0
0
0
0
0
0
0
0
0
0
0
0
0
0
0
0
0
0
0
0
0
0
0
0
0
0
0
0
0
0
0
0
0
0
0
0
0
0
0
0
250
0
0
0
0
0
0
0
0
0
40
0
0
0
0
0
0
0
0
0
0
0
201
0
0
0
61
0
0
0
0
186
0
0
0
0
0
0
0
0
0
0
0
0
0
0
-90
0
0
0
0
0
251
0
0
0
0
0
0
0
0
0
0
0
0
0
0
-163
0
0
0
0
0
0
0
0
0
0
0
0
0
0
0
0
0
0
-148
0
0
0
0
0
0
0
0
0
0
0
0
-254
0
0
0
0
0
0
0
0
0
0
0
0
0
221
0
0
0
0
0
0
0
0
0
0
0
0
