17 -20 14 13
-7 27 27 3
22 5 -11 2
-34 -35 -18 -34
-30 1 -7 -12
26 4 2 23
-11 -6 21 -10
-3 27 -2 22
-8 21 1 -7
4 -15 -44 -32
-30 -44 -43 -32
-10 -20 -13 4
-3 -11 1 10
-4 17 17 17
43 32 12 22
20 -13 -9 -15
-6 -20 -34 3
-13 -14 37 14
12 31 -8 -6
-22 -46 0 -40
-23 47 -2 35
68 8 26 27
-24 -17 -19 -27
-19 -14 16 -5
27 7 68 32
10 67 15 -11
35 -6 -8 34
4 3 17 17
-14 -15 4 -41
-22 -3 -13 7
-1 14 36 -17
1 18 -60 -4
10 -11 -15 1
17 2 13 40
11 4 24 -18
-26 -1 -44 -30
7 -13 -2 15
23 17 -6 11
9 -32 -10 11
-19 0 22 8
-22 25 -1 4
6 -1 7 -16
7 19 -28 17
30 -23 44 22
-8 41 10 22
18 0 30 1
-8 25 -24 -28
0 -43 -32 -39
22 -20 15 29
-10 23 29 10
22 16 21 20
1 16 26 -1
5 30 6 1
27 0 -9 21
-19 -25 11 -34
-33 -5 -32 -25
0 13 10 -8
28 18 0 23
13 -1 8 -2
-6 -1 -37 -4
0 -39 -2 -12
-21 5 -7 -17
12 -1 -8 23
9 9 13 23
