-512 -512 -512 511
-498 -512 -512 511
-272 -512 -512 511
50 -512 -512 511
206 -512 -512 511
-88 -512 -512 511
-430 511 -512 456
-512 511 -512 -265
-512 511 -512 -512
-512 511 -512 -512
-512 511 -345 -512
-512 511 -242 -512
-512 511 -47 -512
-512 511 345 -512
-512 511 511 -512
-512 511 511 -512
-512 511 511 -512
-228 511 511 -512
163 511 511 -512
511 511 511 -512
511 500 511 -426
511 106 511 -337
511 -148 511 -317
511 -86 511 -429
511 163 511 -512
511 511 511 -512
511 511 511 -512
511 511 511 -512
511 511 511 -512
511 511 511 -512
511 511 511 -512
511 511 511 -512
