-512 -512 511 -512
-512 -512 511 511
-512 -512 511 -512
-512 -512 511 511
-512 -512 511 -512
-512 -512 483 222
-512 -512 511 -512
-512 -512 300 -421
-512 -512 511 -512
-512 -512 138 -512
-512 -512 511 -304
-512 -512 67 -512
-512 -474 511 -160
-512 -512 -95 -512
-512 406 511 -87
-512 -512 -263 -512
-512 511 511 -30
-512 -512 -512 -512
-512 511 511 -153
-512 -512 -512 -512
-512 511 511 -512
-512 -512 -512 -512
-512 511 511 -512
-512 -512 -512 -512
-512 511 511 -512
-512 -512 -512 -512
-512 511 511 -512
-512 -512 -512 -512
-176 511 468 -512
-512 -512 -512 -512
511 511 -512 -512
-512 -512 -512 -512
511 511 -512 -512
-512 -512 -512 -512
511 511 -512 -512
-512 -512 -512 -512
511 371 -512 -512
-512 -512 -512 -512
511 -153 -512 -512
-512 -512 -512 -464
511 -506 -512 -512
-512 -512 -512 195
511 -400 -512 -512
-512 -512 -512 511
511 -54 -512 -512
-512 -512 -512 511
511 495 -512 -512
-512 -512 -512 511
511 511 -512 -512
-512 -512 -314 511
511 511 94 -512
-512 -512 1 511
511 511 511 -512
-512 -512 439 511
511 511 511 -512
-512 -512 511 511
511 511 511 -512
-512 -512 511 511
511 511 511 -275
-512 -276 511 511
511 511 511 -348
-512 -93 511 511
511 511 511 -396
-512 14 511 511
