7 -3 -15 35
-30 4 19 -2
-22 4 9 11
-29 9 -15 25
-35 22 9 -20
-13 6 0 5
19 -4 2 16
13 15 -2 -1
18 20 17 -14
38 -7 -18 -7
3 -36 -14 -14
-9 -41 8 -7
0 -39 -6 -25
19 -5 10 -3
7 32 25 -9
29 -3 30 -12
19 -27 19 12
-6 -12 0 8
-13 16 -18 -25
25 8 -6 -22
18 -8 -11 19
3 4 -25 17
-7 2 -17 1
-9 9 -12 -1
-17 36 -29 -12
7 33 -22 -12
12 11 -6 14
-27 15 -4 5
-18 24 -12 11
-9 -10 7 -5
23 -19 -8 21
0 7 -11 8
7 -20 9 21
-20 -24 40 -12
-2 -16 27 -11
1 5 -6 7
7 -16 20 -15
-3 6 24 -19
-13 0 33 -21
-5 -13 7 13
-9 15 21 -22
12 -4 -18 24
-5 -15 -17 17
10 -34 14 3
-19 19 8 -18
1 7 -18 26
-18 20 -21 17
4 -6 19 -20
6 -26 -20 4
-4 18 -8 8
-13 39 6 6
-1 10 3 10
41 -12 7 41
-4 -9 -4 -12
-7 -23 -16 -32
-12 7 -34 -1
-22 2 -18 -5
-1 -12 15 -18
46 -5 18 -2
18 41 -3 -18
-1 31 -29 -12
37 0 -6 -32
39 -23 -6 5
-10 -18 6 7
