511 511 511 511
511 511 511 511
511 511 511 511
511 511 511 511
511 511 511 511
511 511 511 511
435 511 511 511
511 511 511 511
511 511 511 511
511 511 511 511
511 511 511 511
511 511 511 511
511 511 511 511
511 511 511 511
511 511 511 511
511 511 511 511
511 452 -336 -512
-512 -512 -512 -512
-512 -512 -455 -512
-512 -512 -512 -512
277 281 487 511
511 511 511 511
511 511 511 511
-512 -512 -512 -512
-512 -512 -512 -512
195 511 511 511
511 511 511 511
-512 -512 -512 -512
-512 -512 -512 -512
-512 -45 511 511
511 511 511 511
511 511 -398 -512
