511 511 511 511
511 511 511 511
511 511 511 511
511 511 511 511
511 511 511 511
511 511 511 511
511 511 511 250
15 -122 -129 -105
511 511 511 511
511 511 511 511
511 511 511 511
511 511 511 511
511 511 511 511
511 511 511 511
511 511 511 221
-26 -167 -166 -127
511 511 511 511
511 511 511 511
511 511 511 511
511 511 511 511
511 511 511 511
511 511 511 511
511 511 511 277
10 -149 -161 -128
511 511 511 511
511 511 511 511
511 511 511 511
511 511 511 511
511 511 511 511
511 511 511 511
511 511 511 430
117 -84 -130 -118
511 511 511 511
511 511 511 511
511 511 511 511
511 511 511 511
511 511 511 511
511 511 511 511
511 511 511 511
321 49 -56 -88
511 511 511 511
511 414 317 241
183 154 178 266
391 511 511 511
511 511 511 511
511 511 511 511
511 511 511 511
154 -129 -210 -169
-444 -471 -512 -512
-512 -512 -512 -512
-512 -512 -512 -512
-498 -202 136 511
511 511 511 511
511 511 511 511
511 511 511 511
68 -256 -333 -239
-512 -512 -512 -512
-512 -512 -512 -512
-512 -512 -512 -512
-512 -266 143 511
511 511 511 511
511 511 511 511
511 511 511 495
-83 -460 -512 -350
-512 -512 -512 -512
-512 -512 -512 -512
-512 -512 -512 -301
5 426 511 511
511 511 511 511
511 511 511 511
511 511 511 204
-478 -512 -512 -512
7 -5 -70 -111
-172 -146 -98 -16
107 250 452 511
511 511 511 511
511 511 511 511
511 511 511 511
511 511 511 -347
-512 -512 -512 -512
511 511 511 511
511 511 511 511
511 511 511 511
511 511 511 511
511 511 511 511
511 511 511 511
511 511 -199 -512
-512 -512 -512 -512
511 511 511 511
511 511 511 511
511 511 511 511
511 511 511 511
511 511 511 511
511 511 511 511
511 -151 -512 -512
-512 -512 -512 -512
511 511 511 511
511 511 511 511
511 511 511 511
511 511 511 511
511 511 511 511
511 511 511 511
-138 -512 -512 -512
-512 -512 -512 -512
511 511 511 511
511 511 511 511
511 511 511 511
511 511 511 511
511 511 511 511
511 511 511 -410
-512 -512 -512 -512
-512 -512 -512 -512
-296 -375 -396 -475
-512 -504 -512 -511
-400 -356 -237 -64
242 511 511 511
511 511 511 511
511 130 -512 -512
-512 -512 -512 -512
-512 -512 -512 -512
-512 -512 -512 -512
-512 -512 -512 -512
-512 -512 -512 -512
-512 -512 -512 -285
-49 126 130 -44
-379 -512 -512 -512
-512 -512 -512 -512
-512 -512 -512 -512
-512 -512 -512 -512
-512 -512 -512 -512
-512 -512 -512 -512
-512 -512 -512 -509
-222 9 70 -60
-369 -512 -512 -512
-512 -512 -512 -512
-512 -512 -512 -512
-512 -512 -512 -512
-512 -512 -512 -512
-512 -512 -512 -512
-512 -512 -512 -113
256 511 511 511
253 -359 -512 -512
-512 -512 -512 -512
-512 -512 -512 -512
-512 -512 -512 -512
-512 -512 -512 -512
-512 -512 -512 -512
-512 -512 56 511
511 511 511 511
511 511 -512 -512
-512 -512 -512 -512
-512 -512 -512 -512
-512 -512 -512 -512
-512 -512 -512 -512
-512 -512 -512 -203
462 511 511 511
511 511 511 511
511 511 511 -456
-512 -512 -512 -512
-512 -512 -512 -512
-512 -512 -512 -512
-512 -512 -512 -512
-462 47 511 511
511 511 511 511
511 511 511 511
511 511 511 511
-512 -512 -512 -512
-512 -512 -512 -512
-512 -512 -512 -512
-512 -512 -505 -78
504 511 511 511
511 511 511 511
511 511 511 511
511 511 511 511
-162 -512 -512 -512
-512 -512 -512 -512
-512 -512 -512 -512
-512 -512 -170 434
511 511 511 511
511 511 511 511
511 511 511 511
511 511 511 511
197 -512 -512 -512
-512 -512 -512 -512
-512 -512 -512 -512
-512 -512 -476 255
511 511 511 511
511 511 511 511
511 511 511 511
511 511 511 511
173 -512 -512 -512
-512 -512 -512 -512
-512 -512 -512 -512
-512 -512 -512 -512
4 511 511 511
511 511 511 511
511 511 511 511
511 511 511 511
511 511 281 147
96 53 60 40
-512 -512 -512 -512
-512 -512 -512 -512
-512 -512 -278 68
360 511 511 511
511 511 511 511
511 511 511 511
511 511 511 511
511 511 511 511
-512 -512 -512 -512
-512 -512 -512 -512
-512 -512 -512 -512
-512 -512 -512 -354
-6 370 511 511
511 511 511 511
511 511 511 511
511 511 511 511
-512 -512 -512 -512
-512 -512 -512 -512
-512 -512 -512 -512
-512 -512 -512 -512
-512 -151 423 511
511 511 511 511
511 511 511 511
511 511 511 511
-512 -512 -512 -512
-512 -512 -512 -512
-512 -512 -512 -512
-512 -512 -512 -512
-512 -45 511 511
511 511 511 511
511 511 511 511
511 511 511 511
100 99 -4 -102
-288 -493 -512 -512
-512 -512 -512 -512
-512 -512 -512 -512
-231 271 511 511
511 511 511 511
511 511 511 511
511 511 511 511
511 511 449 350
179 -7 -177 -340
-512 -512 -512 -512
-512 -512 -440 -218
109 495 511 511
511 511 511 511
511 511 511 511
511 511 511 511
468 459 398 334
229 115 10 -91
-201 -270 -314 -325
-324 -272 -191 -68
110 320 511 511
511 511 511 511
511 511 511 511
511 511 511 511
