511 511 511 511
511 511 511 511
511 511 511 511
511 511 511 511
511 511 511 511
511 511 511 511
511 511 511 511
511 511 511 511
511 511 511 511
511 511 511 511
511 511 511 511
511 511 511 511
511 511 511 511
511 511 511 511
511 511 511 511
511 511 511 511
511 511 511 511
511 511 511 511
511 511 511 511
511 511 511 511
511 511 511 511
511 511 511 511
511 511 511 511
511 511 511 511
511 511 511 511
511 511 511 511
511 511 511 511
511 511 511 511
511 511 511 511
511 511 511 511
511 511 511 511
511 511 511 511
511 511 511 511
511 511 511 511
511 511 511 511
511 511 511 511
511 511 511 511
511 511 511 511
511 511 511 511
511 511 511 511
511 511 511 511
511 511 511 511
511 511 511 511
511 511 511 511
511 511 511 511
511 511 511 511
511 511 511 511
511 511 511 511
511 511 511 511
511 511 511 511
511 511 511 511
511 511 511 511
511 511 511 511
511 511 511 511
511 511 511 511
511 511 511 511
511 511 511 511
511 511 511 511
511 511 511 511
511 511 511 511
511 511 511 511
511 511 511 511
511 511 511 511
511 511 511 511
511 511 511 511
511 511 511 511
511 511 511 511
511 511 511 511
511 511 511 511
511 511 511 511
511 511 511 511
511 511 511 511
511 511 511 511
511 511 511 511
511 511 511 511
511 511 511 511
511 511 511 511
511 511 511 511
511 511 511 511
511 511 511 511
511 511 511 511
511 511 511 511
511 511 511 511
511 503 446 435
457 511 511 511
511 511 511 511
511 511 511 511
511 511 511 511
511 511 511 511
511 511 511 511
503 391 248 137
12 -75 -135 -148
-129 -59 66 241
447 511 511 511
511 511 511 511
511 511 511 511
511 511 511 511
413 320 194 101
-25 -129 -268 -371
-493 -512 -512 -512
-512 -512 -384 -194
33 303 511 511
511 511 511 511
511 511 511 511
238 207 155 86
-13 -103 -228 -317
-442 -512 -512 -512
-512 -512 -512 -512
-512 -512 -512 -512
-335 -29 362 511
511 511 511 511
511 511 511 511
-70 -103 -152 -217
-312 -395 -511 -512
-512 -512 -512 -512
-512 -512 -512 -512
-512 -512 -512 -512
-486 -146 290 511
511 511 511 511
511 511 511 511
-315 -347 -394 -453
-512 -512 -512 -512
-512 -512 -512 -512
-512 -512 -512 -512
-512 -512 -512 -512
-482 -108 370 511
511 511 511 511
511 511 511 511
-395 -429 -472 -512
-512 -512 -512 -512
-512 -512 -512 -512
-512 -512 -512 -512
-512 -512 -512 -512
-343 64 511 511
511 511 511 511
511 511 511 511
-340 -375 -415 -465
-512 -512 -512 -512
-512 -512 -512 -512
-512 -512 -512 -512
-512 -512 -512 -372
-38 394 511 511
511 511 511 511
511 511 511 511
-115 -151 -190 -237
-308 -357 -427 -459
-512 -512 -512 -512
-512 -512 -512 -512
-512 -421 -201 91
440 511 511 511
511 511 511 511
511 511 511 511
188 150 110 63
-4 -49 -112 -137
-195 -240 -311 -341
-396 -369 -306 -198
-80 95 334 511
511 511 511 511
511 511 511 511
511 511 511 511
511 511 511 464
399 353 294 272
219 179 118 98
59 106 192 321
460 511 511 511
511 511 511 511
511 511 511 511
511 511 511 511
511 511 511 511
511 511 511 511
511 511 511 511
511 511 511 511
511 511 511 511
511 511 511 511
511 511 511 511
511 511 511 511
511 511 511 511
511 511 511 511
511 511 511 511
511 511 511 511
511 511 511 511
511 511 511 511
511 511 511 511
511 511 511 511
511 511 511 511
511 511 511 511
511 511 511 511
511 511 511 511
511 511 511 511
511 511 511 511
511 511 511 511
511 511 511 511
511 511 511 511
511 511 511 511
511 511 511 511
511 511 511 511
511 511 511 511
511 511 511 511
511 511 511 511
511 511 511 511
511 511 511 511
511 511 511 511
511 511 511 511
511 511 511 511
511 511 511 511
511 511 511 511
511 511 511 511
511 511 511 350
511 511 511 511
511 511 511 511
511 511 511 511
511 511 511 511
511 511 511 511
511 511 511 511
511 511 511 511
511 511 -135 -512
511 511 511 511
511 511 511 511
511 511 511 511
511 511 511 511
511 511 511 511
511 511 511 511
511 511 511 511
511 -95 -512 -512
511 511 511 511
511 511 511 511
511 511 511 511
511 511 511 511
511 511 511 511
511 511 511 511
511 511 511 511
148 -512 -512 -512
511 511 511 511
511 511 511 511
511 511 511 511
511 511 511 511
511 511 511 511
511 511 511 511
511 511 511 394
-512 -512 -512 -512
511 511 511 511
511 511 511 511
511 411 231 107
102 200 415 511
511 511 511 511
511 511 511 511
511 511 511 -512
-512 -512 -512 -512
511 511 511 511
511 511 511 289
53 -204 -388 -512
-509 -397 -160 103
431 511 511 511
511 511 511 511
511 511 -287 -512
-512 -512 -512 -512
511 511 511 511
511 279 14 -280
-512 -512 -512 -512
-512 -512 -512 -371
-11 345 511 511
511 511 511 511
511 267 -512 -512
-512 -512 -512 -512
511 511 456 191
-31 -314 -512 -512
-512 -512 -512 -512
-512 -512 -512 -512
-384 11 414 511
511 511 511 511
511 -332 -512 -512
-512 -512 -512 -512
85 4 -163 -403
-512 -512 -512 -512
-512 -512 -512 -512
-512 -512 -512 -512
-512 -180 232 511
511 511 511 511
311 -512 -512 -512
-512 -512 -512 -512
-512 -512 -512 -512
-512 -512 -512 -512
-512 -512 -512 -512
-512 -512 -512 -512
-512 -204 206 511
511 511 511 511
159 -512 -512 -512
-512 -512 -512 -512
-512 -512 -512 -512
-512 -512 -512 -512
-512 -512 -512 -512
-512 -512 -512 -512
-293 121 511 511
511 511 511 511
297 -512 -512 -512
-512 -512 -512 -512
-512 -512 -512 -512
-512 -512 -512 -512
-512 -512 -512 -512
-512 -512 -512 -512
-128 306 511 511
511 511 511 511
487 -512 -512 -512
-512 -512 -512 -512
-512 -512 -512 -512
-512 -512 -512 -512
-512 -512 -512 -512
-512 -512 -512 -439
31 500 511 511
511 511 511 511
511 -280 -512 -512
-512 -512 -512 -512
-512 -512 -512 -512
-512 -512 -512 -512
-512 -512 -512 -512
-512 -512 -512 -90
407 511 511 511
511 511 511 511
511 379 -512 -512
-512 -512 -512 -512
-512 -512 -512 -512
-512 -512 -512 -512
-512 -512 -512 -512
-512 -512 -119 351
511 511 511 511
511 511 511 511
511 511 -512 -512
-512 -512 -512 -512
-512 -512 -512 -512
-512 -512 -512 -512
-512 -512 -512 -512
-512 -127 379 511
511 511 511 511
511 511 511 511
511 511 114 -512
-512 -512 -512 -512
-512 -512 -512 -512
-512 -512 -512 -512
-512 -512 -512 -391
-88 341 511 511
511 511 511 511
511 511 511 511
511 511 511 -512
-512 -512 -512 -512
-512 -512 -512 -512
-512 -512 -512 -512
-512 -501 -271 -47
288 511 511 511
511 511 511 511
511 511 511 511
511 511 511 -397
-512 -512 -512 -512
-512 -512 -512 -512
-512 -512 -512 -512
-416 -301 -43 211
511 511 511 511
511 511 511 511
511 511 511 511
511 511 511 187
-512 -512 -512 -512
-512 -512 -512 -512
-512 -512 -512 -479
-328 -193 93 377
511 511 511 511
511 511 511 511
511 511 511 511
511 511 511 511
-512 -512 -512 -512
-512 -512 -512 -512
-512 -512 -512 -481
-324 -172 139 452
511 511 511 511
511 511 511 511
511 511 511 511
511 511 511 511
-512 -512 -512 -512
-512 -512 -512 -512
-512 -512 -512 -512
-452 -285 50 391
511 511 511 511
511 511 511 511
511 511 511 511
511 511 511 511
-512 -512 -512 -512
-512 -512 -512 -512
-512 -512 -512 -512
-512 -512 -160 206
511 511 511 511
511 511 511 511
511 511 511 511
511 511 511 511
-512 -512 -512 -512
-512 -512 -512 -512
-512 -512 -512 -512
-512 -512 -473 -80
436 511 511 511
511 511 511 511
511 511 511 511
511 511 511 511
-512 -512 -512 -512
-512 -512 -512 -512
-512 -512 -512 -512
-512 -512 -512 -161
358 511 511 511
511 511 511 511
511 511 511 511
511 511 511 511
-512 -512 -512 -512
-512 -512 -512 -512
-512 -512 -512 -512
-512 -512 -512 -262
260 511 511 511
511 511 511 511
511 511 511 511
511 511 511 341
-512 -512 -512 -512
-512 -512 -512 -512
-512 -512 -512 -512
-512 -512 -512 -430
96 511 511 511
511 511 511 511
511 511 511 511
511 511 511 113
-512 -512 -512 -512
-512 -512 -512 -512
-512 -512 -512 -512
-512 -512 -512 -512
23 511 511 511
511 511 511 511
511 511 511 511
511 511 511 -7
-512 -512 -512 -512
-512 -512 -512 -512
-512 -512 -512 -512
-512 -512 -512 -512
-249 331 511 511
511 511 511 511
511 511 511 511
511 511 511 130
-512 -512 -512 -512
-512 -512 -512 -512
-512 -512 -512 -512
-512 -512 -512 -512
-512 -168 387 511
511 511 511 511
511 511 511 511
511 511 511 511
-361 -512 -512 -512
-512 -512 -512 -512
-512 -512 -512 -512
-512 -512 -512 -512
-512 -512 -102 394
511 511 511 511
511 511 511 511
511 511 511 511
425 -175 -512 -512
-512 -512 -512 -512
-512 -512 -512 -512
-512 -512 -512 -512
-512 -512 -481 -6
481 511 511 511
511 511 511 511
511 511 511 511
511 511 446 241
-512 -512 -512 -512
-512 -512 -512 -512
-512 -512 -512 -512
-512 -512 -512 -303
156 511 511 511
511 511 511 511
511 511 511 511
511 511 511 511
-512 -512 -512 -512
-512 -512 -512 -512
-512 -512 -512 -512
-512 -512 -512 -512
-94 433 511 511
511 511 511 511
511 511 511 511
511 511 511 511
-512 -512 -512 -512
-512 -512 -512 -512
-512 -512 -512 -512
-512 -512 -512 -512
-256 265 511 511
511 511 511 511
511 511 511 511
511 511 511 511
-512 -512 -512 -512
-512 -512 -512 -512
-512 -512 -512 -512
-512 -512 -512 -512
-323 191 511 511
511 511 511 511
511 511 511 511
511 511 511 511
-512 -512 -512 -512
-512 -512 -512 -512
-512 -512 -512 -512
-512 -512 -512 -512
-388 121 511 511
511 511 511 511
511 511 511 511
511 511 511 511
-512 -512 -512 -512
-512 -512 -512 -512
-512 -512 -512 -512
-512 -512 -512 -512
-415 97 511 511
511 511 511 511
511 511 511 511
511 511 511 511
