-512 -512 -512 -512
-512 -245 345 511
511 511 511 511
511 511 511 511
511 511 511 511
511 511 511 511
511 511 511 511
511 511 511 511
-512 -512 -512 -512
-512 -509 -32 450
511 511 511 511
511 511 511 511
511 511 511 511
511 511 511 511
511 511 511 511
511 511 511 511
-512 -512 -512 -512
-512 -512 -512 -337
93 511 511 511
511 511 511 511
511 511 511 511
511 511 511 511
511 511 511 511
511 511 511 511
-512 -512 -512 -512
-512 -512 -512 -512
-512 -387 84 511
511 511 511 511
511 511 511 511
511 511 511 511
511 511 511 511
511 511 511 511
-512 -512 -512 -512
-512 -512 -512 -512
-512 -512 -512 -512
-375 225 511 511
511 511 511 511
511 511 511 511
511 511 511 511
511 511 511 511
-512 -512 -512 -512
-512 -512 -512 -512
-512 -512 -512 -512
-512 -512 -512 -168
439 511 511 511
511 511 511 511
511 511 511 511
511 511 511 511
-512 -512 -512 -512
-512 -512 -512 -512
-512 -512 -512 -512
-512 -512 -512 -512
-512 -512 -122 397
511 511 511 511
511 511 511 511
511 511 511 511
-512 -512 -512 -512
-512 -512 -512 -512
-512 -512 -512 -512
-512 -512 -512 -512
-512 -512 -512 -512
-512 -22 511 511
511 511 511 511
511 511 511 511
-512 -512 -512 -512
-512 -512 -512 -512
-512 -512 -512 -512
-512 -512 -512 -512
-512 -512 -512 -512
-512 -512 -158 443
511 511 511 511
511 511 511 511
-512 -512 -512 -512
-512 -512 -512 -512
-512 -512 -512 -512
-512 -512 -512 -512
-512 -512 -512 -512
-512 -512 -305 244
511 511 511 511
511 511 511 511
-512 -512 -512 -512
-512 -512 -512 -512
-512 -512 -512 -512
-512 -512 -512 -512
-512 -512 -512 -512
-461 -82 367 511
511 511 511 511
511 511 511 511
-512 -512 -512 -512
-512 -512 -512 -512
-512 -512 -512 -512
-512 -512 -512 -512
-512 -382 -20 330
511 511 511 511
511 511 511 511
511 511 511 511
-512 -512 -512 -512
-512 -512 -512 -512
-512 -512 -512 -512
-512 -512 -512 -512
-133 316 511 511
511 511 511 511
511 511 511 511
511 511 511 511
511 511 511 151
-283 -512 -512 -512
-512 -512 -512 -512
-512 -512 -512 -303
125 511 511 511
511 511 511 511
511 511 511 511
511 511 511 511
511 511 511 511
511 336 -134 -425
-512 -512 -512 -512
-512 -512 -512 -216
95 451 511 511
511 511 511 511
511 511 511 511
511 511 511 511
511 511 511 511
511 511 222 13
-182 -244 -345 -356
-412 -391 -344 -228
-123 25 219 468
511 511 511 511
511 511 511 511
511 511 511 511
511 511 511 511
511 511 511 511
511 511 511 511
511 400 183 10
-178 -335 -439 -452
-398 -205 234 511
511 511 511 511
511 511 511 511
511 511 511 511
511 511 511 511
511 511 511 511
511 511 511 511
228 -163 -512 -512
-512 -512 -512 -370
331 511 511 511
511 511 511 511
511 511 511 511
511 511 511 511
511 511 511 511
511 511 511 511
511 511 388 -60
-438 -512 -512 -512
-512 11 511 511
511 511 511 511
511 511 511 511
511 511 511 511
511 511 511 511
511 511 511 511
511 511 511 511
511 342 -117 -470
-512 -512 -398 3
511 511 511 511
511 511 511 511
511 511 511 511
511 511 511 511
511 511 511 511
511 511 511 511
511 511 511 218
-408 -512 -512 -512
-512 -512 -512 -512
511 511 511 511
511 511 511 511
511 511 511 511
511 511 511 511
511 511 511 511
511 511 511 511
306 -512 -512 -512
-512 -512 -512 -512
511 511 511 511
511 511 511 511
368 -146 -458 -512
-406 -77 438 511
511 511 511 511
511 511 511 511
511 131 -512 -512
-512 -512 -512 -512
511 511 511 511
511 511 511 511
234 -512 -512 -512
-512 -512 -512 -512
-28 511 511 511
511 511 511 511
511 511 -29 -512
-512 -512 -512 -512
511 511 511 511
511 511 511 511
279 -512 -512 -512
-512 -512 -512 -512
-512 -512 -99 511
511 511 511 511
511 511 511 84
-512 -512 -512 -512
511 511 511 511
511 511 511 511
511 165 -512 -512
-512 -512 -512 -512
-512 -512 -512 -512
208 511 511 511
511 511 511 511
19 -512 -512 -512
511 511 511 511
511 511 511 511
511 511 511 -316
-512 -512 -512 -512
-512 -512 -512 -512
-512 -512 87 511
511 511 511 511
481 106 -203 -377
511 511 511 511
511 511 511 511
511 511 511 511
84 -512 -512 -512
-512 -512 -512 -512
-512 -512 -512 -512
-98 328 511 511
511 511 511 487
511 511 511 511
511 511 511 511
511 511 511 511
511 77 -512 -512
-512 -512 -512 -512
-512 -512 -512 -512
-512 -347 245 511
511 511 511 511
511 511 511 511
511 511 511 511
511 511 511 511
511 511 -38 -512
-512 -512 -512 -512
-512 -512 -512 -512
-512 -512 -399 -28
222 372 442 487
511 511 511 511
511 511 511 511
511 511 511 511
511 511 511 -324
-512 -512 -512 -512
-512 -512 -512 -512
-512 -512 -512 -330
-121 18 90 140
91 258 511 511
511 511 511 511
511 511 511 511
511 511 481 -19
-476 -512 -512 -512
-512 -512 -512 -512
-512 -512 -465 -295
-172 -87 -39 -7
