280 511 511 -512
242 511 511 -512
79 511 511 -512
-128 511 511 -512
-376 511 511 -512
-512 511 511 -512
-512 511 511 -512
-512 511 511 -512
-512 511 511 -512
-512 511 126 -512
-512 511 -297 -512
-512 511 -512 -512
-512 511 -512 -512
-512 511 -512 -512
-512 511 -512 -512
-512 511 -512 -512
-512 511 -512 -512
-512 511 -512 -512
-512 511 -512 -512
-512 511 -512 -512
-512 511 -512 -512
-512 511 -512 -437
-512 511 -512 -264
-512 511 -512 -83
-512 511 -512 84
-512 511 -512 271
-512 511 -512 423
-512 511 -512 511
-512 511 -512 511
-512 511 -512 511
-512 511 -500 511
-474 511 -330 511
177 511 191 511
511 511 511 511
511 511 511 511
511 511 511 297
511 511 511 -68
511 511 511 -367
511 511 511 -512
511 511 511 -512
511 511 511 -512
511 511 511 -512
511 511 511 -512
511 511 511 -512
511 511 511 -512
511 511 511 -512
511 511 511 -512
511 511 511 -512
511 511 511 -512
511 511 511 -512
511 511 511 -512
511 511 511 -512
511 511 511 -512
511 387 511 -512
511 77 511 -512
511 -205 511 -512
511 -445 511 -512
511 -512 511 -512
511 -512 511 -512
511 -512 334 -512
511 -512 108 -512
511 -512 -43 -512
511 -512 -168 -512
511 -512 -223 -512
