-103 -183 -257 -266
-243 -143 24 243
511 511 511 511
511 511 511 511
511 511 511 511
511 511 511 511
438 300 247 262
354 466 511 511
-165 -295 -421 -445
-418 -263 0 353
511 511 511 511
511 511 511 511
511 511 511 511
511 511 511 511
511 511 511 511
511 511 511 511
-189 -354 -512 -512
-512 -512 -309 14
492 511 511 511
511 511 511 511
511 511 511 511
511 511 511 511
511 511 511 511
511 511 511 511
-171 -342 -512 -512
-512 -512 -512 -512
-201 287 511 511
511 511 511 511
511 511 511 511
511 511 511 511
511 511 511 511
511 511 511 511
-99 -222 -377 -512
-512 -512 -512 -512
-512 -512 -152 461
511 511 511 511
511 511 511 511
511 511 511 511
511 511 511 511
511 511 511 511
-26 -89 -198 -380
-512 -512 -512 -512
-512 -512 -512 -512
-43 511 511 511
511 511 511 511
511 511 511 511
511 511 511 511
511 511 511 511
-33 -95 -197 -381
-512 -512 -512 -512
-512 -512 -512 -512
-512 -140 511 511
511 511 511 511
511 511 511 511
511 511 511 511
511 511 511 511
-144 -303 -464 -512
-512 -512 -512 -512
-512 -512 -512 -512
-512 -512 -353 277
511 511 511 511
511 511 511 511
511 511 511 511
511 511 511 511
-365 -512 -512 -512
-512 -512 -512 -512
-512 -512 -512 -512
-512 -512 -512 -512
-161 270 511 511
511 511 511 511
511 511 511 511
511 511 354 202
-512 -512 -512 -512
-512 -512 -512 -512
-512 -512 -512 -512
-512 -512 -512 -512
-512 -512 -457 -227
-21 216 444 511
511 511 511 291
-122 -512 -512 -512
-512 -512 -512 -512
-512 -512 -512 -512
-512 -512 -512 -512
-512 -512 -512 -512
-512 -512 -512 -512
-512 -512 -486 -298
-202 -201 -370 -512
-512 -512 -512 -512
-512 -512 -512 -512
-512 -512 -512 -512
-512 -512 -512 -512
-512 -512 -512 -512
-512 -512 -512 -512
-512 -512 -512 -382
-324 -385 -512 -512
-512 -512 -512 -512
-512 -512 -512 -512
-512 -512 -512 -512
-512 -512 -512 -512
-512 -512 -512 -512
-512 -512 -512 -512
-512 -288 36 251
292 165 -213 -512
-512 -512 -512 -512
-512 -512 -512 -512
-512 -512 -512 -512
-512 -512 -512 -512
-512 -512 -512 -512
-512 -512 -512 -512
-269 269 511 511
511 511 511 -69
-512 -512 -512 -512
-512 -512 -512 -512
-512 -512 -512 -512
-512 -512 -512 -512
-512 -512 -512 -512
-512 -512 -512 -512
-85 511 511 511
511 511 511 511
148 -512 -512 -512
-215 -468 -512 -512
-512 -512 -512 -512
-512 -512 -512 -512
-512 -512 -512 -512
-512 -512 -512 -512
-365 243 511 511
511 511 511 511
511 511 511 511
-5 -35 -119 -305
-505 -512 -512 -512
-512 -512 -512 -512
-512 -512 -512 -512
-512 -512 -512 -512
-512 -512 64 511
511 511 511 511
511 511 511 511
17 32 -37 -180
-338 -452 -512 -512
-512 -512 -512 -512
-512 -512 -512 -512
-512 -512 -512 -512
-512 -512 -512 -19
511 511 511 511
511 511 511 511
-113 -209 -394 -512
-512 -512 -512 -512
-512 -473 -262 -109
-91 -119 -294 -512
-512 -512 -512 -512
-512 -512 -512 -512
481 511 511 511
511 511 511 511
-340 -512 -512 -512
-512 -512 -512 -512
-512 -512 -232 276
511 511 511 511
500 41 -393 -512
-512 -512 -512 -512
186 511 511 511
511 511 511 511
-512 -512 -512 -512
-512 -512 -512 -512
-512 -512 -512 -99
511 511 511 511
511 511 511 511
94 -311 -480 -215
423 511 511 511
511 511 511 511
-440 -512 -512 -512
-512 -512 -512 -512
-512 -512 -512 -433
408 511 511 511
511 511 511 511
511 511 511 511
511 511 511 511
511 511 511 511
-168 -428 -512 -512
-512 -512 -512 -512
-512 -512 -512 -512
-471 472 511 511
511 511 511 511
511 511 511 511
511 511 511 511
511 511 511 511
262 381 315 -15
-512 -512 -512 -512
-512 -512 -512 -512
-512 -512 148 511
511 511 511 511
511 511 511 511
511 511 511 511
511 511 511 511
511 511 511 511
511 511 -120 -512
-512 -512 -512 -512
-512 -512 -512 -245
511 511 511 511
511 511 511 511
511 511 511 511
511 511 511 511
511 511 511 511
511 511 511 511
-365 -512 -512 -512
-512 -512 -512 -512
-420 511 511 511
511 511 511 511
511 511 511 511
511 511 511 511
511 511 511 511
511 511 511 511
511 308 -512 -512
-512 -512 -512 -512
-512 -512 511 511
511 511 511 511
511 511 511 511
511 511 511 511
511 511 511 511
511 511 511 511
511 511 511 -180
-512 -512 -512 -512
-512 -512 -432 511
511 511 511 511
511 511 511 511
511 511 511 511
511 511 511 511
511 511 511 511
511 511 511 511
511 132 -512 -512
-512 -512 -512 -121
511 511 511 511
511 511 511 511
511 511 511 511
511 511 511 511
511 511 511 511
511 511 511 511
511 511 511 511
-35 -502 -512 -512
-257 233 511 511
511 511 511 511
511 511 511 511
326 511 511 511
511 511 511 511
511 511 511 511
511 511 511 511
511 -63 -512 -512
-512 -512 -293 432
511 511 511 511
511 511 511 511
133 496 511 511
511 511 511 511
511 511 511 511
511 511 511 511
511 254 -512 -512
-512 -512 -512 -184
511 511 511 511
511 511 511 511
