-512 -512 -512 -512
-512 -512 -512 -512
-512 -512 -512 -411
-220 -251 -496 -512
-512 -512 -512 -512
-512 -512 -512 -512
-512 -109 511 511
511 511 511 511
-512 -512 -512 -512
-512 -512 -512 -512
113 511 511 511
511 511 511 -285
-512 -512 -512 -512
-512 -512 -512 -512
-512 146 511 511
511 511 391 220
-512 -512 -512 -512
-512 -512 511 511
511 511 511 511
511 511 511 -512
-512 -512 -512 -512
-512 -512 -512 -352
99 153 -214 -512
-512 -512 -512 -512
-512 -512 -512 -512
-512 511 511 511
511 511 511 511
511 -502 -512 -512
-512 -512 -512 -512
-512 -512 -512 -512
-512 -512 -512 -512
-512 -512 -512 -512
-512 -512 -512 -112
511 511 511 511
511 -82 -512 -512
-512 -512 -512 -512
-512 -512 -512 -512
-512 -512 -512 -512
-437 -512 -512 -512
-512 -512 -512 -512
-512 -505 -318 -130
-26 -49 -334 -512
-512 -512 -512 -512
-512 -512 -512 -512
-512 -512 -512 -512
-512 -512 -512 -512
-512 -512 -512 -450
-120 219 492 511
511 511 511 511
511 511 511 511
511 511 196 -512
-512 -512 -512 -512
-512 -512 -512 -512
-512 -512 -512 -512
-512 -512 -24 511
511 511 511 511
511 511 511 511
511 511 511 511
511 511 511 511
511 -275 -512 -512
-512 -512 -512 -512
-512 -512 -308 363
511 511 511 511
511 511 511 511
