511 511 511 511
511 511 511 511
511 511 511 511
511 511 18 -157
511 385 174 14
-80 -27 265 511
511 511 511 511
511 511 124 -242
129 30 -24 62
252 511 511 511
511 511 511 511
511 511 -512 -512
511 511 511 511
511 511 511 511
511 511 511 511
-512 -512 -512 -512
-512 -512 -512 -512
-512 -512 -512 -512
215 460 -8 -512
-512 -512 -512 -512
-512 -512 -512 -512
252 511 511 511
511 511 511 511
-512 -512 -512 -512
-512 -512 -512 -512
-142 511 511 511
511 511 511 511
511 511 511 482
-512 -512 -512 -512
-512 -512 -512 -512
-296 511 511 511
511 511 511 511
