-512 -512 -512 -512
-512 -512 -512 -512
294 511 511 511
175 -512 -512 -512
-512 -512 -512 -512
-512 -512 -512 -512
-287 511 511 511
511 511 511 360
-512 -512 -512 -512
-512 -512 -512 -512
510 511 511 511
225 -512 -512 -512
-512 -512 -512 -512
-512 -512 -512 -512
-302 511 511 511
511 511 350 90
-512 -512 -512 -512
-512 -512 -512 -152
511 511 511 511
387 -512 -512 -512
-512 -512 -512 -512
-512 -512 -512 -512
-299 494 511 511
511 206 -213 -492
-512 -512 -512 -512
-512 -512 -512 445
511 511 511 511
511 -512 -512 -512
-512 -512 -512 -512
-512 -512 -512 -512
-349 289 511 454
-1 -512 -512 -512
-512 -512 -512 -512
-512 -512 -141 511
511 511 511 511
511 -512 -512 -512
-512 -512 -512 -512
-512 -512 -512 -512
-418 35 136 -168
-512 -512 -512 -512
-512 -512 -512 -512
-512 -512 511 511
511 511 511 511
511 -512 -512 -512
-512 -512 -512 -512
-512 -512 -512 -512
-393 -115 -191 -512
-512 -512 -512 -512
-512 -512 -512 -512
-512 117 511 511
511 511 511 511
511 -237 -512 -512
-512 -512 -512 -512
-512 -512 -512 -512
-512 -501 -512 -512
-512 -512 -512 -512
-512 -512 -512 -512
-512 511 511 511
511 511 511 511
511 -140 -512 -512
-512 -512 -512 -512
-512 -512 -512 -512
-512 -512 -512 -512
-512 -512 -512 -512
-512 -512 -512 -512
243 511 511 511
511 511 511 511
511 -369 -512 -512
-512 -512 -512 -512
-512 -512 -512 -512
-512 -512 -512 -512
-512 -512 -512 -512
-512 -512 -512 -230
511 511 511 511
511 511 511 511
397 -512 -512 -512
-512 -512 -512 -512
-512 -512 -512 -512
-512 -512 -512 -512
-512 -512 -512 -512
-512 -512 -295 511
511 511 511 511
511 511 511 511
-512 -512 -512 -512
-512 -512 -512 -512
-512 -512 -512 -512
-512 -512 -512 -512
-512 -512 -512 -512
-512 38 511 511
511 511 511 511
511 511 511 -512
-512 -512 -512 -512
-512 -512 -512 -512
-512 -512 -512 -512
-469 -512 -512 -512
-512 -512 -512 -512
511 511 511 511
511 511 511 511
511 511 -512 -512
-512 -512 -512 -512
-512 -512 -512 -512
-512 -512 -512 -487
-471 -512 -512 -512
-512 -512 -512 -512
511 511 511 511
511 511 511 511
511 -316 -512 -512
-512 -512 -512 -512
-512 -512 -512 -512
-512 -512 -512 -512
-512 -512 -512 -512
-512 -512 -512 -512
511 511 511 511
511 511 511 511
-343 -512 -512 -512
-512 -512 -512 -512
-512 -512 -512 -512
-512 -512 -512 -512
-512 -512 -512 -512
-512 -512 -512 -512
511 511 511 511
511 511 511 -235
-512 -512 -512 -512
-512 -512 -512 -512
-512 -512 -512 -512
-512 -512 -512 -512
-512 -512 -512 -512
-512 -512 -512 -512
511 511 511 511
511 511 45 -512
-512 -512 -512 -512
-512 -512 -512 -512
-512 -512 -512 -512
-512 -512 -512 -512
-512 -512 -512 -512
-512 -512 -282 -102
511 511 511 511
511 511 -496 -512
-512 -512 -512 -512
-512 -512 -512 -512
-512 -512 -512 -512
-512 -512 -512 -512
-512 -512 -512 -512
-177 337 511 511
511 511 511 511
511 478 -512 -512
-512 -512 -512 -512
-512 -512 -512 -512
-512 -512 -512 -512
-512 -512 -512 -512
-512 -512 -497 9
511 511 511 511
511 511 511 511
511 511 -393 -512
-512 -512 -512 -512
-512 -512 -512 -512
-512 -512 -512 -512
-512 -512 -512 -512
-512 -512 -2 511
511 511 511 511
511 511 511 511
511 511 171 -512
-512 -512 -512 -512
-512 -512 -512 -512
-512 -512 -512 -512
-512 -512 -512 -512
-512 -259 496 511
511 511 511 511
511 511 511 511
511 511 511 342
-243 -512 -512 -512
-512 -512 -512 -512
-512 -512 -512 -512
-512 -512 -512 -512
-512 27 511 511
511 511 511 511
511 511 511 511
511 511 511 511
511 511 434 238
79 -60 -197 -310
-452 -512 -512 -512
-512 -512 -512 -512
-273 326 511 511
511 511 511 511
511 511 511 511
511 511 511 511
511 511 511 511
511 511 511 292
5 -293 -512 -512
-512 -512 -512 -428
49 511 511 511
511 511 511 511
511 511 511 511
511 511 511 511
511 511 511 511
511 511 511 511
345 -5 -292 -482
-512 -501 -294 -6
463 511 511 511
511 511 511 511
511 511 511 511
511 511 511 511
511 511 511 511
511 511 511 511
287 -47 -295 -433
-422 -328 -90 202
511 511 511 511
511 511 511 511
511 511 511 511
511 511 511 511
511 511 511 511
511 511 511 511
309 23 -158 -222
-136 16 277 511
511 511 511 511
511 511 511 511
511 511 511 511
511 511 511 511
511 511 511 511
511 511 511 511
456 262 171 182
321 498 511 511
511 511 511 511
511 511 511 511
511 511 511 511
511 511 511 511
511 511 511 511
511 511 511 511
511 511 511 511
511 511 511 511
511 511 511 511
511 511 511 511
511 511 511 511
511 511 511 511
511 511 511 511
511 511 511 511
511 511 511 511
511 511 511 511
511 511 511 511
511 511 511 511
511 511 511 511
511 511 511 511
511 511 511 511
511 511 511 511
511 511 511 511
511 511 511 511
511 511 511 511
511 511 511 511
511 511 511 511
511 511 511 511
511 511 511 511
511 511 463 410
392 404 445 505
511 511 511 511
511 511 511 511
511 479 415 382
