-512 -512 -512 -512
-307 62 263 262
63 -298 -512 -512
-512 -512 -512 -512
-512 -512 -512 -512
-512 -512 -512 -512
-512 -512 -512 -400
225 511 511 421
511 511 511 511
511 511 430 -292
-512 -512 -512 -512
-512 -512 -512 -512
-512 -512 -512 -512
-512 -512 -512 -512
-512 277 511 511
511 511 511 511
511 511 511 511
511 511 511 511
-230 -512 -512 -512
-512 -512 -512 -512
-512 -512 -512 -512
-512 -194 406 511
511 511 511 511
511 511 511 511
511 511 511 511
511 511 511 511
511 291 144 174
308 511 511 511
511 511 511 511
511 511 511 511
511 511 511 511
511 511 511 511
511 511 511 511
511 511 511 511
511 511 511 511
511 511 511 511
511 511 511 511
511 511 511 267
-299 -512 -512 -512
-512 -512 -512 -464
511 511 511 511
511 511 511 511
511 511 511 511
511 511 511 511
511 511 511 511
-167 -512 -512 -512
-512 -512 -512 -512
-512 -512 -512 -512
511 511 511 511
511 511 511 511
511 511 511 511
511 511 511 511
479 -68 -512 -512
-512 -512 -512 -512
-512 -512 -512 -512
-512 -512 -512 -369
511 511 511 511
511 511 511 511
511 511 511 511
284 -139 -512 -512
-512 -512 -512 -512
-512 -512 -294 14
305 511 511 511
511 511 511 270
-316 -203 -56 177
398 511 511 511
511 511 511 511
511 452 350 317
394 511 511 511
511 511 511 511
511 511 511 511
511 511 511 511
-512 -503 -250 147
511 511 511 511
511 511 511 511
511 511 511 511
511 511 511 511
511 511 511 511
511 511 511 511
511 511 511 511
511 511 511 511
511 511 511 511
511 511 511 511
511 511 511 511
511 511 511 511
511 511 511 511
511 511 511 511
511 511 511 511
511 511 511 511
511 511 511 511
511 511 511 511
511 511 511 511
511 511 511 511
511 201 -452 -512
-512 -512 -512 -512
-512 -512 -512 -407
511 511 511 511
511 511 511 511
511 511 511 511
511 511 511 511
511 511 511 138
-512 -512 -512 -512
-512 -512 -512 -512
-512 -512 -512 -512
511 511 511 511
511 511 511 511
511 511 511 511
511 511 511 511
493 -378 -512 -512
-512 -512 -512 -512
-512 -512 -512 -512
-512 -512 -512 -512
511 511 511 511
511 511 511 511
511 511 511 511
511 511 -377 -512
-512 -512 -512 -512
-512 -512 -512 -512
-512 -512 -190 294
511 511 511 321
-71 60 322 511
511 511 511 511
511 511 511 511
511 -348 -512 -512
-512 -512 -512 -512
-512 -512 -512 -512
121 511 511 511
511 511 511 511
