47 -119 -471 -512
-512 -512 -512 -512
-512 -512 -512 -512
-512 -512 -512 -512
-512 -512 169 511
511 511 511 511
511 511 511 511
511 511 511 511
-512 -512 -512 -512
-365 511 511 511
511 511 511 511
511 511 487 -512
-512 -512 -512 -512
-512 -512 -512 -512
-512 -512 28 503
511 511 511 394
251 269 305 356
440 511 511 511
511 511 511 511
511 511 511 511
511 511 511 511
511 138 -275 -512
-512 -512 -512 -512
-512 -512 -512 -377
511 511 511 511
511 511 511 511
511 511 511 511
511 511 511 511
511 511 511 511
511 151 -512 -512
-512 -512 -512 -512
-512 -512 -512 -512
