511 -37 511 -512
511 -48 511 -512
511 -62 511 -512
511 -18 511 -512
511 64 511 -512
72 245 511 -512
-512 494 511 -512
-512 511 511 -512
-512 511 7 -512
-512 511 -512 -512
-512 511 -512 -512
-512 511 -512 -512
-512 511 -512 -512
-512 511 -512 -512
-512 511 -512 -512
-512 511 -512 -512
-512 511 -512 -365
-512 511 -264 -62
-512 511 270 174
243 511 511 187
511 511 511 -512
511 511 511 -512
511 511 511 -512
511 511 511 -512
511 511 511 -512
511 511 511 -512
511 511 511 -512
511 511 511 -512
511 511 511 -512
511 419 511 -512
511 61 374 -512
511 -170 111 -512
