-512 -512 -512 -512
-512 -512 85 511
511 511 511 511
511 511 511 511
511 -91 -512 -512
-512 -512 -512 -512
-512 -512 -512 -512
-512 -512 -512 -512
-313 -512 -512 -349
-5 431 511 511
511 511 511 511
511 511 511 511
63 -512 -512 -512
-512 -512 -512 -512
-512 -512 -512 -512
-512 -512 -512 -512
158 398 511 511
511 511 511 511
511 511 511 511
511 511 511 -138
-512 -512 -512 -512
-512 -512 -512 -512
-512 -512 -512 -512
-512 -512 -512 -512
511 511 511 511
511 511 511 511
511 511 511 511
511 511 511 -142
-512 -512 -512 -512
-512 -512 -512 -512
-512 -512 -512 -512
-512 -512 -415 -98
511 511 511 511
511 511 511 511
511 511 511 511
511 511 511 -89
-512 -512 -512 -512
-512 -512 -512 -512
-512 -512 -512 -512
-50 511 511 511
511 511 511 511
511 511 511 511
511 511 511 511
511 478 -134 -512
-512 -512 -512 -512
-512 -512 -512 -323
203 511 511 511
511 511 511 511
511 511 511 511
511 511 511 511
511 511 511 511
448 -60 -438 -512
-512 -512 -262 98
511 511 511 511
511 511 511 511
511 511 511 511
511 511 511 511
511 511 511 511
511 511 219 -61
-273 -368 -284 -44
340 511 511 511
511 511 511 511
511 511 511 511
511 511 511 511
345 511 511 511
511 395 143 -78
-245 -348 -381 -282
-113 174 511 511
511 511 511 511
511 511 511 511
511 511 511 511
511 511 511 511
146 222 195 52
-144 -323 -471 -512
-476 -301 -24 381
511 511 511 511
511 511 511 511
511 511 511 511
511 511 511 511
511 444 39 -200
82 112 62 -40
-166 -230 -194 -67
211 511 511 511
511 511 511 511
511 511 511 511
511 511 511 511
511 511 511 511
-4 -512 -512 -512
137 245 284 317
335 432 511 511
511 511 511 511
511 511 511 511
511 511 511 511
511 511 511 511
511 511 511 178
-392 -512 -512 -512
237 474 511 511
511 511 511 511
511 511 511 511
511 511 511 511
511 511 511 511
511 511 511 511
511 511 511 268
-39 -323 -497 -512
260 511 511 511
511 511 511 511
511 511 511 511
511 511 511 511
511 511 511 511
511 511 511 511
506 331 217 135
120 80 78 30
173 374 511 511
511 511 511 511
511 511 511 511
511 511 511 511
511 511 511 511
265 17 -144 -195
-153 -37 141 354
511 511 511 511
8 60 113 223
363 511 511 511
511 511 511 511
511 511 511 511
291 -48 -315 -512
-512 -512 -512 -410
-115 249 511 511
511 511 511 511
-212 -363 -481 -512
-483 -352 -221 -28
151 294 395 421
356 234 32 -212
-428 -512 -512 -512
-512 -512 -375 23
501 511 511 511
511 511 511 511
-409 -512 -512 -512
-512 -512 -512 -512
-512 -484 -331 -218
-190 -199 -283 -408
-499 -512 -512 -512
-396 -131 245 511
511 511 511 511
511 511 511 511
-512 -512 -512 -512
-512 -512 -512 -512
-512 -512 -512 -302
-172 -67 -27 -40
-29 -77 10 133
336 511 511 511
511 511 511 511
511 511 511 511
-474 -512 -512 -512
-512 -512 -512 -512
-512 -481 -209 72
280 478 511 511
511 511 511 511
511 511 511 511
511 511 511 511
511 511 511 511
-329 -512 -512 -512
-512 -512 -512 -507
-306 -93 160 445
511 511 511 511
511 511 511 511
511 511 511 511
511 511 511 511
511 511 511 511
-102 -160 -206 -209
-171 -72 -1 92
210 357 511 511
511 511 511 511
511 511 511 511
511 511 511 511
511 511 511 511
511 511 511 511
146 298 421 511
511 511 511 511
511 511 511 511
511 511 511 511
511 511 511 511
511 511 511 511
511 511 511 511
511 511 511 511
329 511 511 511
511 511 511 511
511 511 511 511
511 511 511 511
511 511 511 511
511 511 511 511
511 511 511 352
-351 -512 -512 -512
375 511 511 511
511 511 511 511
511 511 511 511
511 511 511 511
511 511 511 511
511 511 511 511
511 511 354 -512
-512 -512 -512 -512
281 511 511 511
511 511 511 511
511 511 511 511
511 511 511 511
511 511 511 511
511 511 511 511
511 401 -512 -512
-512 -512 -512 -512
102 180 226 303
357 449 511 511
511 511 511 511
511 511 511 511
511 511 511 511
511 511 511 511
39 -512 -512 -512
-512 -512 -512 -512
-119 -224 -325 -303
-241 -53 323 511
511 511 511 511
511 511 511 511
511 511 511 511
511 511 -36 -512
-512 -512 -512 -512
-512 -512 -512 -512
-295 -512 -512 -512
-512 -375 136 511
511 511 511 511
511 511 511 511
511 511 511 511
-98 -512 -512 -512
-512 -512 -512 -512
-512 -512 -340 -201
-367 -512 -512 -512
-512 -463 97 511
511 511 511 511
511 511 511 511
511 511 511 -322
-512 -512 -512 -512
-512 -512 -512 -512
-328 343 511 511
-333 -512 -512 -512
-512 -406 75 511
511 511 511 511
511 511 511 511
511 511 99 -512
-512 -512 -512 -512
-512 -512 -512 -512
127 511 511 511
-201 -357 -483 -489
-428 -253 25 376
511 511 511 511
511 511 511 511
511 410 -141 -512
-512 -512 -512 -512
-512 -512 -512 -278
217 511 511 511
