0
0
-180
0
0
0
0
0
0
0
0
0
0
-43
0
0
0
0
0
-2
0
0
-100
0
0
0
0
0
0
0
0
0
0
0
-31
0
0
0
0
0
0
0
0
0
0
0
0
0
0
0
0
0
0
0
0
0
0
0
0
0
0
-123
0
0
0
0
0
0
0
0
0
0
0
0
0
0
0
0
0
0
0
0
0
0
-126
0
0
0
0
0
0
0
0
0
0
0
0
0
0
0
0
0
0
0
0
0
0
0
0
0
0
0
0
0
0
0
0
0
0
0
0
0
0
0
-115
0
0
0
0
0
0
0
-175
0
0
0
0
-57
0
0
0
67
0
0
0
0
0
0
0
0
0
0
0
0
0
0
0
0
0
0
0
0
-82
0
0
0
0
0
0
0
0
0
0
0
0
0
0
0
-90
0
0
0
0
0
0
0
0
0
0
0
0
0
0
0
0
0
0
0
-36
0
0
0
0
0
29
0
0
0
0
0
0
0
0
0
0
0
0
0
0
0
0
0
0
0
0
0
0
0
0
0
0
0
0
0
0
0
0
173
0
0
0
0
0
0
0
0
0
0
0
0
0
0
0
0
0
0
