-34 22 11 -1
9 8 -6 -29
1 12 -14 -1
15 -17 -11 18
3 -15 -8 37
11 -32 -8 1
-21 4 7 11
11 -1 -8 -14
0 -5 8 1
-20 14 22 -26
-9 11 -4 9
16 -18 -17 2
-1 -15 9 22
-1 -8 -6 -12
-14 17 -2 -15
8 11 0 1
-16 11 10 -4
2 7 -7 -16
-4 2 -2 8
23 -21 -33 20
10 -14 -11 17
13 -20 -9 24
-12 -6 16 3
-2 14 -4 -16
-21 13 22 -13
-1 18 -16 -23
3 -11 13 9
-11 2 -3 -17
1 -20 7 17
11 -8 -19 12
3 -28 14 24
-7 1 0 -12
-17 17 10 -11
15 2 -28 1
-1 -11 13 9
2 -2 -19 -1
-9 0 0 3
18 -4 -17 14
-14 -3 19 1
-1 12 -10 -16
-13 10 14 -8
3 6 -18 -11
5 -8 1 7
-3 -4 0 -1
9 -37 7 36
-2 -10 -1 -3
-4 -7 4 13
3 -6 -6 -5
1 5 8 -7
-17 10 10 -22
-19 10 8 0
13 0 -17 -6
-8 -10 5 21
-2 -2 7 -19
-6 19 -11 -11
15 -7 -10 15
-7 -2 5 19
4 -15 -11 -14
-14 2 -3 20
15 -15 -8 -6
7 -15 -2 15
-10 -1 18 -9
-17 7 11 12
-1 -3 -4 -32
