-165 -232 -164 146
511 511 511 511
511 511 511 511
511 511 511 511
-393 -512 -512 -512
-512 -512 -512 -512
-512 -512 -512 -512
-512 -512 -512 -512
511 511 511 511
511 511 511 511
511 511 511 511
441 -239 -512 -512
-512 -512 -512 -512
-512 -512 -512 -512
-512 -272 347 511
511 511 511 511
301 511 511 511
511 439 305 199
171 220 342 511
511 511 511 511
511 511 511 511
511 511 511 511
511 511 511 511
511 511 511 348
486 511 511 511
511 511 511 511
511 511 511 511
511 511 511 511
511 511 511 511
511 511 511 511
294 -60 -374 -512
-512 -512 -512 -512
-114 -180 -230 -220
-159 -27 107 287
439 511 511 500
328 85 -245 -512
-512 -512 -512 -512
-512 -512 -512 -512
-59 505 511 511
511 511 511 511
-211 -333 -423 -431
-352 -163 -31 162
324 447 511 511
511 511 511 444
419 374 504 511
511 511 511 511
511 511 511 511
511 511 511 511
423 511 511 511
511 511 511 511
511 511 511 511
511 511 511 511
511 511 511 511
511 511 511 511
511 511 511 511
-40 -512 -512 -512
-140 -220 -294 -184
0 380 511 511
511 511 511 511
511 511 511 511
511 511 511 511
511 511 511 -136
-512 -512 -512 -433
-52 293 511 511
