511 511 511 323
-76 -512 -512 -512
-512 -512 -512 -512
-512 -512 -512 -512
-512 -512 -269 303
511 511 511 511
511 511 511 511
511 511 511 511
-512 -470 104 511
511 511 511 511
511 511 511 511
511 511 511 511
511 -512 -512 -512
-512 -512 -512 -512
-512 -512 -512 -512
-512 -512 -512 -298
511 511 511 511
511 511 511 284
166 232 511 511
511 511 511 511
511 511 511 511
511 511 511 -512
-512 -512 -512 -512
-512 -512 -512 -512
511 511 511 511
511 511 511 511
511 511 511 511
511 511 511 511
511 511 511 511
511 395 -512 -512
-512 -512 -512 -512
-512 -512 -512 -512
