-512 -512 -512 -512
-512 511 511 -512
-512 -512 -512 -512
-512 135 215 -336
-512 -512 -512 -512
-512 511 511 -512
-512 -512 -512 -512
-512 27 3 -512
-512 -512 -512 -512
-512 511 511 -512
-512 -512 -512 -512
-512 -165 -433 -512
-512 -512 -512 -512
-108 511 511 -512
-512 -512 -512 -512
-512 -472 -512 -512
-512 -512 -512 -512
497 511 511 -488
-512 -512 -512 -512
-512 -512 -512 -512
-512 -512 -512 -512
511 511 511 -94
-512 -512 -512 -512
-512 -512 -512 -512
-512 -512 -512 -512
511 511 511 474
-512 -512 -512 -512
-512 -512 -512 -512
-512 -512 -512 -512
511 511 511 511
-512 -512 -512 -512
-512 -512 -512 -512
-512 -512 -512 427
511 511 511 511
-512 -512 -512 -512
-512 -512 -512 -512
-512 -512 -512 511
511 511 511 302
-512 -512 -512 -512
-512 -512 -512 -512
-512 -512 -11 511
511 511 511 -512
-512 -512 -512 -512
-512 -512 -512 -512
-512 -512 511 511
511 511 511 -512
-512 -512 -512 -512
-512 -512 -512 -512
-512 511 511 511
511 511 511 -512
-512 -512 -512 -512
-512 -512 -512 -512
171 511 511 511
511 511 -512 -512
-512 -512 -512 -512
-512 -512 -512 -512
511 511 511 511
511 511 -512 -512
-512 -512 -512 -512
-512 -512 -512 -512
511 511 511 511
511 47 -512 -512
-512 -512 -512 -512
-512 -512 -512 -512
511 511 511 511
511 -512 -512 -512
-512 -512 -512 -512
-512 -512 -512 -512
511 511 511 511
511 -512 -512 -512
-512 -512 -512 -512
-512 -512 -512 413
511 511 511 511
511 -512 -512 -512
-512 -512 -512 -512
-512 -512 442 511
511 511 511 511
511 -512 -512 -512
-512 -512 -512 -512
-512 -439 511 511
511 511 511 511
511 -434 -512 -512
-512 -512 -512 -512
-512 214 511 511
511 511 511 511
511 511 -197 -512
-512 -512 -512 -512
-512 511 511 511
511 511 511 511
511 511 511 511
270 -317 -512 -512
-312 511 511 511
511 511 511 511
511 511 511 511
511 251 -435 -512
264 511 511 511
511 511 511 511
511 511 511 511
511 511 95 106
511 511 511 511
511 511 511 511
511 511 511 511
511 511 294 419
511 511 511 511
511 511 511 511
511 511 511 511
511 511 511 511
511 511 511 511
511 511 511 511
511 511 511 511
511 511 511 511
511 511 511 511
511 511 511 511
511 511 511 511
511 511 511 511
511 511 511 511
488 511 511 511
511 511 511 511
511 511 511 511
511 511 511 511
367 511 511 511
511 511 511 511
511 511 511 511
511 511 511 511
202 453 511 511
511 511 511 511
511 511 511 511
511 511 511 511
