-15 -2 -39 19
6 -4 30 -22
2 -5 23 -8
-3 23 -51 -6
22 -1 19 1
5 -2 -22 -5
9 31 -29 -2
22 -29 -14 29
11 -8 -7 34
0 -10 4 -37
10 2 -16 29
9 7 -12 -11
0 -22 11 3
9 -14 -12 40
-24 13 3 -41
12 -12 4 12
-38 29 5 -27
9 23 -6 -8
20 -11 -20 23
-25 6 12 -2
18 4 15 -32
12 6 -44 28
4 -8 23 21
6 -31 39 -30
-11 41 -16 9
-8 -10 4 -3
6 -18 6 0
-23 25 -11 20
3 -29 12 -22
-5 6 12 -6
-15 0 1 6
2 -13 21 -25
4 29 -15 21
-15 -16 -8 0
49 -32 -6 39
-37 0 41 16
-45 -1 21 -32
25 14 13 25
-26 -14 10 -8
-3 19 31 -21
17 -11 -25 19
-35 -27 58 4
-1 19 1 -37
-28 18 -19 11
24 -30 13 0
-18 9 16 -12
-53 27 -4 -28
46 -2 -22 -7
-10 27 7 -16
2 -16 14 0
2 7 9 -1
-10 21 -7 -1
22 -36 14 1
-6 40 1 20
-26 3 -5 -2
16 -18 41 -9
5 -1 -9 34
-19 -13 25 -39
12 4 -10 -10
5 19 -23 7
6 -26 2 6
-3 -24 3 22
-35 19 0 -29
11 2 -12 -3
-40 22 -9 -3
-1 32 8 -33
29 -21 -3 19
-19 14 2 -4
4 41 7 -41
35 -8 -51 18
30 7 3 29
10 -22 1 2
-18 29 -20 8
28 -2 -20 -15
-10 -25 16 30
-6 19 -25 -15
1 -12 15 -24
6 10 -29 0
26 1 -27 0
-1 -47 17 12
-8 -15 -22 10
22 4 -9 -2
14 -1 -17 39
-10 -6 -2 -16
8 1 34 -2
12 -6 -36 31
6 8 9 -19
19 -26 22 8
-9 -12 -24 13
-14 13 24 -28
13 10 -13 5
-5 0 -34 -6
16 -3 9 -1
15 -23 -18 14
-19 9 5 -21
11 -17 -8 11
13 20 -28 32
0 -26 18 -15
-5 -4 23 -8
17 28 -51 27
18 -53 13 28
-16 -1 45 1
-30 22 -5 -13
-3 0 15 9
-2 12 -16 11
0 -18 8 2
29 -26 -7 0
-27 4 16 20
-9 -11 18 -14
-14 -4 -6 11
-26 10 10 4
4 5 11 -35
19 3 14 9
-23 -16 29 -10
2 5 -10 2
-24 12 34 -2
3 -4 1 -29
1 26 -9 18
-32 17 8 -17
42 -2 -10 -8
-25 56 12 -32
6 -2 -23 9
23 -30 5 29
-36 5 33 -1
-21 -8 8 -43
14 45 -12 13
-5 -32 -4 22
-14 -16 55 -33
-27 12 -17 6
-30 2 28 -2
21 12 -2 -33
-21 24 -23 14
11 -11 13 0
6 -12 10 -7
-14 2 -2 1
15 7 3 -17
-22 14 6 2
-32 23 14 -36
18 13 -8 11
-9 13 -5 -16
-4 17 -7 -24
45 1 -15 19
-1 -12 -5 -11
11 -6 -1 16
26 -14 -23 31
9 -23 20 -7
-36 14 9 -4
14 18 -42 -2
33 -41 13 19
-25 -1 10 -5
-17 34 -9 -33
30 -27 -14 22
-9 -12 -21 10
36 -7 -1 3
-2 -13 0 8
-3 9 -9 -4
21 0 28 2
-18 -8 -38 8
21 30 -2 6
22 -27 2 -1
4 2 -11 29
3 5 -1 -50
12 -21 0 28
15 1 -16 -6
-13 8 -6 -11
18 -22 -18 23
-1 10 -6 -13
-12 -9 -15 22
-14 16 -26 -7
26 11 -15 -6
33 -33 0 37
0 -18 -11 17
-3 0 18 4
7 -11 -7 22
-5 -5 20 19
-35 -6 39 -8
-31 9 -11 -24
16 1 -13 18
20 -8 -8 3
-23 -5 -4 -5
1 -10 22 -2
-6 2 -24 5
0 -16 -3 8
-9 -17 35 -28
27 -6 11 19
-27 -14 18 -6
-12 26 -4 9
-5 12 14 -11
1 -14 2 -6
14 25 18 14
-24 7 0 -38
38 3 -5 19
11 14 -16 12
-24 -10 18 10
4 -12 0 -10
-30 5 10 21
-7 -5 2 -26
-6 2 18 -20
-23 3 8 0
11 6 -13 -20
-5 18 7 21
-30 -19 35 -4
-18 25 16 -59
1 55 -20 20
26 -28 -1 10
-18 5 34 -21
-4 27 -14 3
37 13 -16 -7
-21 28 38 -23
-20 14 -4 -31
15 1 -11 8
-8 5 24 -17
-15 8 -22 -32
26 17 -22 25
-9 -26 -5 2
-9 -4 13 -12
7 -20 -6 -15
4 3 18 6
10 6 -12 8
-7 -20 7 0
18 4 10 7
-3 6 -14 17
-23 9 22 -2
12 -4 7 -2
-39 21 -9 -21
32 4 -32 8
21 -31 16 19
-16 -2 0 -20
-24 17 14 -17
14 15 -37 -1
39 -22 -34 23
-24 -21 29 -2
19 -15 -30 39
8 -6 1 -14
-5 -7 11 16
18 2 -28 4
-3 -2 9 15
5 -20 13 -2
7 20 -5 -17
0 1 -18 33
20 -26 -30 19
16 11 -3 -4
0 -11 -22 27
10 -27 -15 16
14 -1 10 12
-12 -44 -4 7
-13 15 40 -9
-10 -7 -9 -1
4 -4 10 14
17 -10 -9 -6
-37 25 -1 -11
32 26 -31 -6
32 -41 4 31
-24 -9 9 4
9 15 -4 -19
13 -17 7 8
