-512 -512 -512 -434
511 511 511 511
511 88 -512 -512
-512 -512 -512 -512
-512 -512 -400 511
511 511 511 511
68 -512 -512 -512
-512 -512 -512 -512
511 511 511 511
511 511 511 -301
-512 -512 -512 -512
-512 -512 -512 -512
511 511 511 511
511 511 -26 -512
-512 -512 -512 -512
-512 -512 -512 -512
511 511 511 511
511 335 -512 -512
-512 -512 -512 -512
-450 333 511 511
511 511 511 511
511 511 511 511
511 511 511 511
511 511 511 265
511 511 511 511
511 511 511 511
511 511 511 511
511 -348 -512 -512
511 511 511 511
511 511 511 511
511 511 511 87
-512 -512 -512 -512
511 511 511 511
511 511 511 511
222 -512 -512 -512
-512 -512 -512 -512
83 302 511 511
511 511 511 -337
-512 -512 -512 -512
-512 511 511 511
-367 -378 -69 506
511 511 460 -368
-512 -512 -512 -407
511 511 511 511
99 420 511 511
511 511 511 511
386 511 511 511
511 511 511 511
511 511 511 511
511 511 511 511
511 511 511 511
511 511 511 511
511 511 511 511
511 511 511 511
511 511 511 511
511 511 -512 -512
346 511 511 511
511 511 511 511
511 511 511 511
511 -272 -512 -512
-443 -500 248 511
511 511 511 511
511 511 511 -512
-512 -112 511 511
