-512 511 511 -512
-512 -512 -512 -512
511 511 132 -512
-512 -512 -512 -482
511 511 190 -512
-512 -512 -89 511
511 511 -20 -325
511 511 511 511
511 511 511 511
511 511 511 406
511 511 511 511
511 511 -89 -512
511 511 511 511
511 511 -512 -512
511 511 511 511
-429 -512 -14 511
-499 262 511 18
-373 304 511 511
-512 90 511 511
511 511 511 511
187 511 511 511
511 511 511 511
511 511 511 511
511 511 511 -423
511 511 511 511
511 511 -512 -512
511 511 511 511
511 -127 -512 -512
511 511 511 511
-457 -512 -512 -512
95 511 511 511
-512 -512 -512 511
