94 -512 -512 -512
-512 -512 -501 453
-512 -512 -512 -512
-512 -512 -512 511
-512 -512 -512 347
-512 -512 -512 511
-512 -512 -469 511
-512 -512 -448 -313
-512 -512 511 511
-512 -512 -164 -512
-512 -512 511 511
-512 -512 -189 -512
-512 -512 511 511
-512 -512 -512 -512
-512 -307 511 511
-512 -512 -512 -512
-512 511 511 -512
-512 -512 -512 -512
-425 511 511 -512
-512 -512 -512 -512
351 511 511 -512
-512 -512 -512 -512
313 511 495 -512
-512 -512 -512 -121
159 511 511 -512
-512 -512 -512 511
375 511 511 288
-512 -512 -512 511
511 511 511 511
-512 -512 511 511
511 511 511 511
-512 -255 511 511
