511 511 -512 511
511 511 -512 511
511 511 -512 511
511 511 -512 511
511 325 -512 511
511 -452 -512 358
511 -512 -512 -11
-510 -512 -512 -370
-512 -512 -512 -512
-512 -512 -512 -512
-512 -512 -512 -512
-512 -512 -512 -512
-512 -512 -512 -512
-512 -512 181 -512
-512 -512 511 -512
-512 -512 511 -512
-512 -512 511 -512
-512 -512 511 -512
-512 -512 511 -512
-512 -512 511 -512
-512 -512 511 -512
-512 -235 511 -512
-512 20 511 -512
-512 106 511 -512
-512 -92 511 -512
-512 -61 511 -512
-512 -49 511 -512
-512 -122 511 -512
-512 -189 511 -512
-512 -281 511 -512
-512 -351 280 -512
-512 -409 -7 -512
