21 4 25 31
18 14 11 8
-19 -23 2 -18
-16 20 22 22
10 -4 11 16
8 8 2 2
-9 -18 6 8
-11 3 8 -19
15 9 2 16
5 -13 16 24
13 37 34 8
7 -2 -16 -10
23 8 -16 -22
-20 -7 14 25
41 23 6 26
-5 -21 8 -26
-6 11 -9 7
8 -19 6 8
3 32 12 -6
14 -2 -14 17
-9 0 16 16
24 38 2 -24
-3 -21 -18 39
36 20 34 5
-33 9 11 12
29 6 -17 -20
-28 -9 -6 -22
19 25 -1 50
22 3 10 -30
-25 35 11 1
33 -6 -27 -1
5 13 31 36
-4 27 0 -30
-4 -4 -8 28
34 37 27 -17
-1 7 -17 35
-1 -18 4 -14
-21 23 3 -15
24 20 9 39
33 -1 -22 -39
-28 23 7 14
40 1 -14 4
5 26 39 30
30 8 -20 -12
20 -5 1 10
-9 11 22 -9
4 2 -27 7
15 -3 16 7
7 29 -5 7
22 -13 2 18
-6 -13 -19 -27
-23 -1 33 45
28 -2 13 29
7 12 26 2
-9 -11 -17 -2
3 12 32 22
1 -1 6 16
13 -6 -3 10
-11 -7 23 4
-12 5 1 -16
23 -8 10 10
-8 0 13 25
15 18 44 17
-6 6 -9 -31
