511 511 511 511
511 511 511 511
511 511 511 511
511 511 511 511
511 511 511 511
511 511 511 511
511 511 511 511
8 -41 511 511
458 437 35 -512
-512 -512 511 511
511 511 511 331
-54 511 511 511
511 511 511 399
220 511 511 511
511 511 511 511
511 511 511 511
511 511 146 -512
-370 511 511 -512
511 -377 -512 -512
-161 511 -512 -512
-506 -512 -353 511
511 511 511 -512
-31 124 511 511
511 511 511 -512
-512 -512 163 511
511 511 511 -512
-512 -512 -512 511
511 511 511 -512
-512 -512 -512 -257
511 511 511 -78
-512 -512 -512 -512
511 511 511 511
