233 113 -327 -512
-512 -512 -512 -459
-512 -512 -512 -512
-512 -111 153 240
313 -3 -512 -512
-512 -512 -512 -512
-512 -512 -512 -512
-512 -176 347 511
257 -309 -512 -512
-512 -512 -512 -512
-512 -512 -512 -512
-512 -197 511 511
-86 -512 -512 -512
-512 -512 -512 -512
-512 -512 -512 -512
-512 -171 511 511
-512 -512 -512 -512
-512 -512 -339 -337
-512 -512 -512 -512
-512 -123 511 511
-512 -512 -512 -512
-512 -512 430 245
-512 -512 -512 -512
-512 -85 511 511
-512 -512 -512 -512
-512 -512 511 511
-512 -512 -512 -512
-512 -80 430 314
-512 -512 -512 -512
-512 17 511 511
-512 -512 -512 -512
-512 -85 -210 -512
-512 -512 -512 -512
-512 511 511 511
-512 -512 -512 -512
-512 -167 -512 -512
-512 -512 -512 -512
-512 511 511 511
-512 -512 -512 -512
-412 -313 -512 -512
-512 -512 -512 -512
-439 511 511 511
-512 -512 -512 -512
-117 -499 -512 -512
-512 -512 -512 -512
511 511 511 511
-512 -512 -512 -512
-98 -512 -512 -512
-512 -512 -512 -512
511 511 511 511
-512 -512 -512 -512
-512 -512 -512 -512
-512 -512 -512 -512
511 511 511 511
-512 -512 -512 -512
-512 -512 -512 -512
-512 -512 -512 -512
511 511 511 511
-512 -512 -512 -512
-512 -512 -512 -512
-512 -512 -512 351
511 511 511 -402
-512 -512 -512 -512
-512 -512 -512 -512
-512 -512 -512 511
511 511 511 -512
-512 -512 -512 -512
-512 -512 -512 -512
-512 -512 -365 511
511 511 511 -512
-512 -512 -512 -512
-512 -512 -512 -512
-512 -512 511 511
511 511 -429 -512
-512 -512 -512 -512
-512 -512 -512 -512
-512 -163 511 511
511 511 -512 -512
-512 -512 -512 -512
-512 -512 -512 -512
-285 235 511 511
511 511 -512 -512
-512 -512 -512 -512
-512 -512 -512 -512
-109 430 511 511
511 175 -512 -512
-512 -512 -512 -512
-512 -512 -512 -512
-63 439 511 511
511 58 -512 -512
-512 -512 -512 -512
-512 -512 -512 -101
-111 333 511 511
511 313 -512 -512
-512 -512 -512 -512
-512 -512 -512 398
-178 230 511 511
511 511 -512 -512
-512 -512 -512 -512
-512 -512 -118 511
-199 251 511 511
511 511 306 -512
-512 -512 -512 -512
-512 -512 511 511
-190 345 511 511
511 511 511 -512
-512 -512 -512 -512
-512 -447 511 511
-132 511 511 511
511 511 511 100
-512 -512 -512 -512
-512 357 511 511
-76 511 511 511
511 511 511 511
-512 -512 -512 -512
-177 511 511 511
27 511 511 511
511 511 511 511
-512 -512 -512 -512
511 511 511 511
97 511 511 511
511 511 511 511
-512 -512 -512 38
511 511 511 511
169 511 511 511
511 511 511 511
-499 -512 -512 467
511 511 511 511
