-512 -512 -512 -512
-512 -512 -512 -512
-405 501 511 511
511 -315 -512 -512
-512 -512 -512 -512
-512 -512 -512 -512
-512 229 511 511
511 511 511 511
-512 -512 -512 -512
-512 -512 -512 -512
-234 511 511 511
511 -242 -512 -512
-512 -512 -512 -512
-512 -512 -512 -512
-512 222 511 511
511 511 511 353
-512 -512 -512 -512
-512 -512 -512 -512
98 511 511 511
511 -156 -512 -512
-512 -512 -512 -512
-512 -512 -512 -512
-512 161 511 511
511 400 77 -151
-512 -512 -512 -512
-512 -512 -512 -512
511 511 511 511
511 -51 -512 -512
-512 -512 -512 -512
-512 -512 -512 -512
-512 58 477 492
185 -208 -512 -512
-512 -512 -512 -512
-512 -512 -512 23
511 511 511 511
511 139 -512 -512
-512 -512 -512 -512
-512 -512 -512 -512
-512 -10 228 83
-370 -512 -512 -512
-512 -512 -512 -512
-512 -512 -512 511
511 511 511 511
511 444 -512 -512
-512 -512 -512 -512
-512 -512 -512 -512
-384 14 69 -238
-512 -512 -512 -512
-512 -512 -512 -512
-512 -512 407 511
511 511 511 511
511 511 -512 -512
-512 -512 -512 -512
-512 -512 -512 -512
-288 -56 -182 -512
-512 -512 -512 -512
-512 -512 -512 -512
-512 -512 511 511
511 511 511 511
511 511 -512 -512
-512 -512 -512 -512
-512 -512 -512 -512
-256 -156 -417 -512
-512 -512 -512 -512
-512 -512 -512 -512
-512 198 511 511
511 511 511 511
511 511 -512 -512
-512 -512 -512 -512
-512 -512 -512 -512
-512 -512 -512 -512
-512 -512 -512 -512
-512 -512 -512 -512
-512 511 511 511
511 511 511 511
511 511 -512 -512
-512 -512 -512 -512
-512 -512 -512 -512
-512 -512 -512 -512
-512 -512 -512 -512
-512 -512 -512 -512
-120 511 511 511
511 511 511 511
511 100 -512 -512
-512 -512 -512 -512
-512 -512 -512 -512
-512 -512 -512 -512
-512 -512 -512 -512
-512 -512 -512 -512
511 511 511 511
511 511 511 511
511 -512 -512 -512
-512 -512 -512 -512
-512 -512 -512 -512
-512 -512 -512 -512
-512 -512 -512 -512
-512 -512 -512 -134
511 511 511 511
511 511 511 511
-420 -512 -512 -512
-512 -512 -512 -512
-512 -512 -512 -512
-512 -512 -512 -512
-512 -512 -512 -512
-512 -512 -512 511
511 511 511 511
511 511 511 -190
-512 -512 -512 -512
-512 -512 -512 -512
-512 -512 -512 -512
-512 -512 -512 -512
-512 -512 -512 -512
-512 -472 233 511
511 511 511 511
511 511 -185 -512
-512 -512 -512 -512
-512 -512 -512 -512
-512 -512 -512 -512
-512 -512 -512 -512
-512 -512 -512 -512
-21 318 511 511
511 511 511 511
511 -187 -512 -512
-512 -512 -512 -512
-512 -512 -512 -512
-512 -512 -512 -512
-512 -512 -512 -512
-512 -512 -512 -512
511 511 511 511
511 511 511 511
-252 -512 -512 -512
-512 -512 -512 -512
-512 -512 -512 -512
-512 -512 -512 -512
-512 -512 -512 -512
-512 -512 -512 -512
511 511 511 511
511 511 511 -108
-512 -512 -512 -512
-512 -512 -512 -512
-512 -512 -512 -512
-512 -512 -512 -512
-512 -512 -512 -512
-512 -512 -512 -512
511 511 511 511
511 511 -69 -512
-512 -512 -512 -512
-512 -512 -512 -512
-512 -512 -512 -512
-512 -512 -512 -512
-512 -512 -512 -512
-512 -512 -512 -512
511 511 511 511
511 154 -512 -512
-512 -512 -512 -512
-512 -512 -512 -512
-512 -512 -512 -512
-512 -512 -512 -512
-512 -512 -512 -512
-512 -512 -328 -203
511 511 511 511
288 -204 -512 -512
-512 -512 -512 -512
-512 -512 -512 -512
-512 -512 -512 -512
-512 -512 -512 -512
-512 -512 -512 -512
-376 35 382 511
511 511 511 511
349 -120 -512 -512
-512 -512 -512 -512
-512 -512 -512 -512
-512 -512 -512 -512
-512 -512 -512 -512
-512 -512 -512 -369
190 511 511 511
511 511 511 511
511 183 -443 -512
-512 -512 -512 -512
-512 -512 -512 -512
-512 -512 -512 -512
-512 -512 -512 -512
-512 -512 -508 94
511 511 511 511
511 511 511 511
511 511 163 -355
-512 -512 -512 -512
-512 -512 -512 -512
-512 -512 -512 -512
-512 -512 -512 -512
-512 -512 -271 434
511 511 511 511
511 511 511 511
511 511 511 511
4 -512 -512 -512
-512 -512 -512 -512
-512 -512 -512 -512
-512 -512 -512 -512
-512 -512 19 511
511 511 511 511
511 511 511 511
511 511 511 511
511 472 -182 -512
-512 -512 -512 -512
-512 -512 -512 -512
-512 -512 -512 -512
-512 -433 342 511
511 511 511 511
511 511 511 511
511 511 511 511
511 511 511 168
-512 -512 -512 -512
-512 -512 -512 -512
-512 -512 -512 -512
-512 7 511 511
511 511 511 511
511 511 511 511
511 511 511 511
511 511 511 511
89 -512 -512 -512
-512 -512 -512 -512
-512 -512 -512 -512
-48 502 511 511
511 511 511 511
511 511 511 511
511 511 511 511
511 511 511 511
511 -243 -512 -512
-512 -512 -512 -512
-512 -512 -512 -18
511 511 511 511
511 511 511 511
511 511 511 511
511 511 511 511
511 511 511 511
511 106 -512 -512
-512 -512 -512 -512
-512 -512 87 511
511 511 511 511
511 511 511 511
511 511 511 511
511 511 511 511
511 511 511 511
511 41 -512 -512
-512 -512 -512 -512
-512 -352 277 511
511 511 511 511
511 511 511 511
511 511 511 511
511 511 511 511
511 511 511 511
511 -1 -512 -512
-512 -512 -512 -512
-512 -255 389 511
511 511 511 511
511 511 511 511
