511 511 511 511
511 511 511 511
511 511 511 511
511 511 511 511
511 511 511 511
511 511 511 511
511 511 511 511
511 511 511 363
511 511 511 511
511 511 511 511
511 511 511 511
511 511 511 511
511 511 511 511
511 511 511 511
511 511 511 511
511 511 511 384
511 511 511 511
511 511 511 511
511 511 511 511
511 511 511 511
511 511 511 511
511 511 511 511
511 511 511 511
511 511 511 390
511 511 511 511
511 511 511 511
511 511 511 511
511 511 511 511
511 511 511 511
511 511 511 511
511 511 511 511
511 511 511 416
511 511 511 511
511 511 511 511
511 511 511 511
511 511 511 511
511 511 511 511
511 511 511 511
511 511 511 511
511 511 511 457
511 511 511 511
511 511 511 511
511 511 511 511
511 511 511 511
511 511 511 511
511 511 511 511
511 511 511 511
511 511 511 484
511 511 511 446
316 185 65 -53
-186 -289 -370 -411
-427 -369 -268 -103
127 407 511 511
511 511 511 511
511 511 511 511
511 511 511 485
-191 -202 -274 -336
-440 -512 -512 -512
-512 -512 -512 -512
-512 -512 -512 -314
-22 318 511 511
511 511 511 511
511 511 511 511
511 511 511 505
-278 -281 -346 -387
-470 -512 -512 -512
-512 -512 -512 -512
-512 -389 -186 64
385 511 511 511
511 511 511 511
511 511 511 511
511 511 511 471
393 396 329 294
222 191 180 175
154 161 186 265
354 511 511 511
511 511 511 511
511 511 511 511
511 511 511 511
511 511 511 379
511 511 511 511
511 511 511 511
511 511 511 511
511 511 511 511
511 511 511 511
511 511 511 511
511 511 511 511
511 511 426 129
511 511 511 511
511 511 511 511
511 511 511 511
511 511 511 511
511 511 511 511
511 511 511 511
511 511 511 511
511 10 -207 -216
511 511 511 511
511 511 511 511
511 511 511 511
511 511 511 511
511 511 511 511
511 511 511 511
511 511 511 -48
-512 -512 -512 -512
511 511 511 511
511 511 511 511
511 511 511 511
511 511 511 511
511 511 511 511
511 511 511 511
511 435 -512 -512
-512 -512 -512 -512
511 511 511 511
511 511 511 511
511 511 511 511
511 511 511 511
511 511 511 511
511 511 511 511
-106 -512 -512 -512
-512 -512 -512 -512
511 511 511 511
511 511 511 205
-26 -272 -406 -437
-314 -87 177 510
511 511 511 511
511 499 -61 -512
-512 -512 -512 -512
-512 -512 -512 -512
511 395 213 -101
-426 -512 -512 -512
-512 -512 -512 -512
-512 -512 -512 -512
-375 -141 -49 -112
-293 -512 -512 -512
-512 -512 -512 -512
-512 -512 -512 -512
-512 -512 -512 -512
-512 -512 -512 -512
-512 -512 -512 -512
-512 -512 -512 -512
-512 -512 -512 -512
-512 -512 -512 -512
-512 -512 -512 -512
-512 -512 -512 -512
-512 -512 -512 -512
-512 -512 -512 -512
-512 -512 -512 -512
-512 -512 -512 -512
-330 -169 -182 -384
-512 -512 -512 -512
-512 -512 -512 -512
-512 -512 -512 -512
-512 -512 -512 -512
-512 -512 -512 -512
-512 -512 -512 -512
-512 -512 -334 107
400 511 511 484
145 -470 -512 -512
-512 -512 -512 -512
-512 -512 -512 -512
-512 -512 -512 -512
-512 -512 -512 -512
-512 -512 -512 -352
66 511 511 511
511 511 511 511
511 511 -98 -512
-512 -512 -512 -512
-512 -512 -512 -512
-512 -512 -512 -512
-512 -512 -425 -233
61 303 511 511
511 511 511 511
511 511 511 511
511 511 511 -212
-512 -512 -512 -512
-512 -512 -512 -512
-314 -309 -265 -211
-128 68 255 493
511 511 511 511
511 511 511 511
511 511 511 511
511 511 511 511
-512 -512 -512 -512
-512 -512 -512 -512
-187 -178 -144 -97
-24 171 368 511
511 511 511 511
511 511 511 511
511 511 511 511
511 511 511 511
-512 -512 -512 -512
-512 -512 -512 -512
-512 -512 -512 -512
-474 -294 -98 182
511 511 511 511
511 511 511 511
511 511 511 511
511 511 511 511
-512 -512 -512 -512
-512 -512 -512 -512
-512 -512 -512 -512
-512 -512 -512 -469
40 511 511 511
511 511 511 511
511 511 511 511
511 511 511 511
-512 -512 -512 -512
-512 -512 -512 -512
-512 -512 -512 -512
-512 -512 -512 -512
-367 259 511 511
511 511 511 511
511 511 511 511
511 511 511 292
-512 -512 -512 -512
-512 -512 -512 -512
-512 -512 -512 -512
-512 -512 -512 -512
-512 -281 357 511
511 511 511 511
511 511 511 511
511 511 511 511
-381 -512 -512 -512
-512 -512 -512 -512
-512 -512 -512 -512
-512 -512 -512 -512
-512 -512 -322 222
511 511 511 511
511 511 511 511
511 511 511 511
511 329 -397 -512
-512 -512 -512 -512
-512 -512 -512 -512
-512 -512 -512 -512
-512 -512 -512 -178
292 511 511 511
511 511 511 511
511 511 511 511
511 511 511 511
360 104 11 -26
-512 -512 -512 -512
-512 -512 -512 -512
-512 -512 -512 -296
95 511 511 511
511 511 511 511
511 511 511 511
511 511 511 511
511 511 511 320
-505 -493 -512 -512
-512 -512 -512 -512
-512 -512 -512 -291
53 511 511 511
511 511 511 511
511 511 511 511
511 511 511 511
511 511 511 511
