-8 -29 -46 2
32 23 33 1
-30 15 24 -21
8 20 -25 -6
-12 -6 -13 20
27 -28 -8 3
-46 7 50 2
1 -6 -19 39
5 30 -9 -23
-10 -36 -3 19
-47 -30 34 14
5 22 11 3
-12 -4 -20 0
6 -29 -6 41
23 -3 10 -8
-16 26 25 -11
-27 -33 -5 16
-6 -24 8 35
24 13 -5 -28
-19 10 17 1
17 1 8 -3
-31 -14 31 9
-34 -13 1 -1
24 21 2 11
10 8 -11 11
14 -24 -28 -23
-27 7 29 6
3 -5 -22 21
-13 14 -35 -17
59 30 -9 0
-10 15 32 -5
-5 7 -16 -16
-21 20 -15 -23
34 24 6 18
-10 -18 -7 -9
4 -7 -22 -2
2 33 42 16
-16 -17 -15 -10
15 6 -24 -14
4 -11 -13 32
34 7 21 -10
-43 8 5 -20
33 18 -49 -22
20 12 -8 -32
3 -23 17 6
-7 34 3 -4
57 17 -38 8
-1 -28 1 -22
-22 0 28 2
-1 41 0 -28
8 -21 -12 34
-26 -43 16 7
31 12 -2 -13
3 29 -4 -35
-26 -32 -1 39
9 -6 12 -4
13 -23 -7 16
7 -10 -18 -20
1 33 22 2
1 -9 -10 -3
-18 -25 0 6
-26 -8 38 25
3 13 6 -12
-1 9 -3 -6
-3 -11 7 7
-30 -25 18 34
6 -38 -25 4
-2 15 34 13
5 -10 10 8
-13 -31 -39 -6
18 -1 4 6
-29 11 62 -4
18 -31 -28 -11
-7 9 7 -1
5 3 23 32
1 11 22 -38
-14 -40 -19 18
4 5 23 -6
-26 1 29 22
0 -18 -18 17
-5 3 -2 14
22 -4 2 -15
-48 7 22 -24
2 15 -1 37
17 33 -33 -24
28 -24 -21 23
-13 -8 -3 -32
20 37 -16 -10
-37 51 5 -13
15 -31 -16 49
34 21 19 -22
-10 2 -31 -6
-25 35 15 -17
-2 -2 14 29
1 -10 -21 -27
5 -4 -28 5
29 10 7 9
18 23 1 -25
-14 -4 -36 -23
26 5 -16 22
3 6 10 8
11 25 -15 -54
-6 30 11 0
-6 -25 -30 1
-2 18 -5 -25
9 32 16 9
0 -11 14 43
15 -31 -36 -21
-19 23 8 -8
18 0 -15 11
-1 -16 -8 -8
-11 -10 2 10
2 17 8 11
3 -21 -13 3
7 5 -21 -46
-8 34 21 16
16 -20 -9 -1
-36 -26 24 29
12 2 -12 -5
22 15 -12 -15
-15 -36 17 13
-34 -9 11 -1
11 24 29 27
-15 -21 15 -7
23 -42 -18 8
5 27 -11 -37
-6 -28 -3 40
-17 3 61 -7
