-512 -512 -512 -512
511 511 -512 -512
-512 -512 -512 511
511 511 511 82
-512 -512 -512 511
511 511 -512 -512
-512 -512 -512 511
511 -104 -512 -512
-512 -512 511 511
511 511 -512 -512
-512 -512 -512 -478
-512 -512 -512 -512
-512 -161 511 511
187 -512 -512 -512
-512 -512 -312 503
-436 -512 -512 -512
240 289 -304 -512
-512 -512 -512 -512
-512 -512 511 511
319 -210 -170 -15
395 51 -512 -512
-512 -512 -512 -512
-512 -512 75 511
511 511 511 511
511 511 511 511
172 -512 -512 -512
-512 -512 -430 511
511 511 511 511
511 511 511 511
511 511 -512 -512
-512 -512 511 511
511 511 511 511
