511 511 511 511
511 511 511 511
511 511 511 511
511 511 511 511
511 511 436 487
511 511 511 511
-512 -512 -512 -512
-286 511 511 511
-512 -512 -512 -512
511 511 511 511
511 409 447 511
511 511 511 132
511 511 511 511
511 511 511 -512
-470 -512 -512 66
511 511 -222 -512
-512 -512 -512 -512
456 511 -512 -512
-512 -512 -512 -512
511 511 -41 -512
-512 -512 -512 511
511 511 511 -512
-512 -512 -111 511
511 511 511 -379
-512 -512 -512 511
511 511 511 511
-512 -512 -512 -512
-512 -512 511 511
-512 -512 -512 -512
-512 -512 511 511
355 -64 -512 -512
-512 -77 511 511
