-463 -372 -264 -42
283 511 511 511
511 511 511 511
511 511 511 511
511 511 511 511
511 511 511 511
322 71 -125 -234
-256 -255 -179 -99
-512 -512 -512 -512
-512 -512 -512 -512
-512 -512 -512 -512
-39 511 511 511
511 511 511 511
511 511 511 511
511 511 511 511
217 -146 -242 -188
-512 -512 -512 -512
-512 -512 -512 -512
-512 -512 -512 -512
-512 -512 -512 -512
-378 23 453 511
511 511 511 511
511 511 511 511
511 511 423 177
511 511 511 300
-143 -486 -512 -512
-512 -512 -420 -30
412 511 511 511
511 511 511 511
511 511 511 511
511 511 511 511
511 511 511 511
511 511 511 511
511 511 511 511
511 511 511 511
511 511 450 203
67 36 156 441
511 511 511 511
511 511 511 511
511 511 511 511
511 511 511 511
511 511 511 511
511 511 511 511
511 511 511 511
511 511 511 221
-512 -512 -512 -512
-512 -512 -512 -512
-512 -512 -512 -512
511 511 511 511
511 511 511 -12
-512 -512 -512 -512
-512 -512 -512 -512
-512 267 511 511
511 511 511 511
416 -482 -512 -512
-512 -512 -512 -512
511 511 511 511
511 511 511 511
511 511 511 -341
-512 -512 -512 -512
-512 -512 -512 -512
-512 -512 -206 511
511 511 511 511
511 511 488 212
