-512 332 511 511
511 511 511 511
-512 -512 511 511
511 511 511 511
-512 -512 -512 511
511 511 511 511
-512 -512 -512 -512
-33 511 511 511
-512 -512 -512 -512
-512 -484 511 409
-512 -512 -512 -512
-512 48 511 -1
-512 -512 -512 -512
293 511 511 511
-239 -512 -512 -512
309 511 511 511
511 172 -40 -311
-446 490 511 511
413 511 511 511
388 -400 511 511
474 511 511 511
511 511 511 511
511 -140 189 511
511 511 319 -436
511 511 -512 -332
511 511 511 -443
511 511 -512 -512
229 511 511 511
511 511 511 -512
-512 398 511 511
511 511 511 -24
-512 -512 511 511
