-18 5 -1 -33
3 -12 -35 1
-12 -34 6 -19
-15 6 -18 1
-2 -6 3 1
-20 17 -15 -22
15 -36 -15 -6
-32 -34 -7 -35
20 -19 22 -8
-12 30 -14 5
22 -26 22 0
-12 23 -12 8
1 -15 13 2
-9 24 -26 4
23 -26 33 -9
-5 24 -10 13
4 -6 15 20
13 12 15 13
18 13 18 5
10 7 -9 4
2 4 -8 -2
-15 5 10 4
7 0 23 10
29 23 17 28
6 6 0 -1
15 4 6 14
-10 1 30 -23
-3 17 -31 8
7 -36 -4 14
-32 5 -4 -24
14 -2 -5 -5
10 2 9 0
1 -17 4 -4
-13 -10 -23 7
-10 -33 16 -35
-8 32 -50 1
19 -36 17 6
-42 24 -7 -22
1 -29 -1 -17
-19 -21 -31 -12
3 -2 -19 -8
-11 -12 -4 -24
-18 -1 1 -7
-5 -5 6 16
8 8 2 21
11 4 7 4
4 5 -8 -22
2 -11 -9 -21
-7 2 5 4
-7 -1 0 11
20 -9 -1 10
17 20 11 5
8 23 20 11
14 24 11 18
12 7 29 18
12 1 16 21
-4 22 7 -10
23 33 -7 22
17 -8 44 4
-11 21 -6 13
10 -25 14 3
-10 27 -21 2
39 -3 12 24
12 24 43 9
-37 36 -3 3
32 -9 -1 26
5 0 2 -4
5 -8 -10 -18
-12 -1 -15 -21
-25 -4 -1 -18
-4 -8 -19 29
1 -30 39 -8
0 11 -14 -8
-5 6 -4 -13
-7 -7 -2 -4
-11 -14 7 -3
-12 -8 -9 0
4 -7 -20 -4
-3 -4 -13 -16
-9 -11 -2 -21
-8 -14 -7 9
-19 -12 -16 -8
-3 -8 0 -5
11 9 1 8
26 19 21 12
4 23 21 18
-2 1 8 0
4 -6 -14 0
-14 33 -33 -4
14 -24 13 9
-33 25 12 -14
25 5 16 20
23 6 8 47
12 7 36 -5
17 47 -20 19
23 -12 36 -4
-11 20 -7 13
12 -11 9 29
-12 10 10 -23
21 9 -17 -9
8 -20 -3 10
-28 -1 13 -21
-3 15 -12 17
8 -13 17 9
5 8 -4 16
4 13 8 4
-6 10 2 -14
-4 -26 -10 -20
-19 -26 -32 -18
-27 -28 -20 -20
-20 -6 -20 -15
-4 -2 -6 -7
-20 29 -18 3
8 -16 9 5
-14 14 -26 -4
16 -37 22 -23
-27 17 -31 -6
2 -30 4 -16
-22 11 -28 5
-6 -32 13 -15
-29 23 -16 -20
10 -8 -27 11
-17 -6 12 -6
9 -2 17 9
19 16 15 18
7 24 13 2
24 4 -17 28
-9 -14 25 -19
