-512 -512 -512 -512
-512 -512 -512 -426
460 511 511 -335
-512 -512 -512 -512
-512 -512 -512 -512
-512 511 511 511
511 511 511 511
511 511 95 -45
-512 -512 -512 -512
-512 -512 -512 -209
511 511 511 -329
-512 -512 -512 -512
-512 -512 -512 -512
-512 511 511 511
511 511 511 511
511 391 -21 -103
-512 -512 -512 -512
-512 -512 -512 198
511 511 511 -223
-512 -512 -512 -512
-512 -512 -512 -512
-512 415 511 511
511 511 511 511
511 9 -288 -238
-512 -512 -512 -512
-512 -512 -411 511
511 511 511 -153
-512 -512 -512 -512
-512 -512 -512 -512
-512 239 511 511
511 511 511 511
-58 -490 -512 -411
-512 -512 -512 -512
-512 -512 325 511
511 511 511 -113
-512 -512 -512 -512
-512 -512 -512 -512
-512 22 511 511
511 511 511 -150
-512 -512 -512 -512
-512 -512 -512 -512
-512 -191 511 511
511 511 511 21
-512 -512 -512 -512
-512 -512 -512 -512
-512 -118 511 511
511 511 -135 -512
-512 -512 -512 -512
-512 -512 -512 -512
-512 511 511 511
511 511 511 179
-512 -512 -512 -512
-512 -512 -512 -512
-512 -512 367 511
511 112 -512 -512
-512 -512 -512 -512
-512 -512 -512 -512
-249 511 511 511
511 511 511 103
-512 -512 -512 -512
-512 -512 -512 -512
-512 -512 -92 253
137 -290 -512 -512
-512 -512 -512 -512
-512 -512 -512 -512
511 511 511 511
511 511 511 -302
-512 -512 -512 -512
-512 -512 -512 -512
-512 -512 -375 -62
-162 -512 -512 -512
-512 -512 -512 -512
-512 -512 -512 -148
511 511 511 511
511 511 511 -512
-512 -512 -512 -512
-512 -512 -512 -512
-512 -512 -293 -204
-486 -512 -512 -512
-512 -512 -512 -512
-512 -512 -512 511
511 511 511 511
511 511 -512 -512
-512 -512 -512 -512
-512 -512 -512 -512
-512 -300 54 -62
-512 -512 -512 -512
-512 -512 -512 -512
-512 -438 511 511
511 511 511 511
511 -454 -512 -512
-512 -512 -512 -512
-512 -512 -512 -512
-416 365 511 287
-326 -512 -512 -512
-512 -512 -512 -512
511 511 511 511
511 511 511 511
-298 -512 -512 -512
-512 -512 -512 -512
-512 -512 -512 -512
43 511 511 486
-110 -512 -512 -512
-512 -512 -512 -459
511 511 511 511
511 511 511 -106
-512 -512 -512 -512
-512 -512 -512 -512
-512 -512 -512 -512
296 511 511 296
-272 -512 -512 -512
-512 -512 -512 -300
511 511 511 511
511 511 -34 -512
-512 -512 -512 -512
-512 -512 -512 -512
-512 -512 -512 -119
501 511 511 96
-407 -512 -512 -512
-512 -498 -268 -116
511 511 511 511
511 116 -512 -512
-512 -512 -512 -512
-512 -512 -512 -512
-512 -512 -512 168
511 511 450 57
-322 -512 -512 -430
-169 43 153 115
511 511 511 511
511 -512 -512 -512
-512 -512 -512 -512
-512 -512 -512 -512
-512 -512 -157 413
511 511 449 142
-82 -172 -15 255
511 511 511 373
511 511 511 511
293 -512 -512 -512
-512 -512 -512 -512
-512 -512 -512 -512
-512 -512 116 511
511 511 511 363
333 445 511 511
511 511 511 511
511 511 511 511
286 -512 -512 -512
-512 -512 -512 -512
-512 -512 -512 -512
-512 -318 239 511
511 511 511 511
511 511 511 511
511 511 511 511
511 511 511 511
511 -512 -512 -512
-512 -512 -512 -512
-512 -512 -512 -512
-512 -259 162 388
511 511 511 511
511 511 511 511
511 511 511 511
511 511 511 511
511 187 -512 -512
-512 -512 -512 -512
-512 -512 -512 -512
-512 -373 -55 159
372 511 511 511
511 511 511 511
511 511 511 511
511 511 511 511
511 511 348 -352
-512 -512 -512 -512
-512 -512 -512 -512
-512 -418 -244 -83
142 471 511 511
511 511 511 511
511 511 511 511
511 511 511 511
511 511 511 511
511 199 -63 -212
-327 -398 -472 -509
-512 -512 -457 -311
-55 332 511 511
511 511 511 511
511 511 511 511
511 511 511 511
511 511 511 511
511 511 511 511
458 153 -159 -380
-512 -512 -512 -437
-141 292 511 511
511 511 511 511
511 511 511 511
511 511 511 511
511 511 511 511
511 511 511 511
511 511 55 -267
-504 -512 -512 -382
-53 390 511 511
511 511 511 511
511 511 511 511
511 511 511 511
511 511 511 511
511 511 511 511
511 405 -114 -444
-512 -512 -512 -402
-48 385 511 511
511 511 511 511
511 511 511 511
511 511 511 511
511 511 511 511
511 511 511 511
511 393 -128 -431
-512 -512 -488 -212
144 511 511 511
511 511 511 511
511 511 511 426
511 511 511 511
511 511 511 511
511 511 511 511
511 478 33 -188
-300 -255 -103 158
461 511 511 511
511 511 511 511
511 511 456 204
511 511 511 511
511 511 511 511
511 511 511 511
511 511 307 166
113 197 353 511
511 511 511 511
511 511 511 511
435 288 164 47
511 511 511 511
511 511 511 511
511 511 511 511
511 511 511 511
511 511 511 511
511 511 511 511
511 511 511 347
154 38 -20 -49
511 511 511 511
511 511 511 511
511 511 511 511
511 511 507 469
475 511 511 511
511 511 511 511
511 511 356 143
0 -74 -90 -76
511 511 511 511
511 511 511 511
511 511 511 511
484 388 308 303
317 366 419 481
511 511 511 450
355 236 124 6
-66 -97 -89 -62
