-1 1 3 4
3 3 2 1
-1 1 2 4
3 3 2 1
-1 0 2 4
3 3 2 1
-2 -1 1 3
3 3 2 2
-2 -2 1 3
3 3 2 2
-3 -3 -1 2
3 3 2 2
-3 -4 -2 1
3 3 2 2
-3 -4 -3 0
2 3 2 1
-3 -5 -4 -2
1 2 2 1
-2 -5 -5 -3
0 2 2 1
-2 -5 -6 -4
-1 1 1 1
-1 -4 -6 -5
-2 0 1 0
0 -4 -6 -6
-4 -1 0 0
0 -3 -6 -7
-5 -2 -1 0
1 -2 -6 -7
-6 -3 -2 -1
1 -1 -5 -8
-7 -5 -3 -1
1 -1 -4 -8
-8 -6 -3 -2
1 0 -4 -7
-9 -7 -5 -2
1 1 -2 -7
-9 -8 -6 -3
1 1 -1 -6
-9 -9 -7 -4
1 2 0 -4
-9 -10 -8 -5
1 2 1 -3
-8 -10 -9 -6
0 2 2 -2
-7 -10 -10 -7
0 2 2 -1
-6 -10 -11 -9
0 1 2 0
-5 -10 -12 -10
0 1 2 1
-4 -9 -12 -11
0 1 2 2
-3 -8 -12 -11
0 0 2 2
-1 -7 -11 -12
0 0 1 2
0 -5 -11 -12
0 0 1 2
1 -4 -10 -12
0 0 0 2
1 -3 -9 -12
1 0 0 2
2 -3 -9 -12
