511 511 511 511
511 511 511 511
511 511 511 511
511 511 511 511
511 511 511 511
511 511 511 511
65 -261 -512 -512
196 511 511 511
-95 -226 -342 36
511 511 511 511
511 511 511 511
511 511 511 511
511 511 511 511
511 511 511 -512
511 511 511 511
511 511 -512 -512
-356 -512 -512 -512
-510 -512 -512 -512
-512 -512 -512 -512
-6 -512 -512 -512
-512 -512 -233 511
511 511 -512 -512
-147 232 511 511
511 511 -512 -512
-512 -512 511 511
511 511 -512 -512
-512 -512 178 511
511 511 -512 -512
-512 -512 -512 511
511 511 511 -403
-512 -512 -512 511
511 511 511 511
