-9 -31 -4 -15
-20 6 6 -9
16 14 -11 0
1 -21 -3 10
-3 15 17 16
15 27 10 13
30 -2 12 11
-18 -8 5 -18
-7 -15 -5 29
-9 -2 25 -25
-1 1 -13 8
15 2 2 13
-34 2 16 -33
23 25 -19 20
6 -21 -8 3
6 -4 23 -5
20 18 24 -16
6 10 -14 0
11 1 -2 1
2 -4 -3 2
12 -9 -22 11
-38 -32 -5 -28
-9 -4 11 1
-6 7 2 -9
45 -1 28 17
4 -13 5 3
-27 5 -1 -7
3 -12 23 0
-16 23 -15 -24
-17 -6 -38 -33
13 -29 -7 6
-5 -1 -10 12
-33 40 -18 -2
27 4 -3 -4
16 -20 10 10
3 37 -26 3
5 -41 -12 4
-8 -29 21 16
-50 20 7 -29
32 11 15 2
6 -15 -16 6
-15 -18 6 6
5 -18 20 -4
-43 15 -4 -10
17 23 19 9
19 19 5 2
17 19 -15 1
9 -37 -7 -1
-40 -3 -11 -59
34 -5 -22 39
-13 20 6 -15
18 -19 -3 -6
13 6 -23 62
0 -2 58 8
6 14 36 -23
-6 31 -39 19
-15 -17 -6 4
13 -12 0 15
-17 -19 18 -2
-14 25 6 -22
2 8 -8 14
15 19 23 2
11 2 -20 -6
18 -6 -8 20
6 40 -13 5
-9 1 5 -21
36 -14 4 8
-24 22 -30 15
18 -21 14 -15
-9 -32 -14 6
-36 26 4 -8
15 -23 18 -22
23 26 14 8
23 -12 -1 7
-25 0 7 -7
4 5 8 -1
-6 2 -23 -18
-14 -24 -23 -22
-14 -12 -3 -10
10 6 -13 23
20 -27 46 1
1 18 -5 -5
-12 11 -19 7
30 -15 23 -6
-21 1 -25 -3
-26 2 -9 -30
25 -42 -7 22
-21 26 12 -2
-3 11 -15 -6
-13 -7 8 -9
20 5 -4 -2
-12 -3 -18 14
7 5 22 -4
10 -5 -6 16
-5 15 11 -2
0 -16 -2 -14
-10 -41 -19 19
-31 1 30 -31
12 10 -16 9
0 -14 -1 20
-25 13 40 -24
44 49 -12 31
28 -8 -3 16
-13 -19 24 -18
-28 -33 8 -24
-2 21 -8 1
11 9 -14 8
20 -12 1 -3
-4 -8 -4 32
-1 18 36 8
20 -7 10 10
-17 22 10 -13
31 -11 4 17
-20 -21 16 -3
-10 13 -8 -9
-6 -23 12 11
-15 34 23 -28
11 13 -36 -3
22 -14 -1 10
-11 -16 -12 -4
5 24 11 5
7 22 -4 -20
17 -4 -8 15
14 7 -9 13
-4 -37 -14 -14
-26 -28 -9 -10
-32 -2 8 -2
-1 16 29 -13
28 4 22 22
13 -12 -4 14
-29 -17 14 -3
-8 18 21 -21
-3 8 -22 -13
-17 -9 -16 -31
0 -16 -26 1
12 0 -9 22
-4 28 -8 -18
2 -2 -5 3
14 14 -7 -5
7 -15 -15 16
8 -5 6 5
-11 -25 0 8
-19 13 27 -11
-4 7 -11 -11
-26 -3 -31 3
11 -8 -5 15
-6 -33 36 -1
-39 42 -7 -26
26 -5 -3 24
25 17 34 11
-7 33 -23 -14
29 -24 -5 21
-35 -17 -9 -28
7 4 -9 17
-3 14 -5 -6
18 -15 0 -5
1 4 -2 34
11 15 37 18
14 3 15 -4
-7 18 -14 4
-4 17 -9 -26
16 -20 -18 39
-17 0 21 -22
-16 1 0 -19
28 20 -12 33
-3 -14 19 -5
1 20 5 -15
10 -5 -45 23
6 15 -3 31
-7 17 7 -29
15 -22 5 16
-11 29 -8 2
1 -30 0 -28
-1 -6 -19 -2
-25 4 -20 4
14 -14 37 -7
9 41 5 12
12 -1 -2 -3
-3 -1 -1 -1
12 9 -4 5
-3 -17 -11 -23
-18 -33 -22 -5
-33 -3 1 -11
13 9 0 6
41 -18 36 -4
-9 -4 -10 18
-23 17 -7 -13
8 -32 29 -10
-2 32 -12 2
-23 0 -21 -35
34 -27 -3 20
-25 7 -23 5
-22 -24 -3 -2
-12 30 4 -23
17 10 -19 16
24 -14 -2 13
-14 -23 8 1
9 21 12 16
5 -6 9 12
-19 16 32 -19
-16 -14 -41 30
-28 -19 27 -13
8 -8 3 0
-22 8 -8 8
-9 16 50 -25
51 38 -9 43
6 17 -14 0
12 -34 6 -8
-3 -34 12 -21
-33 25 -3 -13
30 27 -32 8
21 -43 0 16
-4 1 22 15
-7 15 9 7
28 -8 22 26
-42 13 15 -40
13 -17 13 13
19 -7 -4 18
-44 -1 10 -6
8 -3 31 -18
-13 12 -23 -5
3 14 -4 -21
14 -20 -17 1
-2 14 -15 33
16 29 9 16
-13 14 6 -27
23 8 -22 11
18 -8 -10 23
-11 -25 11 -36
-20 -29 -33 1
-29 -6 9 6
-7 9 24 -25
27 27 5 15
1 -11 -9 12
-5 -24 21 -5
-33 27 1 -19
25 1 -7 -8
-16 -26 -15 -22
-16 14 -24 0
17 -20 -11 10
-21 1 -3 -12
23 8 -7 8
-19 11 -2 -1
26 -6 6 -2
-7 -14 -18 8
5 1 16 4
-8 -4 8 -8
-3 28 -6 19
-24 1 -23 -18
0 -8 -10 21
4 -9 17 -9
-24 14 -10 -17
29 6 9 30
17 5 31 16
2 30 -5 -6
10 -14 -21 7
