511 511 -512 511
511 511 -512 511
511 511 -512 511
511 511 -512 511
511 511 -512 511
511 511 -512 511
511 511 -512 511
511 511 -512 511
511 472 19 511
511 -512 511 511
-512 -512 511 511
-512 -512 511 511
-512 -512 511 511
-512 -512 401 511
-512 -512 203 511
-512 -512 59 511
-512 -512 -182 511
-512 -512 -512 511
-512 -512 -512 511
-512 -41 -512 511
-512 511 -512 511
-512 511 -512 511
-512 511 -512 511
-512 511 -512 511
-512 511 -512 511
-512 511 -512 307
-512 -205 -512 -28
-512 -512 -512 -317
-512 -512 -512 -483
-512 -512 -512 -512
-512 -512 -512 -512
-512 -512 -512 -512
