3 0 -22 -2
-6 5 -26 7
-20 25 13 19
-31 0 -7 -4
9 10 -13 3
-12 20 -3 33
-2 7 -8 7
-13 18 20 4
-20 8 11 22
6 10 -18 15
-25 -8 -26 17
-9 18 -9 -10
-18 15 9 13
0 4 -15 17
-11 -12 -20 6
2 9 -7 -11
-11 2 -24 -24
-30 3 -16 28
9 10 -14 13
-6 11 7 3
1 8 -2 -8
12 8 -13 0
13 27 25 30
-7 -6 -8 -2
9 18 -13 -1
9 19 -20 -1
-11 8 4 1
-19 -11 1 8
4 3 -7 -14
11 8 3 -2
-3 -20 -13 -13
-14 5 22 11
-23 -4 9 13
12 1 -12 -4
-13 -15 -5 12
-1 7 -2 -14
-8 9 8 0
-1 -19 7 15
13 -18 9 -8
12 4 2 -19
7 4 1 -17
-9 -18 16 31
29 8 16 10
3 16 8 -11
-16 -18 -7 -12
6 -18 -6 -20
11 -5 38 8
2 -11 3 -20
15 8 -4 -4
25 4 4 -16
-9 -21 8 -22
-16 -9 16 5
13 5 4 -14
33 0 15 -20
0 -32 -1 -25
-12 -4 22 11
-14 1 13 4
23 1 2 -15
20 -12 27 9
18 -10 6 -14
-12 3 2 -33
-5 -30 9 6
35 -14 9 -4
18 -2 0 -10
