-512 -512 -512 -512
-512 -512 -512 -512
-512 -512 -512 -436
-313 -328 -412 -512
-512 -512 -512 -512
-502 -113 335 511
511 511 511 511
511 511 484 235
-512 -512 -512 -512
-512 -512 -512 -512
-512 -512 -225 58
59 -215 -512 -512
-512 -512 -512 -512
-512 -312 511 511
511 511 511 511
511 511 511 429
-512 -512 -512 -512
-512 -512 -512 -512
-100 511 511 511
511 293 -512 -512
-512 -512 -512 -512
-512 -512 511 511
511 511 511 511
511 511 511 420
-512 -512 -512 -512
-512 -512 -512 175
511 511 511 511
511 511 -512 -512
-512 -512 -512 -512
-512 -512 511 511
511 511 511 511
511 115 -153 -138
-512 -512 -512 -512
-512 -512 326 511
511 511 511 511
511 337 -512 -512
-512 -512 -512 -512
-512 -512 231 511
511 397 -296 -512
-512 -512 -512 -512
-512 -512 -512 -512
-512 227 511 511
511 511 511 511
511 -512 -512 -512
-512 -512 -512 -512
-512 -512 -22 164
-170 -512 -512 -512
-512 -512 -512 -512
-512 -512 -512 -512
-512 511 511 511
511 511 511 511
-387 -512 -512 -512
-512 -512 -512 -512
-512 -512 -512 -315
-512 -512 -512 -512
-512 -512 -512 -512
-512 -512 -512 -512
-329 511 511 511
511 511 511 -512
-512 -512 -512 -512
-512 -512 -512 -512
-512 -512 -342 -177
-467 -512 -512 -512
-512 -512 -512 -512
-512 -512 -512 -512
15 511 511 511
377 -512 -512 -512
-512 -512 -512 -512
-512 -512 -512 -512
-512 383 511 511
135 -512 -512 -512
-512 -512 -512 -512
-512 -512 -512 -512
-238 -94 -302 -512
-512 -512 -512 -512
-512 -512 -512 -512
-512 -512 -512 -512
255 511 511 511
511 192 -331 -512
-512 -512 -512 -338
-512 -512 -512 -512
-512 -512 -512 -512
-512 -512 -512 -512
-512 -512 -512 -512
-512 -512 -512 -512
335 511 511 511
511 511 511 511
511 511 408 218
-512 -512 -512 -512
-512 -512 -512 -512
-512 -512 -512 -512
-512 -512 -512 -512
-512 -512 -512 -512
-454 385 511 511
511 511 511 511
511 511 511 511
-512 -512 -405 -117
61 26 -201 -512
-512 -512 -512 -512
-512 -512 -512 -512
-512 -512 -512 -512
-512 -127 511 511
511 511 511 511
511 511 511 511
511 511 511 511
511 511 511 511
511 141 -512 -512
-512 -512 -512 -512
-512 -512 -512 -512
-512 103 511 511
511 511 511 511
511 511 511 511
511 511 511 511
511 511 511 511
511 511 511 -512
-512 -512 -512 -512
-512 -512 -512 -512
-177 511 511 511
511 511 511 511
511 511 511 511
511 511 511 511
511 511 511 511
511 511 511 57
-512 -512 -512 -512
-512 -512 -512 -498
511 511 511 511
511 511 511 511
511 511 511 453
