13 -18 1 17
-17 -2 -6 -10
-12 8 23 -16
28 21 1 20
5 15 -7 2
-3 -17 13 10
2 7 18 13
21 15 12 10
-12 -4 -30 -11
-13 -20 2 -29
8 6 -11 9
2 4 -14 -2
-15 -27 0 -9
-28 -5 14 -14
13 16 1 4
0 8 -26 15
-2 -8 11 -16
11 -17 -14 4
-8 1 -10 1
-32 -4 8 -11
16 19 17 -8
34 5 -14 32
-5 -8 -9 6
-32 -22 23 -24
6 17 7 -2
23 25 -22 10
-6 -16 -13 6
-9 -35 9 -26
-8 13 16 9
-4 28 -15 11
16 -6 11 3
11 -9 14 -3
-13 -17 -32 -14
-5 9 36 23
-5 -11 -4 -6
0 11 -14 -33
-18 -25 -17 20
21 15 4 -5
-3 -9 8 7
-7 -8 -12 -10
-5 22 25 -7
-4 -1 -13 13
19 -12 -19 -18
-15 1 31 41
15 6 -3 -5
13 11 10 -13
-26 -10 -18 -4
26 22 14 20
-11 8 -6 41
-13 -17 11 -5
-3 16 29 -24
-5 -2 -28 3
30 -7 -25 24
-35 -12 19 -17
18 2 -1 -26
1 11 -13 29
-18 -10 11 -8
7 18 7 -17
0 -14 14 23
15 6 -30 10
-5 10 18 9
9 -37 16 -16
-15 41 -13 -22
6 8 -28 16
33 33 14 -1
13 -11 9 -1
-22 -15 -14 18
-3 29 22 -8
22 -6 -2 -2
4 -6 -29 -8
-14 -11 1 16
-6 1 10 -16
-1 5 17 -21
-5 12 -23 35
23 7 10 5
1 -17 18 -3
-19 -13 -24 -17
4 17 3 16
1 8 1 -13
6 -29 -18 -38
-1 -10 29 24
10 1 -8 -18
14 26 8 32
-9 -18 13 -6
-2 16 -13 -53
-8 -18 -30 34
8 -25 5 9
-17 32 41 -15
2 -17 -35 -9
11 7 -3 1
-16 9 16 29
43 0 3 1
-14 3 26 -10
-27 1 -37 -11
27 0 -6 0
-26 -35 19 -3
33 -32 -9 15
-47 28 35 -3
16 1 -23 -35
22 -14 -6 2
-50 3 -7 10
23 -3 -10 -12
-13 -21 31 -7
-23 -11 -41 -12
23 32 -2 40
-2 -32 43 -14
13 36 -17 -29
5 10 -18 54
10 -20 32 1
-10 30 30 -35
-2 -22 -33 30
8 19 -10 -9
-6 -23 6 3
13 7 -5 1
-14 3 3 -18
-8 -11 -24 -10
-6 4 7 -2
11 1 18 19
-16 -11 -30 -20
-10 -17 8 -4
-2 5 1 21
25 22 14 -4
1 -5 -22 -5
-8 -2 10 -4
14 8 20 23
-7 13 2 -2
7 -2 4 -11
-8 -1 -3 27
-12 20 -8 -43
35 -18 -17 49
-6 -5 23 -2
-15 37 4 -15
13 -21 -5 0
3 -11 -3 -5
-9 38 -3 35
21 -34 24 2
-15 13 11 -44
-9 11 -54 10
23 -23 6 36
-24 -4 48 -38
9 22 -34 -3
0 -8 -15 18
-24 -21 21 -15
24 17 -9 0
0 29 -2 19
3 -17 -22 -11
-24 -11 36 -10
14 21 -7 25
42 16 -5 22
-31 -11 28 -12
15 12 -10 -9
31 15 7 30
-33 -14 -3 -21
-3 4 -5 -17
11 -19 7 21
-15 4 -22 -27
-23 -11 -22 -3
10 -34 16 8
5 43 17 -16
-12 1 -39 9
2 -14 3 21
-31 -5 13 -30
-2 5 -16 6
14 -6 10 17
7 6 4 13
7 14 1 0
11 -5 17 -8
-5 26 -11 1
11 -14 -7 9
-13 -12 20 -7
-23 6 -5 -24
14 -11 -37 19
-11 -22 6 -8
-7 4 13 -5
14 21 -12 7
5 -1 9 -4
-16 -35 -11 -32
-17 7 27 0
29 11 -43 41
-21 -29 21 -26
-25 0 12 -25
39 25 -36 33
12 -12 28 22
-36 10 1 -43
33 8 6 9
-9 -18 -18 17
-31 7 -6 -33
18 -22 12 30
4 6 20 -8
0 35 -35 -13
1 -31 -11 31
21 -4 74 -6
-19 1 -12 5
3 4 -6 -11
-1 -14 -5 -1
-9 -13 -4 -6
-2 11 5 14
8 20 14 4
9 -21 -12 -16
-14 1 -7 4
-5 2 8 9
20 13 8 3
-5 -18 -11 -17
-15 -2 -7 5
-3 13 8 1
20 -2 7 9
6 6 -2 5
-10 0 15 13
11 30 -16 1
4 -10 -6 19
-11 -7 25 -39
18 37 -15 16
17 -22 -7 41
-35 -13 31 -47
-8 37 -2 -2
41 -23 -28 41
-16 -2 13 -15
-16 -3 -3 -14
27 -2 10 13
-22 21 -5 -18
5 -2 -31 4
8 -35 37 10
-33 13 8 -17
16 25 -55 0
-5 18 23 -8
48 -11 -36 9
-10 17 34 17
-5 11 -8 5
28 -3 4 -34
-41 -28 10 13
-7 27 -33 8
37 1 41 12
-18 -31 -18 -22
1 18 -26 -2
0 -2 20 43
10 13 26 -54
1 9 -19 13
-17 -27 -31 15
1 6 34 -28
-21 -23 -18 11
24 4 17 -15
-1 24 -5 3
11 -24 -35 3
3 -9 28 1
-47 7 10 -16
41 8 -33 -6
-22 -21 6 8
-24 -19 -6 -25
21 28 -7 22
7 -11 25 19
10 19 -8 -15
-11 -2 13 9
9 -4 -2 -11
0 41 2 11
19 -45 -10 25
-16 -4 11 -39
-3 -36 7 29
-39 32 18 -22
34 19 -11 -5
8 -65 -21 11
-42 19 -4 -22
-5 -1 -3 9
13 -25 6 -36
-24 20 -25 -7
18 1 -17 58
10 -24 61 -25
-28 28 1 -17
31 19 -38 43
16 -3 53 18
-2 5 -9 -42
16 -8 -24 26
-29 4 23 10
2 -9 -2 -14
-4 14 31 8
6 -2 -30 16
10 -1 3 -12
-26 -37 0 1
10 15 -12 -18
-15 7 4 2
3 1 -19 -12
21 -4 14 11
-22 -12 12 22
-6 18 -1 -29
9 7 18 32
25 -7 -15 -4
1 15 2 0
-16 -21 -14 -4
14 4 21 -11
-12 58 16 -7
41 -29 -40 -2
-7 -9 11 24
-31 5 13 7
51 8 12 -4
-27 -1 -3 -6
12 10 -29 -4
5 -3 21 13
-16 -19 14 -26
14 36 -31 20
-6 -27 30 31
-7 -13 -1 -59
-18 25 -25 1
25 -27 -20 41
5 20 29 -19
-15 -27 -5 -23
-6 36 -27 -1
3 -2 -6 3
1 -15 22 2
19 22 2 11
12 -7 -10 23
-39 0 21 -33
19 15 8 7
38 14 -17 33
-22 -13 5 -24
-19 -17 -13 -7
15 -9 18 3
-15 25 -5 -5
-11 -2 -35 -17
24 -42 15 9
-22 17 7 -1
-4 11 -18 1
-17 -22 -8 1
-9 1 2 -11
9 14 -12 -6
7 -7 -6 7
-8 -14 13 14
-5 16 23 -4
0 16 0 -10
11 1 -19 14
17 -21 -6 16
-9 -5 17 -13
-26 5 -7 -27
6 7 -18 4
14 -1 5 9
-8 -9 11 4
-7 0 -2 2
10 11 14 18
-3 -19 -2 -43
5 8 -11 2
9 -7 -36 10
-21 -25 9 -7
-16 18 40 -11
35 22 -5 27
-8 -2 -12 2
-22 -26 -4 -30
26 14 11 32
12 -3 -4 9
-18 4 -19 -35
-19 -20 9 -17
9 8 10 18
7 37 -18 11
10 -32 18 26
4 -2 40 -3
-17 -6 -11 -15
-2 19 -17 9
16 -15 8 1
19 -1 11 10
-37 6 -3 -5
13 8 7 -3
6 5 13 13
16 1 2 7
-5 7 -25 -3
-8 -26 11 -15
1 -6 -8 -2
-18 19 7 1
9 1 -13 -15
-1 -6 -1 2
7 -27 0 22
-16 24 15 8
5 11 18 19
-6 -8 -24 -15
-5 11 25 -9
21 -3 -10 41
24 10 5 1
-38 -18 23 -12
7 30 -10 -17
36 15 0 28
-11 -28 -19 6
-14 -11 21 -28
-13 8 15 19
9 13 -36 -30
-4 -17 -9 12
-10 -31 4 0
11 27 17 -10
-18 1 -32 2
18 22 15 -25
15 -4 0 5
-15 -14 -22 19
0 12 13 5
12 -15 18 -1
5 5 -12 -13
-19 18 -15 5
11 -10 -1 -13
10 -5 19 1
-15 2 -7 28
2 11 6 -10
-7 -11 15 -17
6 -11 -34 2
6 16 -4 22
-2 -6 15 -11
6 -13 -3 -30
-42 10 -6 0
19 7 -6 10
28 1 8 21
-24 -28 -4 -20
-17 -8 -16 -17
-8 10 -7 0
19 -13 -8 -8
-14 7 8 5
-7 -4 0 -7
17 16 -1 9
-13 -22 16 17
8 14 12 7
13 40 10 -4
20 -22 -27 3
-5 -15 -9 -1
-19 1 36 9
15 11 -31 -3
-23 20 38 8
13 -17 -23 -19
6 -10 -14 -12
-25 -17 -4 32
-7 13 4 -40
-2 -12 9 -17
-9 -14 -60 4
11 21 39 28
-4 -17 20 10
19 17 2 -36
-12 18 -5 45
13 2 1 4
36 2 29 -13
-34 -10 -20 13
12 16 -5 -12
2 -1 31 26
18 -7 -9 -30
-2 25 -13 16
-7 -11 1 5
16 -8 13 -17
-23 -1 1 7
-10 -4 -23 -18
-2 15 9 6
17 -40 -12 12
9 26 16 8
-29 15 13 -4
35 0 -15 -14
0 0 12 11
-19 -6 -7 15
12 14 2 -20
-14 -37 2 -4
22 11 9 -18
6 12 -8 2
21 1 -10 32
9 6 37 1
-23 9 1 -40
1 -13 -37 8
-1 -4 27 39
4 11 16 -18
11 1 -24 -13
-16 -29 -18 9
7 24 18 8
13 9 20 -4
-12 -10 -13 -25
-14 11 -24 1
9 -31 4 26
-12 -19 14 -31
2 2 8 20
-10 11 -25 -18
5 -7 14 -13
10 -19 -1 24
-9 35 2 -6
-5 -6 11 5
10 -16 -4 -17
-1 8 1 11
-10 3 -24 18
16 -8 30 -24
-2 0 -3 7
-6 10 -28 -9
-10 -4 16 2
1 -8 5 -5
26 6 3 16
-35 0 -11 4
-10 -22 -11 -20
-1 -1 12 24
-17 -3 -5 -32
6 13 -26 -2
-5 -33 9 34
17 13 30 -17
-23 35 -17 -12
16 -34 -20 7
6 7 21 13
-11 5 11 -3
1 -5 -25 -19
-23 -2 11 1
35 0 -13 23
-2 8 23 3
-22 -7 3 -19
31 35 -10 22
-30 1 -20 -48
23 -13 -4 42
-7 -3 19 4
-21 8 -20 -18
19 -16 4 5
2 3 14 8
3 37 -18 11
17 -25 14 -4
-16 9 27 -20
-6 9 -44 5
4 -29 -4 16
-26 -8 37 -26
18 23 -21 17
16 -8 -24 4
-26 -8 25 -15
24 23 13 24
-11 28 0 16
-2 -10 -26 -15
-7 -25 13 2
3 8 20 18
14 25 -6 15
8 10 3 -6
20 -15 6 -1
-3 15 11 15
-21 3 -11 -21
10 6 3 -4
3 -29 1 12
-19 -8 -22 -14
-26 0 -13 -23
16 -14 11 19
23 19 1 7
-19 2 -5 -9
28 -15 5 25
-40 -1 22 -38
3 17 -18 16
25 -1 18 21
9 12 4 -4
-10 -3 -12 5
12 -7 34 7
2 41 -12 -6
17 -21 -16 8
-26 -32 11 -11
-18 32 7 -24
33 -4 -39 24
-25 -40 8 -14
-19 5 7 -19
12 23 -11 17
5 -17 1 -15
-6 -31 11 8
-1 -6 13 -21
11 35 -20 28
-14 -16 7 -14
4 -3 9 -28
0 3 -16 33
3 -10 7 7
-18 21 15 -18
25 -25 -12 4
0 7 -10 5
-33 14 3 -13
40 -12 -3 9
-4 0 28 3
-25 11 -24 -8
7 1 -6 1
9 -27 35 7
-2 20 -30 -19
15 9 4 28
-2 -38 -9 -25
-17 16 2 -32
-24 -6 -6 30
30 18 0 -19
-11 -27 -3 5
-25 -41 -20 -2
-8 45 31 -6
27 18 -12 22
41 -23 -17 -11
-46 -1 32 13
5 27 -6 -9
34 14 25 17
-20 -26 -11 8
10 17 -3 -5
-11 11 -13 14
16 -7 -8 24
-8 10 52 -37
-7 4 -46 -6
21 -5 -20 13
-43 -27 35 -11
4 14 -25 -20
20 -17 -1 31
-33 2 11 -8
17 20 -8 -22
24 -16 8 40
-9 21 6 -16
8 23 8 25
10 -40 6 -14
-26 20 9 -26
-3 15 -42 35
31 -9 30 2
6 -4 14 10
-22 13 -4 -4
21 34 4 5
0 -34 -6 -9
6 -20 -15 -11
-37 25 2 16
21 -6 14 -8
11 -8 -9 -11
-26 -2 3 11
11 26 -1 11
18 -2 22 1
15 -27 -21 -2
-40 19 8 1
-3 -6 -3 -27
17 -5 -30 -16
25 -4 48 26
-10 7 -19 -33
2 4 -3 26
-6 -37 21 19
1 57 2 -55
17 -20 -41 43
8 -42 1 -5
-36 30 41 -34
0 6 -34 18
23 -2 21 -2
-12 15 6 24
27 -20 -22 -7
-28 -17 34 -4
-17 29 -34 -15
61 5 0 19
-47 -41 8 -27
6 -24 -12 10
-42 24 33 3
23 -8 -12 -5
15 -15 10 -7
-49 7 -25 -4
35 4 -28 -2
9 -29 44 10
-28 12 -15 -19
7 34 -10 9
-6 -33 23 -6
9 11 -10 -10
7 4 -5 60
2 -10 22 -22
-1 23 6 -34
6 -22 -37 32
1 21 19 -9
-19 -25 -12 7
4 -17 26 5
-20 19 2 -16
-13 7 -35 -22
26 -31 -2 27
-5 9 28 3
-8 12 -20 -19
0 -8 -7 6
1 -13 27 1
3 30 -8 3
-9 -13 -15 -13
5 -11 5 12
16 9 11 24
-3 -5 12 -5
-25 24 -4 -35
34 7 -2 36
-1 31 -24 -23
26 -34 -4 22
-28 -12 10 -13
-27 40 -5 -21
52 -10 8 37
-7 3 15 -7
-2 15 -14 12
4 -31 0 8
-17 10 43 -35
8 33 -58 18
26 -31 -1 7
-33 -22 22 -33
-15 18 -24 5
24 -9 12 25
-31 20 21 -22
37 0 -23 3
-16 20 -20 18
7 -12 -23 -3
2 -7 38 2
8 32 20 1
12 18 -25 6
-14 -7 6 2
28 -13 27 28
14 23 24 26
-32 -3 -27 -53
3 -1 -31 -16
18 -30 8 31
-9 10 -1 -9
-35 7 -11 -38
-1 -35 6 7
4 17 -2 7
-8 4 -10 12
24 -33 10 22
-29 -5 9 -33
-10 22 -6 -2
15 -3 2 16
14 23 11 -7
1 -9 2 27
2 -7 15 0
-3 23 4 -10
11 -13 -19 14
-7 -15 9 -20
-15 23 -11 -15
22 -13 -30 6
-20 -34 23 4
-30 15 5 -21
20 24 -1 9
4 -15 -7 7
15 -45 12 -14
-19 1 22 2
-8 8 -36 -10
-4 -4 3 -7
-16 -5 16 -1
53 10 -16 21
-25 0 7 4
-28 -21 -1 -35
30 19 5 24
-2 -2 11 7
-11 15 -30 -27
3 -30 5 16
15 -15 19 12
-25 53 4 -9
10 -20 -10 7
28 7 15 -4
-34 -11 -13 -3
7 13 -8 26
7 -11 36 -7
-9 -14 -18 -17
-22 13 -28 -13
16 -5 3 18
15 -16 -4 0
-10 -2 25 -3
-31 28 -9 -12
22 5 -4 -12
16 -32 -11 33
-17 8 25 10
9 25 14 -2
10 -7 -19 -19
6 -12 -6 3
-18 24 13 31
25 23 -2 1
-8 -6 10 22
-19 -17 15 -29
9 25 -10 7
13 -7 -14 25
-2 -16 0 -29
-10 12 3 -1
9 -20 -13 6
-16 25 22 -10
-7 -2 -2 2
35 -1 2 19
-19 -2 3 1
0 -9 -18 1
11 0 23 -5
-14 9 -2 -12
13 17 -46 -16
12 2 43 37
19 -26 -4 -25
-27 33 9 12
-3 11 -7 9
49 -13 -1 -17
-31 -21 0 11
-14 9 -26 -14
10 21 31 6
1 -44 -11 -11
0 35 0 7
-18 10 15 23
43 -11 -11 -22
-8 -13 4 12
-33 -10 -7 8
13 40 7 -46
-3 -40 -26 -1
16 8 -18 -6
-6 14 25 10
19 -6 -10 18
0 6 19 -26
-25 -2 -19 -15
4 -4 -34 -2
6 -28 33 29
-17 9 -5 -18
3 20 4 -14
-4 -18 -21 17
24 13 10 -2
7 8 25 36
-12 2 2 -27
8 11 -8 -14
-13 -22 -19 21
4 -9 14 -20
-11 -1 -10 30
-8 6 0 -16
19 0 -4 -16
-23 -28 -4 -15
-14 22 -8 5
4 9 -2 7
15 -47 2 -21
-44 -1 -13 5
1 14 1 15
41 21 17 -4
-2 -12 -2 -4
3 1 -21 20
-11 27 45 -1
17 -4 8 -6
7 2 -22 16
-15 -6 11 6
16 -31 -8 -8
-6 4 38 1
-14 12 -29 -7
8 14 -12 -19
-6 -33 11 15
10 9 7 -2
-27 7 -2 1
2 -11 -20 -13
24 -5 20 16
-14 0 0 13
0 23 -19 -41
7 -5 16 27
17 -16 1 12
-15 25 18 -6
-22 -4 -9 -12
34 -1 1 9
-4 -4 14 -2
5 -13 -18 1
3 19 19 10
-3 1 5 11
17 12 0 -23
-10 -18 -6 19
9 18 5 14
11 9 28 0
-6 -11 -21 -16
-6 -3 -18 -14
-11 -2 10 29
14 -5 -3 -27
-9 -2 2 1
-20 -10 -23 -4
11 5 14 -1
-3 -5 -1 3
2 30 5 4
0 1 -38 -3
-14 -39 24 -6
16 14 21 28
2 37 -6 7
17 -2 2 -5
12 -10 4 6
8 5 19 10
-32 20 -20 -19
8 -8 6 -11
21 -25 -6 24
-36 -3 -10 -24
-23 -9 -23 -23
12 -5 10 15
32 7 9 13
-31 11 -21 -12
-9 -15 -6 -19
-4 -10 5 18
-17 5 12 -13
7 9 -23 7
18 -16 6 17
-1 -1 24 -3
-5 40 -12 -5
26 -11 -2 4
-6 -3 13 0
-19 -5 -6 -11
-4 -6 -11 0
-12 -5 4 -12
18 -8 -16 20
-4 -4 2 -6
-14 10 15 -18
22 25 -10 21
-28 -25 -9 -22
6 -12 10 20
-2 15 -4 -8
-16 -3 -22 -13
8 -29 9 14
8 13 18 4
-6 32 -14 -7
4 -20 -5 0
9 -6 19 3
-6 14 -10 0
-19 -13 -12 -9
-3 -10 11 -5
28 16 1 23
-3 0 -5 1
-21 -4 6 -18
32 21 17 26
2 19 -22 -5
-7 18 -3 -9
8 -39 -17 6
0 -6 23 -7
-26 26 1 11
23 22 -9 -5
12 -43 13 4
-23 3 -15 -7
-4 26 6 5
17 -10 5 12
17 -10 -8 -25
-29 1 -1 19
-18 4 -2 -24
33 12 12 10
10 -13 -10 33
-18 -1 18 -15
5 0 16 33
-12 -3 -9 -38
29 32 -2 25
1 -21 20 16
5 21 0 -32
-33 -12 -16 14
23 -14 22 3
-6 39 7 7
14 -33 -34 2
-1 -11 7 -15
-30 21 29 8
47 9 -37 -1
-25 -5 26 -11
-18 -20 -18 -9
18 12 -6 17
-21 -32 13 -12
31 -4 13 0
5 1 24 -14
-8 17 -32 18
18 21 12 -2
1 -35 13 -5
-15 -1 -9 -13
-27 13 2 11
18 9 -12 -5
29 -30 2 4
-28 -7 1 21
-6 40 8 -29
28 6 9 11
6 -26 -18 -3
-24 12 9 9
-14 -2 -2 -14
17 -26 -6 -20
-18 36 -2 1
30 1 -29 13
2 -17 21 -14
-26 -17 -19 -6
7 11 -2 4
-19 -2 15 -11
6 -10 -37 -26
-7 -22 -1 18
-22 10 17 4
36 32 2 3
13 -26 11 25
-23 10 5 -27
4 38 4 16
35 -24 -4 16
-4 1 12 -9
-27 -1 -12 5
-17 17 -28 -34
7 21 8 55
17 -29 11 -23
0 3 -15 -17
-43 -28 -21 17
11 4 2 -39
-6 15 1 4
8 -38 -25 8
-13 39 24 -3
-3 -11 2 6
33 -14 -1 11
-37 25 37 17
36 27 -22 -1
31 -7 7 -3
-34 -42 -9 5
6 47 -1 0
5 -27 40 8
1 6 0 -20
-11 24 -11 16
11 -26 -16 19
6 -7 18 -28
-8 -6 5 17
-18 18 -31 -26
13 16 13 -11
17 -33 -14 34
-10 1 34 -2
-35 27 -2 -8
32 -2 -11 -8
21 -21 7 29
-28 13 -18 -6
21 8 11 -21
-16 -19 5 6
35 0 33 3
-30 9 -8 -28
15 -1 -34 21
18 -17 39 37
-17 26 18 -26
19 -2 -37 3
-2 -4 26 8
-11 17 -2 -21
28 -1 -27 23
-18 -35 30 -2
-21 35 9 -13
20 -11 -34 -1
-13 -34 1 -14
-17 29 -7 -1
38 -14 -2 33
-18 -16 9 -49
-25 14 -14 4
2 15 -24 -12
25 -12 18 26
9 -15 19 8
-20 28 -10 -19
-12 5 0 8
34 -20 16 11
8 33 13 12
-17 -7 -31 -14
3 -21 0 -14
-5 -14 12 9
-3 22 -6 1
-18 8 -4 -27
13 -26 -18 1
17 -6 1 27
-38 -1 27 7
-21 12 -31 -30
22 -20 2 18
-11 -2 -8 -18
-18 21 -20 -15
28 -36 23 48
-17 23 40 -24
-8 36 -25 -9
20 -36 -31 23
5 -13 45 -4
-4 24 -26 10
-2 -18 -5 -27
-28 -2 11 -23
18 22 -23 22
24 -20 20 29
-45 7 18 -22
39 16 -4 19
