511 511 511 511
511 511 511 511
511 511 511 511
511 511 511 511
511 511 511 511
511 511 511 511
511 511 511 511
511 511 511 511
511 511 511 511
511 511 511 511
511 511 511 511
511 511 511 511
73 -42 -210 -402
-512 -512 -512 -512
-512 -512 -272 473
511 511 511 511
-247 -352 -458 -512
-512 -512 -512 -512
-512 -310 451 511
511 511 511 511
511 511 511 511
511 511 511 511
511 511 511 511
511 511 511 511
511 511 511 511
511 511 511 511
511 511 511 511
511 511 511 93
511 511 511 511
511 479 415 511
511 511 511 511
511 511 -512 -512
417 29 -438 -512
-512 -512 -512 -512
-348 475 511 511
18 -512 -512 -512
-512 -512 -512 -512
-512 -512 -512 -512
137 511 511 511
88 -512 -512 -512
-512 -512 -512 -512
-512 -512 -168 511
511 511 511 511
511 -438 -512 -512
-512 -512 -512 -512
-222 261 511 511
511 511 511 511
511 511 -512 -512
-512 -512 -512 -512
-512 -343 511 511
511 511 511 511
511 511 -512 -512
-512 -512 -512 -512
-512 -512 306 511
511 511 511 511
511 511 -512 -512
-512 -512 -512 -512
-512 -512 -512 -422
511 511 511 511
511 511 511 511
-512 -512 -512 -512
-512 -512 -512 -512
-137 511 511 511
511 511 511 511
