-512 -512 -512 -512
-512 -512 -138 134
302 310 134 -215
-512 -512 -512 -512
-512 -512 -512 -512
-512 -512 -512 -512
-512 -512 -512 -512
-512 -512 -512 -512
-512 -512 -512 -512
-496 -96 143 193
69 -216 -512 -512
-512 -512 -512 -512
-512 -512 -512 -512
-512 -512 -512 -512
-512 -512 -512 -512
-512 -141 35 103
511 511 511 511
511 511 112 -512
-512 -512 -512 -512
-512 -512 -512 -512
-512 -512 -512 -512
-512 -512 -512 -512
-512 363 511 511
511 511 511 511
511 511 511 511
145 -442 -512 -512
-512 -512 -512 -512
-512 -512 -512 -512
-512 -512 -512 -512
-512 -512 -512 -512
-12 511 511 511
511 511 511 511
511 511 511 511
511 369 -309 -512
-512 -512 -512 -512
-512 -512 -512 -512
-512 -512 -361 87
492 511 511 511
511 511 511 511
511 511 511 511
511 511 511 511
511 511 511 511
511 511 511 511
511 511 511 511
511 511 511 511
511 209 -200 -512
-512 -512 -512 -512
-512 -512 -508 -271
511 511 511 511
511 511 511 511
511 511 511 511
511 511 511 511
471 41 -461 -512
-512 -512 -512 -512
-512 -512 -512 -512
-512 -512 -512 -512
511 511 511 511
511 511 511 511
511 511 511 395
-22 -434 -512 -512
-512 -512 -512 -512
-512 -512 -512 -512
-512 -512 -512 -512
-512 -512 -512 -388
511 511 511 511
511 511 511 511
511 -11 -512 -512
-512 -512 -512 -512
-512 -512 -512 -512
-512 -512 -512 -512
-512 -512 -486 -307
-174 -63 -28 -10
511 511 511 511
511 511 511 511
319 11 -372 -512
-512 -512 -512 -512
-512 -512 -512 -512
-91 499 511 511
511 511 511 511
511 511 511 511
447 511 511 511
511 511 511 511
511 511 511 508
155 -106 -296 -330
-167 152 511 511
511 511 511 511
511 511 511 511
511 511 511 511
511 511 511 511
511 511 511 511
511 511 511 511
511 511 511 511
511 511 511 511
511 511 511 511
511 511 511 511
511 511 511 511
511 511 511 511
511 511 511 511
511 511 511 511
511 511 511 511
511 511 511 511
511 511 511 345
-127 -480 -512 -512
-512 -512 -368 -200
511 511 511 511
511 511 511 511
511 511 511 511
511 511 511 511
511 511 511 511
301 -512 -512 -512
-512 -512 -512 -512
-512 -512 -512 -512
511 511 511 511
511 511 511 511
511 511 511 511
511 511 511 511
511 0 -512 -512
-512 -512 -512 -512
-512 -512 -512 -512
-512 -512 -512 -280
511 511 511 511
511 511 511 511
511 511 511 511
511 511 511 -193
-512 -512 -512 -512
-512 -512 -512 -512
-512 -140 511 511
511 511 511 511
