316 511 511 -512
-3 511 511 -512
-512 511 511 -512
-512 511 511 -512
-512 511 343 -512
-512 511 -483 -512
-512 511 -512 -512
-512 511 -512 -512
-512 511 -512 -512
-512 511 -512 -512
-512 511 -512 -512
-512 511 -512 -159
-512 511 -512 167
-512 511 -512 492
-512 511 -512 511
-512 511 -410 511
478 511 437 511
511 511 511 484
511 511 511 -230
511 511 511 -512
511 511 511 -512
511 511 511 -512
511 511 511 -512
511 511 511 -512
511 511 511 -512
511 511 511 -512
511 511 511 -512
511 -53 511 -512
511 -512 511 -512
511 -512 458 -512
511 -512 19 -512
511 -512 -239 -512
