511 511 511 511
511 511 511 511
511 511 511 511
511 511 511 511
511 511 511 511
511 511 511 511
511 511 511 511
511 511 511 511
511 511 511 511
511 511 511 511
511 511 511 511
511 511 511 511
511 511 511 511
511 511 511 511
511 511 511 511
511 511 511 511
511 511 511 511
511 511 511 511
511 511 511 511
511 511 511 511
511 392 200 -24
-216 -354 -332 -107
315 511 511 511
511 511 511 511
-478 -512 -512 -512
-512 -512 -512 -512
-512 106 511 511
511 511 511 511
-512 -512 -512 -512
-512 -512 -512 -512
-512 39 511 511
511 511 511 511
-512 -512 -512 -512
-512 -512 -512 -512
-33 511 511 511
511 511 511 511
-410 -512 -512 -512
-512 -512 -331 287
511 511 511 511
511 511 511 423
486 308 207 110
137 248 511 511
511 511 511 511
511 511 511 -349
511 511 511 511
511 511 511 511
511 511 511 511
511 511 347 -512
511 511 511 511
511 511 511 511
511 511 511 511
511 511 -512 -512
511 511 511 452
377 460 511 511
511 511 511 511
511 429 -512 -512
-122 -278 -324 -440
-417 -313 22 511
511 511 511 511
511 -512 -512 -512
-512 -512 -512 -512
-512 -512 -512 -468
285 511 511 511
269 -512 -512 -512
-512 -512 -512 -512
-512 -512 -512 -512
-36 511 511 511
118 -512 -512 -512
-512 -512 -512 -512
-512 -512 -512 -512
41 511 511 511
503 -512 -512 -512
-512 -512 -512 -512
-512 -512 -512 -512
355 511 511 511
511 -512 -512 -512
-512 -512 -512 -512
-512 -512 -512 373
511 511 511 511
511 -388 -512 -512
-512 -512 -512 -512
-512 -512 68 511
511 511 511 511
511 511 -512 -512
-512 -512 -512 -512
-512 -322 511 511
511 511 511 511
511 511 -512 -512
-512 -512 -512 -512
-512 337 511 511
511 511 511 511
511 511 353 -512
-512 -512 -512 -512
-512 457 511 511
511 511 511 511
511 511 511 -185
-512 -512 -512 -512
-512 -393 487 511
511 511 511 511
511 511 511 511
-512 -512 -512 -512
-512 -512 -512 -505
-83 354 511 511
511 511 511 511
-512 -512 -512 -512
-512 -512 -512 -512
-512 -512 -512 -142
511 511 511 511
-512 -512 -512 -512
-512 -512 -512 -512
-512 -512 -512 -512
511 511 511 511
-512 -512 -512 -512
-512 -512 -512 -512
-512 -512 -512 -322
511 511 511 511
6 -118 -390 -512
-512 -512 -512 -512
-512 -512 -512 90
511 511 511 511
371 252 8 -298
-512 -512 -512 -512
-512 -512 -336 395
511 511 511 511
335 261 113 -71
-285 -470 -512 -512
-512 -456 -128 279
511 511 511 511
