0
0
0
0
0
0
0
0
0
0
0
0
-91
0
0
0
0
0
0
0
0
0
0
0
0
0
0
0
0
0
0
0
0
0
0
0
0
0
0
0
0
0
-227
0
0
0
0
0
0
0
0
0
0
0
0
-139
0
0
0
0
0
0
0
0
0
0
0
0
0
0
0
101
-238
0
0
0
0
0
0
0
0
0
0
0
0
0
0
0
0
0
0
0
0
0
0
0
0
0
123
0
0
0
0
0
0
0
0
-181
0
0
0
0
0
0
0
0
0
0
0
0
0
0
0
0
0
0
0
0
0
0
0
0
0
0
0
0
0
0
-122
0
0
0
0
107
130
0
0
0
0
0
0
0
0
0
0
0
0
35
0
0
0
0
0
0
0
0
0
0
0
0
0
0
35
0
0
234
0
0
0
0
0
0
0
0
0
0
0
0
0
0
0
0
0
0
0
0
0
0
0
0
0
0
0
0
0
0
0
0
0
0
0
0
0
0
0
0
0
0
0
0
0
0
0
0
0
0
0
0
0
-69
0
-139
0
0
0
0
0
0
0
0
0
0
0
0
0
0
0
0
0
0
0
0
-106
0
0
0
