-10 38 24 -28
31 -15 12 -8
5 -24 40 -16
4 5 28 4
-14 32 -9 -17
-5 15 -18 4
-27 5 -1 -5
-25 25 13 -15
-31 13 4 -1
-27 8 2 5
-14 5 -8 24
-26 -19 6 -8
7 -11 9 -20
23 11 6 2
48 -27 15 15
4 -11 23 -19
-15 21 -4 4
17 -16 -10 25
11 -20 -8 42
-2 -35 13 10
13 2 -33 6
11 -12 -36 12
-15 -12 -21 -4
0 13 -20 8
9 3 -7 10
14 -28 12 -14
-7 8 -1 -20
21 -2 -4 13
12 -11 5 5
1 22 6 -7
8 29 5 -11
2 19 12 -11
-9 -7 -15 2
-16 15 19 -26
-2 42 -18 -7
-12 1 20 -36
-6 -20 20 -2
-25 -6 30 -31
-6 7 15 -29
3 0 -15 1
16 12 -7 21
-3 -12 23 2
-34 31 -12 -12
30 12 -8 19
-9 17 10 19
-13 -19 -1 30
-28 -10 -5 26
9 -19 -24 41
0 -11 -17 -8
15 -30 14 -11
25 -36 -10 10
15 -34 -1 -8
-8 -15 10 10
-11 1 10 10
17 -4 -5 30
1 -31 -2 5
4 16 -20 12
4 26 -13 16
-9 40 -23 17
-9 15 24 -17
-13 34 -10 -33
33 -12 -14 -24
3 -14 18 -27
-19 14 32 -24
