-512 -264 159 11
-512 -512 -512 -512
-512 -512 -512 -512
-512 -414 511 511
511 511 511 139
-512 -512 -512 -512
-512 -512 450 511
511 511 511 511
511 511 511 511
511 511 511 511
511 511 511 158
-512 -512 -512 -512
511 511 511 511
511 511 511 61
-512 -512 -512 -512
-512 -512 -512 -512
21 208 419 511
414 28 -412 -512
-509 82 511 511
511 511 511 511
511 511 511 511
511 511 511 511
511 511 511 511
511 511 511 511
511 511 511 511
511 511 511 511
511 511 511 -512
-512 -512 -512 -512
511 511 511 511
511 511 511 511
-512 -512 -512 -512
-512 -512 147 311
