511 511 -512 511
511 511 -512 511
511 511 -512 511
511 511 -512 511
511 404 -512 511
111 -512 -24 511
-512 -512 383 511
-512 -512 330 511
-512 -512 247 511
-512 -512 302 511
-512 -512 511 511
-512 -512 511 511
-512 -512 511 511
-512 -512 511 511
-512 -512 300 511
-512 -512 0 511
-512 -509 -344 511
-512 50 -512 511
-512 511 -512 511
-512 511 -512 324
-512 511 -512 65
-512 511 -512 -237
-512 511 -512 -512
-512 511 -512 -512
-512 511 -512 -512
-512 314 -512 -512
-512 -502 -512 -512
-512 -512 -512 -512
-512 -512 -512 -512
-512 -512 -512 -512
-512 -512 -512 -512
-512 -512 -512 -512
