-512 -512 511 -368
-512 -512 -456 -101
-512 -512 511 -98
-512 -512 -512 -512
-512 -512 511 371
-512 -512 -512 -512
-512 -512 511 511
-512 -512 -512 -512
-512 479 511 511
-512 -512 -512 -512
-512 511 511 -272
-512 -512 -512 -512
511 511 511 -512
-512 -512 -512 -512
511 511 511 -512
-512 -512 -512 -512
511 511 -512 -512
-512 -512 -512 -512
511 511 -512 -512
-512 -512 -512 511
511 511 -34 -512
-512 -512 -372 511
511 511 511 511
40 -512 511 511
511 511 511 511
511 34 511 511
511 511 511 511
511 511 511 511
511 511 511 511
511 511 511 511
511 511 511 511
511 511 511 511
