-512 -512 -512 -512
-312 104 511 511
511 511 511 511
511 511 511 511
511 511 511 511
511 511 511 511
511 511 511 511
511 511 511 511
-512 -512 -512 -512
-512 -512 -466 -154
256 511 511 511
511 511 511 511
511 511 511 511
511 511 511 511
511 511 511 511
511 511 511 511
-512 -512 -512 -512
-512 -512 -512 -512
-512 -512 -512 -512
-364 262 511 511
511 511 511 511
511 511 511 511
511 511 511 511
511 511 511 511
-512 -512 -512 -512
-512 -512 -512 -512
-512 -512 -512 -512
-512 -512 -512 -512
-512 -282 182 511
511 511 511 511
511 511 511 511
511 511 511 511
-512 -512 -512 -512
-512 -512 -512 -512
-512 -512 -512 -512
-512 -512 -512 -512
-512 -512 -512 -512
-512 -512 -249 214
511 511 511 511
511 511 308 132
-512 -512 -512 -512
-512 -512 -512 -512
-512 -512 -512 -512
-512 -512 -512 -512
-512 -512 -512 -512
-434 -127 203 511
511 511 511 511
484 157 -135 -338
-512 -512 -512 -512
-512 -512 -512 -512
-512 -512 -512 -512
-512 -512 -512 -512
-385 63 483 511
511 511 511 511
511 511 511 511
511 511 511 511
18 -128 -347 -512
-512 -512 -512 -512
-512 -512 -512 -512
-512 -512 -512 -512
-321 74 477 511
511 511 511 511
511 511 511 511
511 511 511 511
511 511 511 511
330 172 31 30
1 37 -24 -49
-179 -271 -373 -420
-487 -504 -462 -322
-119 262 511 511
511 511 511 511
511 511 511 511
490 438 389 387
398 511 511 511
511 511 511 511
511 511 511 511
511 511 147 -186
-431 -447 -178 311
511 511 511 511
511 511 511 511
511 503 404 331
309 418 511 511
511 511 511 511
511 511 511 511
511 511 511 511
511 511 391 132
115 372 511 511
511 511 511 511
511 511 511 511
495 61 -224 -362
-291 -40 414 511
511 511 511 511
511 511 511 511
511 511 511 511
511 511 101 -211
-378 -453 -461 -437
511 511 511 511
511 511 85 -512
-512 -512 -512 -512
-512 -512 80 511
511 511 511 511
511 511 511 511
511 511 511 511
147 -290 -512 -512
511 511 511 511
511 511 511 511
-349 -512 -512 -512
-512 -512 -512 -512
-512 -253 511 511
511 511 511 511
511 511 511 511
511 511 511 511
511 511 511 511
511 511 511 511
511 511 511 442
-362 -512 -512 -512
-512 -512 -512 -512
-450 126 511 511
511 511 511 511
511 511 511 511
511 511 511 511
511 511 511 511
511 511 511 511
511 511 -512 -512
-512 -512 -512 -512
-512 -512 -512 -396
370 511 511 511
511 511 511 511
