259 396 511 511
511 511 511 511
511 511 511 40
-512 -512 -512 -512
-512 -512 -512 -10
511 511 511 511
511 511 511 511
511 511 511 511
-512 -512 -512 -512
-512 -512 -512 -512
-512 -512 -512 -512
-512 -512 -245 102
456 511 511 511
511 511 511 511
511 511 511 511
511 435 287 158
-512 -512 -512 -512
-512 254 511 511
511 511 511 511
511 313 -512 -512
-512 -512 -512 -512
-512 -512 -512 -512
-512 -512 -512 -512
-296 -40 31 67
511 511 511 511
247 -242 -512 -512
-512 -512 -512 -512
-512 -512 -512 -512
-512 -512 -512 -512
-512 -512 -512 -512
-512 -512 -512 -512
-512 -512 -512 -512
