-512 -512 -512 511
511 511 511 511
-512 -512 -512 57
511 511 511 511
-512 -512 -512 -512
510 511 511 511
-512 -512 -512 -512
-512 -512 511 511
-512 -512 -512 -512
-512 -512 326 511
-512 -512 -512 -512
-512 -512 511 511
264 -512 -512 -512
-512 511 511 511
511 511 -512 -512
-512 511 511 511
511 511 511 511
-360 -512 511 511
511 511 511 511
511 198 511 511
511 511 511 511
511 511 20 -512
511 511 511 239
511 511 511 -512
511 511 511 -512
-512 511 511 -512
511 511 511 511
-512 -418 511 270
511 511 511 511
-512 -512 6 511
-512 511 511 511
-236 -512 -512 235
