-512 -512 -512 -512
-454 9 299 382
262 -34 -512 -512
-512 -512 -512 -512
-512 -512 -512 -512
-512 -512 -512 -512
-512 -512 -512 -512
17 465 511 370
-512 -512 -512 -470
-61 155 210 70
-260 -512 -512 -512
-512 -512 -512 -512
-512 -512 -512 -512
-512 -512 -512 -512
-512 -512 -512 62
511 511 511 511
482 506 511 511
511 459 93 -441
-512 -512 -512 -512
-512 -512 -512 -512
-512 -512 -512 -512
-512 -512 -512 -512
-512 -404 506 511
511 511 511 511
511 511 511 511
511 511 511 66
-512 -512 -512 -512
-512 -512 -512 -512
-512 -512 -512 -512
-512 -512 -512 -512
-371 445 511 511
511 511 511 511
511 511 511 511
511 511 511 511
-355 -512 -512 -512
-512 -512 -512 -512
-512 -512 -512 -512
-512 -512 -512 -22
511 511 511 511
511 511 511 511
511 511 511 511
511 511 511 511
-45 -512 -512 -512
-512 -512 -512 -512
-512 -512 -90 428
511 511 511 511
511 511 511 511
511 511 511 511
511 511 511 511
511 511 511 511
511 33 -269 -375
-349 -98 245 511
511 511 511 511
511 511 511 511
511 511 511 511
511 511 511 511
511 511 511 511
511 511 511 511
511 511 511 511
511 511 511 511
511 511 511 511
511 511 511 511
511 511 511 511
511 511 511 226
511 511 511 511
511 511 511 511
511 511 511 511
511 511 511 511
511 511 511 511
511 511 511 511
405 -30 -369 -512
-512 -512 -512 -306
511 511 511 511
511 511 511 511
511 511 511 511
511 511 511 511
511 511 511 511
511 511 -90 -512
-512 -512 -512 -512
-512 -512 -512 -512
511 511 511 511
511 511 511 511
511 511 511 511
511 511 511 511
511 511 511 511
262 -512 -512 -512
-512 -512 -512 -512
-512 -512 -512 -512
511 511 511 511
511 511 511 511
511 511 511 511
511 511 511 511
511 511 511 -150
-512 -512 -512 -512
-512 -512 -512 -512
-512 -512 -512 -512
511 511 511 511
511 511 511 511
511 511 511 511
511 511 511 511
511 279 -335 -512
-512 -512 -512 -512
-512 -512 -512 -512
-512 -512 -512 -473
511 511 511 511
511 511 511 511
511 511 511 511
511 511 511 65
-388 -512 -512 -512
-512 -512 -512 -512
-512 -512 -512 -512
-512 -415 -279 -146
511 511 511 511
511 511 511 511
511 511 511 511
485 25 -408 -512
-512 -512 -512 -512
-512 -512 -512 -332
-56 180 389 480
503 477 352 182
511 511 511 511
511 511 511 511
511 511 511 390
53 -254 -512 -512
-512 -512 -512 -322
-33 312 511 511
511 511 511 511
511 511 511 496
-76 21 144 341
511 511 511 511
511 511 511 511
409 262 141 97
163 312 511 511
511 511 511 511
511 511 511 511
511 511 511 511
-512 -512 -434 -113
198 511 511 511
511 511 511 511
511 511 511 511
511 511 511 511
511 511 511 511
511 511 511 511
511 511 511 511
-512 -512 -382 14
405 511 511 511
511 511 511 511
511 511 511 511
511 511 511 511
511 511 511 511
511 511 511 511
511 511 511 511
-61 129 371 511
511 511 511 511
511 511 511 511
511 511 511 511
511 511 511 511
511 511 511 511
511 511 511 511
511 511 511 511
511 511 511 511
511 511 511 511
511 511 511 511
511 511 511 511
511 511 511 511
511 511 511 511
511 511 511 511
511 511 511 511
511 511 511 511
511 511 511 511
511 511 511 511
511 511 511 511
511 511 511 511
511 511 511 511
511 511 511 489
470 419 331 169
511 511 511 511
511 511 511 511
511 511 511 511
511 511 511 511
511 511 511 511
511 335 -282 -512
-512 -512 -512 -512
-512 -512 -512 -343
511 511 511 511
511 511 511 511
511 511 511 511
511 511 511 511
511 511 511 511
221 -512 -512 -512
-512 -512 -512 -512
-512 -512 -512 -512
511 511 511 511
511 511 511 511
511 511 511 511
511 511 511 511
511 511 511 312
-512 -512 -512 -512
-512 -512 -512 -512
-512 -512 -512 -512
511 511 511 511
511 511 511 511
511 511 511 511
511 511 511 511
511 511 200 -512
-512 -512 -512 -512
-512 -512 -512 -512
-512 -512 -512 -512
511 511 511 511
511 511 511 511
511 511 511 511
511 511 511 511
511 -325 -512 -512
-512 -512 -512 -512
-512 -512 -512 -512
-512 -512 -512 -512
511 511 511 511
511 511 511 511
511 511 511 511
511 511 511 -35
-512 -512 -512 -512
-512 -512 -512 -512
-512 -512 -512 -512
-512 -512 -490 -218
511 511 511 511
511 511 511 511
511 511 511 511
511 511 -299 -512
-512 -512 -512 -512
-512 -512 -512 -512
-512 -512 -241 241
511 511 511 306
220 360 511 511
511 511 511 511
511 511 511 511
511 2 -512 -512
-512 -512 -512 -512
-512 -512 -512 -512
-512 326 511 511
511 511 511 511
-2 128 390 511
511 511 511 511
511 511 511 511
511 -335 -512 -512
-512 -512 -512 -512
-512 -512 -512 -512
105 511 511 511
511 511 511 511
-81 -2 153 379
511 511 511 511
511 511 511 511
206 -297 -512 -512
-512 -512 -512 -512
-512 -512 -512 -265
269 511 511 511
511 511 511 448
