-512 -512 -512 511
511 511 511 511
220 -512 -512 -512
-512 -512 -512 -512
-512 -512 302 511
511 511 511 511
-512 -512 -512 -512
-512 -512 -512 -512
188 511 511 511
511 511 511 287
-512 -512 -512 -512
-512 -512 -512 -512
511 511 511 511
511 511 511 -512
-512 -512 -512 -512
-512 -512 -512 -512
511 511 511 511
511 511 511 -408
-512 -512 -512 -512
-512 -512 -512 -448
511 511 511 511
511 511 306 -512
-512 -512 -512 -512
-512 -506 511 511
511 511 511 511
511 511 -462 -512
-512 -512 -512 -384
511 511 511 511
511 511 511 511
511 393 -494 -512
-512 73 511 511
511 511 511 511
511 511 511 511
511 35 -108 274
511 511 511 511
511 511 511 511
511 511 511 341
137 226 511 511
511 511 511 511
511 511 511 511
456 511 400 272
466 511 511 511
511 511 511 511
511 511 459 -333
499 511 511 511
511 511 511 511
511 511 511 511
511 511 -455 -512
511 511 511 511
511 511 511 511
511 511 511 511
511 372 -512 -512
511 511 511 511
511 511 511 511
511 511 511 511
511 -184 -512 -512
511 511 511 511
511 511 511 511
511 511 511 285
-244 -512 -512 -512
511 511 511 511
511 511 511 511
511 356 -239 -512
-512 -512 -420 -343
431 511 511 511
511 511 511 511
-135 -512 -512 -512
-512 -18 511 511
7 121 342 511
511 511 424 -234
-512 -512 -512 -512
-33 511 511 511
-392 -512 -439 -91
189 235 -98 -512
-512 -512 -512 -502
511 511 511 511
-512 -512 -512 -501
-135 36 -178 -512
-512 -512 -512 9
511 511 511 511
-512 -512 -512 -440
-48 178 45 -329
-512 -512 -367 511
511 511 511 511
-511 -512 -498 -78
259 482 440 238
40 114 511 511
511 511 511 511
-188 -128 72 357
511 511 511 511
511 511 511 511
511 511 511 511
198 465 511 511
511 511 511 511
511 511 511 511
511 511 511 511
511 511 511 511
511 511 511 511
511 511 511 511
511 511 511 511
511 511 511 511
511 511 511 511
511 511 511 511
511 511 238 -512
511 511 511 511
511 511 511 511
511 511 511 511
511 511 -512 -512
511 511 511 511
511 511 511 511
511 511 511 511
511 310 -512 -512
319 511 511 511
511 511 511 511
511 511 511 511
511 -127 -512 -512
-34 70 511 511
511 511 511 511
511 511 511 511
-157 -459 -295 -69
-393 -466 177 511
511 511 511 511
511 511 511 -512
-512 -503 511 511
-512 -512 -51 511
511 511 511 511
511 511 123 -512
-512 -505 511 511
