-512 -512 -512 -512
-512 -512 -512 -107
511 511 511 -237
-512 -512 -512 -512
-512 -512 -512 -512
-512 377 511 511
511 511 511 511
511 306 -71 -124
-512 -512 -512 -512
-512 62 511 511
511 511 511 95
-512 -512 -512 -512
-512 -512 -512 -512
-512 -177 511 511
511 511 -228 -512
-512 -512 -512 -512
-512 -512 -512 -169
511 511 511 511
511 511 385 -512
-512 -512 -512 -512
-512 -512 -512 -512
-512 -512 -209 -149
-460 -512 -512 -512
-512 -512 -512 -512
511 511 511 511
511 511 511 92
-512 -512 -512 -512
-512 -512 -512 -512
-512 -512 -512 -512
271 511 511 393
-153 -512 -512 -512
-512 -512 -512 -291
511 511 511 511
414 -512 -512 -512
-512 -512 -512 -512
-512 -512 -512 -512
-512 -512 42 495
511 511 511 330
249 303 511 511
511 511 511 511
511 511 511 511
511 511 -231 -512
-512 -512 -512 -512
-512 -512 -512 -512
-512 -377 -153 20
232 511 511 511
511 511 511 511
511 511 511 511
511 511 511 511
511 511 511 511
511 511 511 511
511 511 57 -283
-512 -512 -512 -382
-47 392 511 511
511 511 511 511
511 511 511 511
511 511 511 511
511 511 511 511
511 511 511 511
511 511 360 205
145 226 384 511
511 511 511 511
511 511 511 511
371 226 115 20
