-512 -512 -512 -512
-512 -450 199 511
511 511 511 511
511 511 511 511
378 -331 -512 -512
-512 -512 -512 -512
-512 -512 -512 -512
-512 -512 -512 -512
-512 -512 -512 -512
-512 -512 458 511
511 511 511 511
511 511 511 -67
-512 -512 -512 -512
-512 -512 -512 -512
-103 511 511 511
511 511 511 511
511 511 511 511
511 511 511 511
511 511 511 511
511 511 511 511
511 511 511 104
-422 -512 -512 -512
-512 -512 -512 -512
-512 -512 -512 -512
511 511 511 511
511 511 511 511
-62 -512 -512 -512
-512 -512 -307 91
364 511 511 511
375 -7 -485 -512
-512 -512 -512 -512
-512 -512 -512 -512
