-512 -512 -512 511
-512 -512 -512 511
-512 -512 -512 511
-465 -512 -512 511
-315 -512 -512 511
-187 -512 -512 511
-47 -512 -512 511
136 -512 -512 511
283 -512 -512 511
137 -512 -512 511
-25 -512 -512 511
-187 -512 -512 511
-300 101 -512 511
-476 511 -512 276
-512 511 -512 -72
-512 511 -512 -454
-512 511 -512 -512
-512 511 -512 -512
-512 511 -512 -512
-512 511 -512 -512
-512 511 -385 -512
-512 511 -334 -512
-512 511 -326 -512
-512 511 -233 -512
-512 511 -113 -512
-512 511 79 -512
-512 511 252 -512
-512 511 452 -512
-512 511 511 -512
-512 511 511 -512
-512 511 511 -512
-512 511 511 -512
-512 511 511 -512
-480 511 511 -512
-306 511 511 -512
-129 511 511 -512
70 511 511 -512
250 511 511 -512
439 511 511 -512
511 511 511 -512
511 511 511 -499
511 377 511 -401
511 131 511 -326
511 -22 511 -303
511 -65 511 -329
511 -135 511 -345
511 -144 511 -380
511 -77 511 -449
511 99 511 -512
511 298 511 -512
511 463 511 -512
511 511 511 -512
511 511 511 -512
511 511 511 -512
511 511 511 -512
511 511 511 -512
511 511 511 -512
511 511 511 -512
511 511 511 -512
511 511 511 -512
511 511 511 -512
511 511 511 -512
511 511 511 -512
511 511 511 -512
