22 14 3 8
5 -11 9 -26
42 25 24 -32
25 10 -26 13
19 21 -10 11
-14 -4 6 -10
-20 30 -7 -9
-37 18 -14 -5
-2 15 23 -7
-11 -33 -4 2
26 -18 31 -2
-30 -36 17 20
-8 23 -3 -5
-15 -6 -16 24
23 7 -21 19
-27 -10 -6 28
5 -7 17 -15
0 -17 -12 -1
-9 -2 -2 -5
-10 -24 4 -13
-3 -1 -4 5
-11 7 -13 10
3 6 5 11
8 2 8 11
30 -1 8 -6
1 2 -15 1
-7 50 -14 -14
24 7 -21 -16
32 3 2 11
-11 0 9 -15
-11 10 19 -30
1 7 3 -16
-3 15 10 8
-16 12 -11 41
-7 8 8 29
-16 -10 19 13
-4 14 10 -14
4 -24 9 -7
37 -31 -6 -6
-6 -18 -7 5
-9 6 -10 6
-19 9 -13 12
-13 -15 -2 4
-11 -6 0 9
-19 9 -2 -8
12 -20 22 -14
30 -18 0 12
-4 10 -5 10
16 -11 -8 -5
4 1 -6 -24
-1 13 -12 -40
25 6 -28 -10
6 1 -20 12
-8 2 19 -16
-12 22 12 -3
-10 35 1 0
-17 -39 14 -14
36 12 19 11
-15 -25 5 13
20 -1 43 -5
-19 -10 -13 21
5 31 -20 4
-18 -16 -13 21
4 -5 -14 -9
