511 511 511 511
375 54 -359 -512
-512 -512 -512 -512
-512 -512 -512 -512
-512 -512 -512 -512
-512 -512 -512 -172
309 511 511 511
511 511 511 511
-512 -512 -512 0
511 511 511 511
511 511 511 511
511 511 511 511
511 511 511 511
511 44 -512 -512
-512 -512 -512 -512
-512 -512 -512 -512
511 511 511 511
511 511 454 9
-292 -422 -325 -84
376 511 511 511
511 511 511 511
511 511 511 511
511 511 511 -138
-512 -512 -512 -512
511 511 511 511
511 511 511 511
511 511 511 511
511 511 511 511
511 511 511 511
511 511 511 511
511 511 -36 -512
-512 -512 -512 -512
