-512 -512 -512 -512
-364 21 235 248
71 -267 -512 -512
-512 -512 -512 -512
-512 -512 -512 -512
-512 -512 -512 -512
-512 -512 -512 -512
-54 376 435 322
511 511 511 511
511 450 -53 -512
-512 -512 -512 -512
-512 -512 -512 -512
-512 -512 -512 -512
-512 -512 -512 -512
-512 -76 511 511
511 511 511 511
511 511 511 511
511 511 316 -483
-512 -512 -512 -512
-512 -512 -512 -512
-512 -512 -512 -512
-512 -512 -512 -11
511 511 511 511
511 511 511 511
511 511 511 511
511 511 511 91
-512 -512 -512 -512
-512 -512 -512 -424
166 511 511 511
511 511 511 511
511 511 511 511
511 511 511 511
511 511 511 511
511 511 511 511
511 511 511 511
511 511 511 511
511 511 511 511
511 511 511 511
511 344 30 -222
-336 -381 -295 -186
511 511 511 511
511 511 511 511
511 511 511 511
511 511 511 511
511 511 511 511
511 -308 -512 -512
-512 -512 -512 -512
-512 -512 -512 -512
511 511 511 511
511 511 511 511
511 511 511 511
511 511 511 511
511 226 -365 -512
-512 -512 -512 -512
-512 -512 -512 -512
-512 -512 -512 -512
511 511 511 511
511 511 511 511
511 511 511 502
13 -470 -512 -512
-512 -512 -512 -512
-512 -512 -512 -512
-512 -512 -512 -512
-512 -436 -300 -156
511 511 511 511
511 511 511 511
511 273 -42 -369
-512 -512 -512 -512
-512 -512 -512 -512
-207 170 511 511
511 511 511 511
511 511 511 423
-512 -470 -308 -46
198 436 511 511
511 511 511 412
202 56 -43 -43
112 375 511 511
511 511 511 511
511 511 511 511
511 511 511 511
187 350 511 511
511 511 511 511
511 511 511 511
511 511 511 511
511 511 511 511
511 511 511 511
511 511 511 511
511 511 511 511
511 511 511 511
511 511 511 511
511 511 511 511
511 511 511 511
511 511 511 511
511 511 511 511
511 511 511 511
511 511 511 511
511 511 511 511
511 511 511 511
511 511 511 511
511 511 511 511
511 511 511 511
511 511 241 -481
-512 -512 -512 -512
-512 -512 -512 -495
511 511 511 511
511 511 511 511
511 511 511 511
511 511 511 511
511 511 511 511
225 -512 -512 -512
-512 -512 -512 -512
-512 -512 -512 -512
511 511 511 511
511 511 511 511
511 511 511 511
511 511 511 511
511 -48 -512 -512
-512 -512 -512 -512
-512 -512 -512 -512
-512 -512 -512 -293
511 511 511 511
511 511 511 511
511 511 511 511
511 511 511 -388
-512 -512 -512 -512
-512 -512 -512 -512
-512 -410 462 511
511 511 511 511
