92 234 396 511
511 511 511 511
511 511 511 511
511 511 511 511
135 352 511 511
511 511 511 511
511 511 511 511
511 511 511 511
139 371 511 511
511 511 511 511
511 511 511 511
511 511 511 511
208 505 511 511
511 511 511 511
511 511 511 511
511 511 511 511
307 511 511 511
511 511 511 511
511 511 511 511
511 511 511 511
396 511 511 511
511 511 511 511
511 511 511 511
511 511 511 511
463 511 511 511
511 511 511 511
511 511 511 511
511 511 511 511
342 511 511 511
511 511 511 511
470 141 -77 -92
373 511 511 511
196 445 511 511
511 511 417 -113
-512 -512 -512 -512
-323 511 511 511
88 241 346 482
478 355 -27 -512
-512 -512 -512 -512
-61 511 511 511
63 204 292 456
480 401 62 -447
-512 -512 -512 -512
511 511 511 511
103 284 393 511
511 511 356 -41
-475 -512 -481 511
511 511 511 511
155 359 466 511
511 511 326 -41
-412 -512 -286 511
511 511 511 511
334 511 511 511
511 511 511 195
-148 -278 48 511
511 511 511 511
511 511 511 511
511 511 511 511
322 231 511 511
511 511 511 511
511 511 511 511
511 511 511 511
511 511 511 511
511 511 511 511
511 511 511 511
511 511 511 511
511 511 511 511
511 511 511 -512
511 511 511 511
511 511 307 -230
-390 -233 329 511
511 91 -512 -512
511 511 511 511
511 20 -512 -512
-512 -449 381 511
511 -512 -512 -512
511 511 511 511
-28 -512 -512 -512
-512 211 511 511
511 -512 -512 -512
55 -64 -263 -512
-512 -512 -512 -512
398 511 511 511
511 -512 -512 -512
-122 -342 -512 -512
-512 -512 -512 -179
511 511 511 511
511 511 -512 -512
-212 -467 -512 -512
-512 -512 -512 231
511 511 511 511
511 511 -512 -512
-286 -512 -512 -512
-512 -512 -512 360
511 511 511 511
511 511 -512 -512
-354 -512 -512 -512
-512 -512 -512 118
511 511 511 511
511 511 -512 -512
-431 -512 -512 -512
-512 -512 -512 -512
511 511 511 511
511 511 -512 -512
-512 -512 -512 -512
-512 -512 -512 -512
511 511 511 511
511 511 -512 -512
-512 -512 -512 -512
-512 -512 -512 -512
261 511 511 511
511 511 -512 -512
-512 -512 -512 -512
-512 -512 -512 -512
-512 511 511 511
511 511 88 -512
-512 -512 -512 -512
-512 -512 -512 -512
-512 389 511 511
511 511 511 443
-206 -458 -512 -512
-512 -512 -512 -512
-512 0 511 511
511 511 511 511
-7 -79 -432 -512
-512 -512 -512 -512
-512 -118 511 511
511 511 511 511
