-512 -512 -512 -512
-512 -512 -512 -512
-512 -512 418 511
511 511 67 -512
-512 -512 -512 -512
-512 -512 -512 -512
-512 -512 -269 234
285 43 -353 -512
-512 -512 -512 -512
-512 -512 -512 -512
-512 -211 511 511
511 511 383 -512
-512 -512 -512 -512
-512 -512 -512 -512
-512 -512 -475 -268
-469 -512 -512 -512
-512 -512 -512 -512
-512 -512 -512 -512
-512 511 511 511
511 511 511 -512
-512 -512 -512 -512
-512 -512 -512 -512
-512 -512 -512 -512
-512 -512 -512 -512
-512 -512 -512 -512
-512 -512 -512 -512
511 511 511 511
511 511 511 172
-512 -512 -512 -512
-512 -512 -512 -512
-512 -512 -512 -512
-512 -512 -512 -512
-512 -512 -512 -512
-512 -512 -512 511
511 511 511 511
511 511 511 273
-512 -512 -512 -512
-512 -512 -512 -512
-512 -512 -512 -512
-512 -512 -512 -512
-512 -512 -512 -512
-512 511 511 511
511 511 511 511
511 511 292 -512
-512 -512 -512 -512
-512 -512 -512 -512
-512 -512 -512 -512
-512 -512 -512 -512
-229 -176 225 511
511 511 511 511
511 511 511 511
511 -217 -512 -512
-512 -512 -512 -512
-512 -512 -512 -512
-512 -512 -512 -512
-512 -512 -512 -512
395 511 511 511
511 511 511 511
511 511 511 511
-512 -512 -512 -512
-512 -512 -512 -512
-512 -512 -512 -512
-512 -512 -512 -512
-512 -512 -512 -512
511 511 511 511
511 511 511 511
511 511 84 -512
-512 -512 -512 -512
-512 -512 -512 -512
-512 -512 -512 -512
-512 -512 -512 -512
-512 -512 -512 -371
511 511 511 511
511 511 511 511
511 511 -512 -512
-512 -512 -512 -512
-512 -512 -512 -512
-512 -512 -512 -512
-512 -512 -512 -512
189 511 511 511
511 511 511 511
511 511 511 511
511 511 316 -419
-512 -512 -512 -512
-512 -512 -512 -512
-512 -512 -512 -512
-512 -512 -216 511
511 511 511 511
511 511 511 511
511 511 511 511
511 511 511 511
511 511 511 511
511 346 49 -295
-512 -512 -512 -512
-512 20 511 511
511 511 511 511
390 511 511 511
511 511 511 511
511 511 511 511
511 511 511 511
511 511 511 511
315 82 37 225
511 511 511 511
511 511 511 511
304 511 511 511
511 511 511 511
511 511 511 511
511 511 511 511
511 511 511 511
511 511 511 511
511 511 511 511
511 511 511 511
259 511 511 511
511 511 511 511
511 511 511 511
511 511 511 511
511 511 511 511
511 511 511 511
511 511 511 511
511 511 511 511
186 414 511 511
511 511 511 511
511 511 511 511
511 511 511 511
511 511 511 511
511 511 511 511
511 511 511 511
511 511 511 511
