-512 -512 -512 -512
-410 351 511 511
511 511 511 511
511 511 511 511
214 -512 -512 -512
-512 -512 -512 -512
-512 -512 -512 -512
-512 -512 -512 -512
-512 -512 -512 -512
-396 511 511 511
511 511 511 511
511 511 511 61
-512 -512 -512 -512
-512 -512 -512 -463
290 511 511 511
511 511 511 511
511 511 511 511
511 511 511 511
511 511 511 511
511 511 511 511
511 511 511 511
511 -43 -512 -512
-512 -512 -512 -512
-512 -512 -512 -512
511 511 511 511
511 511 -499 -512
-512 -512 -512 -512
-512 -512 -512 -512
-370 166 511 511
511 511 196 -205
-512 -512 -512 -512
-512 -512 -512 -511
