-512 -512 -512 -512
-512 511 511 -512
-512 -512 -512 -512
-512 -114 -172 -512
-512 -512 -512 -512
511 511 511 54
-512 -512 -512 -512
-512 -512 -512 -512
-512 -512 -512 511
511 511 511 149
-512 -512 -512 -512
-512 -512 -512 -512
111 511 511 511
511 511 -442 -512
-512 -512 -512 -512
-512 -512 -512 -512
511 511 511 511
511 -512 -512 -512
-512 -512 -512 -512
-512 -512 -512 131
511 511 511 511
511 26 -512 -512
-512 -512 -512 -512
-512 511 511 511
511 511 511 511
511 511 511 511
511 511 194 245
511 511 511 511
492 511 511 511
511 511 511 511
511 511 511 511
511 511 511 511
