3 4 3 4
3 4 3 4
3 4 3 4
3 4 3 4
3 4 3 4
3 4 3 4
3 4 3 5
3 4 4 5
3 5 4 5
4 5 4 5
4 5 4 6
4 5 5 6
4 6 5 6
4 6 5 6
4 6 5 7
4 6 6 7
5 7 6 7
5 7 6 7
5 7 6 7
5 7 6 7
5 7 6 7
5 8 6 7
5 8 6 7
5 8 6 7
5 8 6 7
5 8 6 7
5 8 6 6
5 8 6 6
5 8 5 6
5 8 5 6
5 8 5 5
5 8 5 5
5 8 4 4
5 8 4 4
5 8 4 4
5 8 4 3
5 7 3 3
5 7 3 2
5 7 3 2
5 7 2 2
5 7 2 2
5 7 2 1
4 7 2 1
4 6 1 1
4 6 1 1
4 6 1 1
4 6 1 1
4 6 1 0
4 6 1 0
4 6 1 0
3 5 1 0
3 5 1 1
3 5 1 1
3 5 1 1
3 5 1 1
3 5 1 1
3 5 1 1
3 5 1 1
3 5 1 1
3 5 1 1
3 5 1 1
3 5 1 1
3 5 1 1
3 5 1 1
