511 511 511 511
511 511 511 511
511 511 511 511
511 511 511 511
511 511 511 511
511 511 511 511
511 511 511 511
511 511 511 511
511 511 511 511
511 389 411 511
511 511 511 511
511 511 511 511
-512 -512 -512 -512
-512 -512 -512 -512
-512 38 511 511
511 511 511 511
-512 -512 -512 -512
-512 -512 -512 -364
329 511 511 511
511 511 511 511
511 511 490 380
403 511 511 511
511 511 511 511
511 511 511 -512
511 511 511 511
511 511 511 511
511 511 511 511
511 511 -512 -512
-412 -512 -512 -512
-512 -512 -319 511
511 511 511 511
511 -512 -512 -512
-512 -512 -512 -512
-512 -512 -512 -512
-18 511 511 511
195 -512 -512 -512
-512 -512 -512 -512
-512 -512 -512 -512
511 511 511 511
511 -512 -512 -512
-512 -512 -512 -512
-512 -512 220 511
511 511 511 511
511 511 -512 -512
-512 -512 -512 -512
-512 414 511 511
511 511 511 511
511 511 386 -512
-512 -512 -512 -512
-512 -485 341 511
511 511 511 511
511 511 511 511
-512 -512 -512 -512
-512 -512 -512 -512
-512 -512 -512 -207
511 511 511 511
-512 -512 -512 -512
-512 -512 -512 -512
-512 -512 -512 -283
511 511 511 511
412 291 44 -264
-512 -512 -512 -512
-512 -512 -379 341
511 511 511 511
