511 511 511 511
511 511 511 511
511 511 511 120
-512 -512 -512 -512
-512 -512 -512 -512
-512 -512 -512 -512
151 511 511 511
511 511 511 511
-512 -512 -512 -512
-512 -512 -512 -512
-512 -512 -512 -512
-512 -512 -512 -512
-512 -512 -512 -512
-512 -512 -512 -512
-512 -512 -512 -512
-512 -512 -512 -473
-512 -512 -512 -512
-512 -512 -512 -512
-512 -512 -512 -78
511 511 511 511
511 511 511 511
511 511 -233 -512
-512 -512 -512 -512
-512 -512 -512 -512
-512 -512 -512 -512
-512 -512 -512 -512
-512 -512 -333 136
511 511 511 511
511 511 511 511
511 407 -191 -512
-512 -512 -512 -512
-512 -512 -512 -512
