-512 -512 -512 -512
-512 -512 -512 -512
-343 511 511 511
511 -282 -512 -512
-512 -512 -512 -512
-512 -512 -512 -512
-512 227 511 511
511 511 511 511
-512 -512 -512 -512
-512 -512 -512 -512
330 511 511 511
511 -110 -512 -512
-512 -512 -512 -512
-512 -512 -512 -512
-512 121 511 511
456 109 -247 -490
-512 -512 -512 -512
-512 -512 -512 460
511 511 511 511
511 303 -512 -512
-512 -512 -512 -512
-512 -512 -512 -512
-472 7 151 -77
-512 -512 -512 -512
-512 -512 -512 -512
-512 -512 511 511
511 511 511 511
511 511 -512 -512
-512 -512 -512 -512
-512 -512 -512 -512
-249 -84 -280 -512
-512 -512 -512 -512
-512 -512 -512 -512
-512 511 511 511
511 511 511 511
511 511 -512 -512
-512 -512 -512 -512
-512 -512 -512 -512
-512 -512 -512 -512
-512 -512 -512 -512
-512 -512 -512 -512
225 511 511 511
511 511 511 511
511 -289 -512 -512
-512 -512 -512 -512
-512 -512 -512 -512
-512 -512 -512 -512
-512 -512 -512 -512
-512 -512 -512 323
511 511 511 511
511 511 511 418
-512 -512 -512 -512
-512 -512 -512 -512
-512 -512 -512 -512
-512 -512 -512 -512
-512 -512 -512 -512
-483 -91 511 511
511 511 511 511
511 449 -512 -512
-512 -512 -512 -512
-512 -512 -512 -512
-512 -512 -512 -512
-512 -512 -512 -512
-512 -512 -512 -512
511 511 511 511
511 511 511 315
-512 -512 -512 -512
-512 -512 -512 -512
-512 -512 -512 -512
-512 -512 -512 -512
-512 -512 -512 -512
-512 -512 -512 -512
511 511 511 511
511 377 -359 -512
-512 -512 -512 -512
-512 -512 -512 -512
-512 -512 -512 -512
-512 -512 -512 -512
-512 -512 -512 -512
-512 -512 -512 -512
511 511 511 511
315 -177 -512 -512
-512 -512 -512 -512
-512 -512 -512 -512
-512 -512 -512 -512
-512 -512 -512 -512
-512 -512 -512 -512
-81 408 511 511
511 511 511 511
511 394 -179 -512
-512 -512 -512 -512
-512 -512 -512 -512
-512 -512 -512 -512
-512 -512 -512 -512
-512 -512 -405 249
511 511 511 511
511 511 511 511
511 511 511 511
508 -9 -512 -512
-512 -512 -512 -512
-512 -512 -512 -512
-512 -512 -512 -512
-512 -512 188 511
511 511 511 511
511 511 511 511
511 511 511 511
511 511 511 511
-194 -512 -512 -512
-512 -512 -512 -512
-512 -512 -512 -512
-333 237 511 511
511 511 511 511
511 511 511 511
511 511 511 511
511 511 511 511
511 -90 -512 -512
-512 -512 -512 -512
-512 -512 -201 307
511 511 511 511
511 511 511 511
511 511 511 511
511 511 511 511
511 511 511 511
511 26 -512 -512
-512 -512 -512 -512
-512 -297 340 511
511 511 511 511
511 511 511 511
