-267 149 511 511
511 511 247 500
-440 199 511 511
511 511 511 511
-512 -130 511 511
511 511 511 511
-512 -512 511 511
511 511 511 490
-494 -512 78 511
511 511 511 511
-305 -512 -512 511
511 511 511 511
-294 -512 -512 511
511 511 511 511
-512 -512 -512 -179
511 511 511 511
-512 -512 -512 -512
511 511 511 467
-512 -512 -512 -512
-440 436 511 -512
-512 -512 -512 -512
-512 -468 -334 -512
-512 -512 -512 -512
-512 -512 -512 -512
-512 -512 -512 -512
-512 42 -137 -512
-512 -512 -512 -512
-512 511 511 -512
-512 -512 -512 -512
-512 511 511 -512
-512 -512 -512 -512
-512 511 511 511
-217 -512 -512 -512
-512 48 511 511
-99 -512 -512 -512
-512 -512 511 511
-503 -512 -144 -358
-512 -512 511 511
-512 -512 44 511
-440 -512 511 511
-512 -512 -494 511
511 -376 511 511
-512 -512 -512 511
511 511 511 511
-512 -512 -512 511
511 511 511 511
88 -512 -512 454
511 511 511 511
511 -512 -512 -512
511 511 511 511
511 511 -512 -512
511 511 511 511
511 511 -512 -512
511 511 511 511
511 511 402 -512
-243 511 511 511
511 511 511 -512
-512 511 511 511
511 511 511 511
-512 511 511 511
511 511 511 511
-512 -363 511 511
511 511 511 511
-512 -512 511 511
