16 0 -15 -3
-32 4 -6 12
-10 7 2 -20
-13 1 -24 -2
23 10 -9 10
-18 -8 -22 22
-11 -20 5 2
-23 8 10 -11
17 5 -6 -10
-16 1 -5 9
-3 -1 4 -14
-2 -6 -7 10
14 17 3 -1
-12 -10 -9 5
-6 -7 -6 -5
1 1 14 2
-5 7 -17 -12
10 1 27 11
29 7 3 10
-6 -25 5 -10
-4 1 6 -8
-10 13 26 1
34 13 -1 -10
14 -7 -14 0
-1 -1 1 -20
21 4 18 13
24 -2 7 7
7 -22 12 7
-15 8 12 -23
4 2 34 -3
23 25 -16 -14
27 -15 -2 9
15 20 4 -2
11 -12 7 -23
-6 -18 -21 12
-1 5 30 17
22 14 14 -9
-10 -4 6 -19
3 -12 -21 -16
6 15 8 34
8 -12 9 -5
-1 7 -5 1
-17 -7 -9 -7
-2 13 -5 12
5 2 -6 -13
6 -12 3 19
-12 -3 -15 -6
-17 4 11 7
-13 -25 -11 4
-11 14 11 10
-7 14 -7 0
-16 16 -26 -17
3 -22 -27 -4
-3 0 -1 41
1 -9 6 5
-44 11 -8 -12
1 -16 2 2
-12 9 -6 5
-18 3 -5 -10
-7 15 -18 -1
5 -7 -15 -2
3 -8 -9 26
-13 -9 -1 3
-29 6 5 -7
