511 511 -512 511
511 511 -512 511
511 511 -512 511
436 511 -512 511
-354 -512 -512 511
-512 -512 -512 511
-512 -512 -512 511
-512 -512 -512 511
-512 -512 -512 191
-512 -512 -512 -246
-512 -512 -512 -512
-512 -512 -512 -512
-512 -512 -512 -512
-512 -512 -512 -512
-512 -512 -512 -512
-512 -410 -512 -512
-512 511 -512 -512
-512 511 -512 -512
-512 511 -512 -512
-512 511 -512 -512
242 511 -512 -512
511 511 -512 -512
511 511 -460 -512
511 511 -358 -512
511 447 -283 -512
511 -512 -228 -512
511 -512 -212 -512
511 -512 -142 -512
511 -512 -121 -512
511 -512 -114 -512
511 -512 -89 -512
263 -512 -30 -512
