-494 -372 -193 124
511 511 511 511
511 511 511 511
511 511 511 511
511 511 511 511
511 511 270 -130
-360 -435 -443 -397
-301 -217 -123 -55
-395 -345 -335 -248
-108 198 511 511
511 511 511 511
511 511 511 511
511 511 511 511
511 511 511 511
511 511 380 22
-190 -323 -275 -175
-512 -512 -512 -512
-512 -512 -512 -512
-512 -375 107 511
511 511 511 511
511 511 511 511
511 511 511 511
511 511 511 376
-56 -349 -365 -249
-512 -512 -512 -512
-512 -512 -512 -512
-512 -512 -512 -512
-512 -512 -333 282
511 511 511 511
511 511 511 511
511 511 511 511
511 401 128 5
-512 -512 -512 -512
-512 -512 -512 -512
-512 -512 -512 -512
-512 -512 -512 -512
-512 -97 416 511
511 511 511 511
511 511 511 511
511 511 433 177
-512 -512 -512 -512
-512 -512 -512 -512
-512 -512 -512 -512
-512 -451 -15 384
511 511 511 511
511 511 511 511
511 511 511 511
511 511 449 190
-41 -125 -372 -512
-512 -512 -512 -512
-512 -512 -512 -211
244 511 511 511
511 511 511 511
511 511 511 511
511 511 511 511
511 511 511 511
511 511 511 511
511 511 501 260
91 93 221 475
511 511 511 511
511 511 511 511
511 511 511 511
511 511 511 511
511 511 511 511
511 511 511 511
511 511 511 511
511 511 511 511
511 511 511 453
449 511 511 511
511 511 511 511
511 511 511 511
511 511 511 511
511 511 511 511
511 511 511 511
511 511 511 511
511 511 511 511
76 -385 -512 -512
-512 -512 -480 74
511 511 511 511
511 511 511 511
511 511 511 511
511 511 511 511
511 511 511 511
511 511 511 511
511 511 511 -130
-512 -512 -512 -512
-512 -512 -512 -512
-512 -512 -512 -434
511 511 511 511
511 511 511 208
-484 -512 -512 -512
-512 14 511 511
511 511 511 511
511 203 -512 -512
-512 -512 -512 -512
-512 -512 -512 -512
511 511 511 511
511 511 511 -140
-512 -512 -512 -512
-512 -512 -512 -512
-410 511 511 511
511 511 511 511
97 -512 -512 -512
-512 -512 -512 -512
511 511 511 511
511 511 511 511
511 -291 -512 -512
-512 -512 -512 -512
-512 -512 -512 -512
211 511 511 511
511 511 492 -12
-368 -512 -493 -329
511 511 511 511
511 511 511 511
511 511 511 -505
-512 -512 -512 -512
-512 -512 -512 -512
-512 -512 -66 511
511 511 511 511
511 511 511 227
511 511 511 511
511 511 511 511
511 511 511 511
-19 -512 -512 -512
-512 -512 -512 -512
-512 -512 -512 -462
82 441 511 511
511 511 341 168
