511 511 -512 511
511 511 -512 511
511 511 -512 511
511 511 -512 511
-512 -512 -512 511
-512 -512 -360 511
-512 -512 -401 511
-512 -512 -139 511
-512 -512 347 511
-512 -512 511 511
-512 -512 511 511
-512 -512 511 511
-512 -512 511 511
-512 -436 299 511
-512 74 -512 -40
-512 472 -512 -512
-512 511 -512 -512
-512 511 -512 -512
-512 511 -512 -512
120 511 -512 -512
511 511 -512 -512
511 511 -512 -512
511 455 -512 -512
511 -430 -512 -512
511 -512 -512 -512
511 -512 -512 -512
172 -512 -446 -512
-126 -512 -20 -512
-321 -512 230 -512
-427 -512 373 -512
-361 -512 317 -512
-230 -512 209 -377
