2 4 4 3
1 0 0 -1
2 4 4 3
1 0 0 0
1 4 4 3
1 1 0 0
0 3 4 4
2 1 0 0
-1 2 4 4
2 1 0 0
-2 1 4 5
3 1 0 0
-3 0 3 4
4 2 0 0
-4 -2 2 4
4 2 1 0
-4 -3 1 3
4 3 1 0
-5 -4 -1 3
4 3 1 0
-5 -5 -2 1
4 3 1 0
-5 -6 -4 0
3 3 2 0
-5 -6 -5 -2
2 3 2 1
-5 -7 -6 -3
1 3 2 1
-5 -7 -7 -4
0 2 2 1
-4 -7 -8 -6
-2 1 2 1
-4 -7 -8 -7
-3 0 2 1
-4 -6 -9 -8
-5 -1 2 2
-4 -6 -8 -9
-6 -2 1 2
-3 -5 -8 -9
-8 -4 0 1
-3 -5 -8 -10
-9 -5 -1 1
-3 -4 -7 -9
-10 -6 -2 1
-3 -4 -6 -9
-11 -8 -3 0
-3 -3 -5 -9
-11 -9 -4 0
-4 -3 -4 -8
-11 -10 -6 -1
-4 -3 -4 -7
-11 -10 -7 -2
-3 -3 -3 -6
-10 -11 -8 -3
-3 -3 -3 -5
-9 -10 -8 -4
-2 -3 -2 -4
-7 -10 -9 -4
-2 -3 -2 -3
-6 -9 -9 -5
-2 -3 -2 -3
-5 -9 -10 -5
-1 -3 -2 -2
-5 -8 -10 -5
