-512 -512 -512 -418
147 511 511 511
511 511 511 511
511 106 -512 -512
-512 -512 -512 -512
-512 -512 -512 -512
-512 -512 -512 -512
-512 -512 -512 -512
-512 -382 -72 319
511 511 511 511
511 511 511 427
-75 -512 -512 -512
-512 -512 -512 -512
-512 -512 -512 -512
-512 -512 -512 -512
-512 -512 -512 -512
511 511 511 511
511 511 511 511
511 511 -73 -512
-512 -512 -512 -512
-512 -512 -512 -512
-512 -512 -512 -512
-512 -512 -512 -512
-512 -512 -512 -512
511 511 511 511
511 511 511 511
511 511 -36 -512
-512 -512 -512 -512
-512 -512 -512 -512
-512 -512 -512 -512
-512 -512 -512 -512
-512 -413 131 444
511 511 511 511
511 511 511 511
511 511 54 -512
-512 -512 -512 -512
-512 -512 -512 -512
-512 -512 -512 -512
-512 -512 -512 -368
298 511 511 511
511 511 511 511
511 511 511 511
511 348 -266 -512
-512 -512 -512 -512
-512 -512 -512 -512
-512 -512 -155 210
511 511 511 511
511 511 511 511
511 511 511 511
511 511 511 511
511 297 -189 -512
-512 -512 -512 -512
-332 20 444 511
511 511 511 511
511 511 511 511
511 511 511 511
511 511 511 511
511 511 511 511
362 201 94 87
163 373 511 511
511 511 511 511
511 511 511 511
511 511 511 511
511 511 511 511
511 511 511 511
511 511 511 511
511 511 511 511
511 511 511 511
511 511 511 511
511 511 511 511
511 511 511 511
511 511 511 511
511 511 511 511
511 511 511 511
511 511 511 511
511 511 511 511
511 511 511 511
511 511 511 511
511 511 511 422
-113 -512 -512 -512
511 511 511 511
511 511 511 511
511 511 511 511
511 511 511 511
511 511 511 511
511 511 511 511
511 511 -100 -512
-512 -512 -512 -512
511 511 511 511
511 511 511 511
511 511 511 511
511 511 511 511
511 511 511 511
511 511 511 511
310 -193 -512 -512
-512 -512 -512 -512
511 511 511 511
511 511 511 511
511 511 511 511
511 511 511 511
511 511 511 511
511 511 511 234
-107 -399 -512 -512
-512 -512 -512 -512
511 511 511 511
511 511 511 511
511 511 511 511
511 511 511 511
511 511 511 493
210 -61 -300 -457
-512 -512 -512 -512
-512 -512 -512 -512
511 511 511 511
511 511 511 511
511 511 511 511
511 511 511 491
193 -88 -335 -512
-512 -512 -512 -512
-497 -331 -107 100
299 455 511 511
511 511 511 511
511 511 511 511
511 511 511 511
511 293 -9 -271
-494 -512 -512 -512
-512 -512 -433 -197
119 450 511 511
511 511 511 511
-365 -304 -183 -19
138 306 439 511
511 511 511 420
241 59 -139 -300
-435 -502 -499 -404
-244 -3 330 511
511 511 511 511
511 511 511 511
-512 -512 -512 -512
-456 -198 31 240
373 472 506 510
424 346 239 157
81 79 144 302
506 511 511 511
511 511 511 511
511 511 511 511
-512 -512 -512 -512
-501 -181 117 391
511 511 511 511
511 511 511 511
511 511 511 511
511 511 511 511
511 511 511 511
511 511 511 511
-512 -512 -512 -268
32 342 511 511
511 511 511 511
511 511 511 511
511 511 511 511
511 511 511 511
511 511 511 511
511 511 511 511
-126 -49 123 350
511 511 511 511
511 511 511 511
511 511 511 511
511 511 511 511
511 511 511 511
511 511 511 511
511 511 511 511
511 511 511 511
511 511 511 511
511 511 511 511
511 511 511 511
511 511 511 511
511 511 511 511
511 511 511 511
511 511 511 511
511 511 511 511
511 511 511 511
511 511 511 511
511 511 511 511
511 511 511 511
511 511 511 511
511 511 511 340
83 -106 -223 -262
511 511 511 511
511 511 511 511
511 511 511 511
511 511 511 511
511 511 511 511
511 511 511 511
511 274 -473 -512
-512 -512 -512 -512
511 511 511 511
511 511 511 511
511 511 511 511
511 511 511 511
511 511 511 511
511 511 511 511
236 -512 -512 -512
-512 -512 -512 -512
511 511 511 511
511 511 511 511
511 511 511 511
511 511 511 511
511 511 511 511
511 511 511 107
-512 -512 -512 -512
-512 -512 -512 -512
511 511 511 511
511 511 511 511
511 511 511 511
511 511 511 511
511 511 511 511
511 304 -499 -512
-512 -512 -512 -512
-512 -512 -512 -512
511 511 511 511
511 511 511 511
511 511 511 511
511 511 511 511
511 511 511 18
-512 -512 -512 -512
-512 -512 -512 -512
-512 -512 -512 -512
436 511 511 511
511 511 511 511
511 511 511 511
511 511 511 511
511 85 -512 -512
-512 -512 -512 -512
-512 -512 -512 -512
-512 -512 -500 -315
80 236 494 511
511 511 511 511
511 511 511 511
511 511 511 511
-36 -512 -512 -512
-512 -512 -512 -512
-512 -512 -512 -512
-193 382 511 511
-91 49 280 511
511 511 511 511
511 511 511 511
511 511 511 249
-496 -512 -512 -512
-512 -512 -512 -512
-512 -512 -512 -321
341 511 511 511
-121 -39 98 297
511 511 511 511
511 511 511 511
511 511 422 -4
-438 -512 -512 -512
-512 -512 -512 -512
-512 -512 -470 -33
374 511 511 511
