-512 -512 -512 -512
511 511 -360 -512
-512 -512 -512 -512
174 511 511 436
-512 -512 -512 -512
511 511 -176 -512
-512 -512 -512 -512
68 511 95 -512
-512 -512 -512 511
511 511 32 -512
-512 -512 -512 -512
-234 -152 -512 -512
-512 -512 -299 511
511 511 511 -512
-512 -512 -512 -512
-512 -512 -512 -512
-512 -512 511 511
511 511 120 -512
-512 -512 -512 -512
-512 -512 -512 -512
-512 511 511 511
511 511 -512 -512
-512 -512 -512 -512
-512 -512 -512 -512
511 511 511 511
511 -512 -512 -512
-512 -512 -512 -512
-512 -512 -512 -512
511 511 511 511
-512 -512 -512 -512
-512 -512 -512 -512
-512 -512 -512 -512
511 511 511 -512
-512 -512 -512 -512
-512 -512 -512 -512
-512 -512 -512 128
511 511 511 -512
-512 -512 -512 -512
-512 -512 -512 -512
-512 -154 511 511
511 511 511 -60
-512 -512 -512 -512
-512 -512 -512 -512
-419 511 511 511
511 511 511 511
511 496 199 -94
-397 -512 -512 -512
81 511 511 511
511 511 511 511
511 511 511 511
200 -334 -512 -144
511 511 511 511
511 511 511 511
511 511 511 511
195 -109 -10 453
511 511 511 511
511 511 511 511
511 511 511 511
511 511 511 511
511 511 511 511
511 511 511 511
511 511 511 511
511 511 511 511
511 511 511 511
