511 511 511 511
511 511 511 511
511 511 511 511
511 511 511 511
511 511 511 511
511 511 511 511
511 511 511 511
511 511 511 511
511 511 511 511
511 511 511 511
511 511 511 511
511 511 511 511
511 511 511 511
511 511 511 511
511 511 511 511
511 511 511 511
511 511 511 511
511 511 511 511
511 511 511 511
511 511 511 511
511 511 511 511
511 511 511 511
511 511 511 511
511 511 511 511
83 51 0 -67
-165 -253 -375 -461
-512 -512 -512 -512
-512 -512 -512 -512
-512 -512 -512 -512
-444 -119 298 511
511 511 511 511
511 511 511 511
-238 -273 -313 -361
-433 -485 -512 -512
-512 -512 -512 -512
-512 -512 -512 -512
-512 -512 -414 -129
213 511 511 511
511 511 511 511
511 511 511 511
511 511 511 511
511 511 511 511
511 511 511 511
511 511 511 511
511 511 511 511
511 511 511 511
511 511 511 511
511 511 511 511
511 511 511 511
511 511 511 511
511 511 511 511
511 511 511 511
511 511 511 511
511 511 511 511
511 511 511 511
511 511 368 -86
511 511 511 511
511 511 511 511
511 511 511 412
412 511 511 511
511 511 511 511
511 511 511 511
511 511 511 -212
-512 -512 -512 -512
441 351 166 -99
-318 -512 -512 -512
-512 -512 -512 -512
-512 -512 -512 -512
-512 -114 306 511
511 511 511 511
493 -512 -512 -512
-512 -512 -512 -512
-512 -512 -512 -512
-512 -512 -512 -512
-512 -512 -512 -512
-512 -512 -512 -512
-67 382 511 511
511 511 511 511
511 -512 -512 -512
-512 -512 -512 -512
-512 -512 -512 -512
-512 -512 -512 -512
-512 -512 -512 -512
-332 80 511 511
511 511 511 511
511 511 511 511
511 511 511 -512
-512 -512 -512 -512
-512 -512 -512 -512
-512 -512 -512 -467
-313 -171 127 424
511 511 511 511
511 511 511 511
511 511 511 511
511 511 511 511
-512 -512 -512 -512
-512 -512 -512 -512
-512 -512 -512 -512
-512 -512 -512 -116
402 511 511 511
511 511 511 511
511 511 511 511
511 511 511 511
-512 -512 -512 -512
-512 -512 -512 -512
-512 -512 -512 -512
-512 -512 -512 -512
-17 511 511 511
511 511 511 511
511 511 511 511
511 511 511 -48
-512 -512 -512 -512
-512 -512 -512 -512
-512 -512 -512 -512
-512 -512 -512 -512
-512 -512 -512 -182
294 511 511 511
511 511 511 511
511 511 511 511
511 511 511 511
-512 -512 -512 -512
-512 -512 -512 -512
-512 -512 -512 -512
-512 -512 -512 -512
-394 115 511 511
511 511 511 511
511 511 511 511
511 511 511 511
