-512 -512 -512 -512
-512 -512 334 511
511 511 511 511
511 511 511 511
-317 -512 -512 -512
-512 -512 -512 -512
-512 -512 511 511
511 511 511 511
-512 -512 -512 -512
-512 -512 -512 -512
-512 -512 -512 -512
-387 511 511 511
511 511 339 -433
-512 -512 -512 -512
-512 -512 511 511
511 511 511 511
511 511 511 511
511 511 511 511
511 -211 -512 -512
511 511 511 511
511 511 511 511
511 511 511 511
511 511 511 511
511 -512 -512 -512
511 511 511 511
511 511 -446 -512
-512 -512 511 511
511 511 -140 -512
-196 511 511 511
511 511 511 511
-9 -512 -512 -512
-512 314 511 511
