16 511 511 -512
-289 511 511 -512
-512 511 511 -512
-512 511 511 -512
-512 511 511 -512
-512 511 -277 -512
-512 511 -512 -512
-512 511 -512 -512
-512 511 -512 -512
-512 511 -512 -147
-512 511 -512 480
-512 511 -491 511
-512 511 22 511
-512 511 511 511
511 511 511 511
511 511 511 511
511 511 511 171
511 511 511 -341
511 511 511 -512
511 511 511 -469
511 511 511 -325
511 511 511 -90
511 511 511 4
511 -451 511 -441
511 -512 511 -512
511 -512 216 -512
511 -512 -512 -512
511 -512 -512 -512
511 -512 -512 -512
511 -512 -512 -512
497 -512 -512 -512
199 -512 -512 -263
