-512 -512 -512 -512
-512 -512 -512 -512
-512 -429 -73 259
511 511 511 511
511 511 511 511
511 511 511 -120
-512 -512 -512 -512
-512 -512 -512 -512
-512 -512 -512 -512
-512 -512 -512 -512
189 511 511 511
511 511 511 511
478 -288 -512 -512
-512 -512 -512 -512
-512 -512 -512 -512
-512 -512 -197 -23
511 511 511 511
511 511 511 511
511 511 511 511
511 511 511 511
511 511 511 511
511 511 511 387
0 -303 -512 -512
-512 -512 -512 -512
511 511 511 511
511 511 511 511
511 511 511 511
511 511 511 511
511 511 511 511
511 511 511 511
350 -147 -512 -512
-512 -512 -512 -512
