8 -4 4 -18
-2 1 -4 7
9 13 3 -4
-13 0 2 -1
-27 -21 -27 14
1 3 27 -12
4 -19 -5 16
-2 26 -24 1
15 41 8 9
-21 -29 -9 -6
31 0 18 30
-16 -10 -30 9
-6 -19 -3 -15
6 21 -15 -15
-14 19 13 -20
11 27 22 -42
8 -26 -13 -14
-3 17 17 44
4 -4 -10 -20
1 -42 -2 34
-30 -4 2 17
-16 -20 -10 3
11 -21 5 24
16 4 -10 -7
32 36 -12 -16
-3 22 -3 -32
6 38 32 -20
-24 13 6 -29
-12 -48 5 2
3 -13 -16 33
-10 -9 -16 3
44 -18 -1 3
4 -3 35 -20
-8 3 1 29
-20 4 18 16
6 -44 0 -2
10 -6 -32 -19
9 2 -9 -14
28 33 -15 -38
-21 37 21 -10
-21 -21 -12 5
8 13 40 3
-19 -21 1 32
4 -8 -28 4
13 18 47 -9
-23 -51 -41 17
13 25 9 14
8 -19 4 -6
16 -19 -23 -20
33 34 1 -11
-19 17 2 -4
14 4 3 -28
-34 -5 -17 5
-26 -12 36 8
18 -3 -9 -13
-28 11 2 20
-4 26 -24 13
1 -12 -2 -10
26 -15 3 32
0 -6 -25 2
-3 -1 -5 -2
-8 2 1 -2
-5 14 10 -10
7 -1 7 -15
