-512 -371 511 511
511 511 60 -512
-512 -512 -512 -512
-512 -512 -512 -512
511 511 511 511
511 -512 -512 -512
-512 -512 -512 -512
-512 -512 -512 29
511 511 511 511
511 -363 -512 -512
-512 -512 -512 -512
-512 449 511 511
511 511 511 511
355 -250 -415 -112
511 511 511 511
511 511 511 511
511 511 511 511
511 511 511 511
511 511 511 511
511 511 511 175
511 511 511 511
511 511 511 511
511 511 511 511
511 -512 -512 -512
511 511 511 511
511 511 511 511
511 511 511 197
-360 -512 -512 -512
511 511 511 511
511 511 511 374
-197 -512 -512 -512
-274 234 511 511
-512 -337 52 394
511 451 209 -162
-356 -343 45 511
511 511 511 511
-512 -512 -254 362
511 511 511 511
511 511 511 511
511 511 511 511
65 363 511 511
511 511 511 511
511 511 511 511
511 511 511 511
511 511 511 511
511 511 511 511
511 511 511 511
511 328 -255 -512
511 511 511 511
511 511 511 511
511 511 511 511
-375 -512 -512 -512
511 511 511 511
511 511 511 511
511 511 511 -512
-512 -512 -512 -512
500 511 511 511
511 511 511 511
437 -512 -512 -512
-512 -512 -512 -349
-98 387 511 511
511 511 511 511
-512 -512 -512 -512
-512 -512 511 511
