-512 -512 -318 -52
194 232 119 -176
-512 -512 -512 -512
-512 -512 -512 -512
-512 -512 -512 -512
-512 -512 -512 -512
-512 -512 -317 445
511 511 511 511
511 511 511 511
511 511 511 511
51 -512 -512 -512
-512 -512 -512 -512
-512 -44 502 511
511 511 511 511
511 511 511 511
511 511 511 511
511 511 511 511
511 511 511 511
511 511 511 511
511 511 511 511
511 511 511 511
511 511 -156 -512
-512 -512 -512 -512
-512 -512 -512 -512
511 511 511 511
511 511 511 511
511 511 511 511
511 511 511 222
-252 -512 -512 -512
-512 -512 -512 -512
-512 -512 -512 -512
-512 -512 -369 -192
-512 -467 -289 -8
262 511 511 511
511 511 511 511
511 511 511 511
511 511 511 511
511 511 511 511
511 511 511 511
511 511 511 511
511 511 511 511
511 511 511 511
511 511 511 511
511 511 511 511
511 511 511 511
511 511 511 511
511 511 511 511
511 511 511 380
511 511 511 511
511 511 511 511
511 511 511 511
511 511 511 511
511 511 511 -79
-512 -512 -512 -512
-512 -512 -512 -512
-512 -512 -512 -512
511 511 511 511
511 511 511 511
511 511 511 511
511 511 -444 -512
-512 -512 -512 -512
-512 -512 -512 -512
-512 -512 -13 463
511 511 511 365
