-512 -512 -512 -512
167 511 218 -512
-512 -512 -512 -512
-228 511 511 511
-512 -512 -512 -512
511 511 430 -512
-512 -512 -512 -512
-242 511 280 -387
-512 -512 -512 -260
511 511 511 -512
-512 -512 -512 -512
-207 104 -512 -512
-512 -512 -512 511
511 511 511 -512
-512 -512 -512 -512
-146 -467 -512 -512
-512 -512 -284 511
511 511 511 -512
-512 -512 -512 -512
-512 -512 -512 -512
-512 -512 511 511
511 511 442 -512
-512 -512 -512 -512
-512 -512 -512 -512
-512 -321 511 511
511 511 -512 -512
-512 -512 -512 -512
-512 -512 -512 -512
-313 511 511 511
511 -512 -512 -512
-512 -512 -512 -512
-512 -512 -512 -512
511 511 511 511
-512 -512 -512 -512
-512 -512 -512 -512
-512 -512 -512 -512
511 511 511 -512
-512 -512 -512 -512
-512 -512 -512 -512
-512 -512 -512 -512
511 511 85 -512
-512 -512 -512 -512
-512 -512 -512 -512
-512 -512 153 511
511 511 511 -424
-512 -512 -512 -512
-512 -512 -512 -512
-512 -100 511 511
511 511 511 511
222 -512 -512 -512
-512 -512 -512 -512
-512 511 511 511
511 511 511 511
511 511 -512 -512
-512 -512 -512 -512
-28 511 511 511
511 511 511 511
511 511 307 -512
-512 -512 -512 31
511 511 511 511
511 511 511 511
511 511 444 -512
-512 -512 -512 511
511 511 511 511
