-512 -512 511 -512
-512 -512 511 511
-512 -512 511 -512
-512 -512 404 -87
-512 -512 511 -419
-512 -512 106 -512
-512 -36 511 -91
-512 -512 -158 -512
-512 511 511 -85
-512 -512 -512 -512
-512 511 511 -512
-512 -512 -512 -512
-512 511 511 -512
-512 -512 -512 -512
158 511 -234 -512
-512 -512 -512 -512
511 511 -512 -512
-512 -512 -512 -512
511 93 -512 -512
-512 -512 -512 -512
511 -473 -512 -512
-512 -512 -512 511
511 182 -512 -512
-512 -512 -512 511
511 511 -376 -512
-512 -512 -155 511
511 511 511 -512
-512 -512 511 511
511 511 511 -462
-512 -512 511 511
511 511 511 -368
-512 -33 511 511
