0 -512 -512 -512
-512 -512 -512 -512
-512 -512 -512 -512
-512 -170 511 511
-512 -512 -512 -512
-512 -149 511 511
-512 -512 -512 -512
-512 -57 89 -263
-512 -512 -512 -512
117 511 511 511
-512 -512 -512 -512
-87 -512 -512 -512
-512 -512 -512 -396
511 511 511 511
-512 -512 -512 -512
-512 -512 -512 -512
-512 -512 511 511
511 511 -512 -512
-512 -512 -512 -512
-512 -512 -512 -512
-50 461 511 511
511 42 -512 -512
-512 -512 -512 -512
-512 -512 -512 -244
-189 319 511 511
511 511 511 -512
-512 -512 -512 -512
-512 -512 511 511
155 511 511 511
511 511 511 511
-512 -512 -512 -149
511 511 511 511
