511 511 511 511
511 511 511 511
511 511 511 511
511 511 511 511
511 511 511 511
511 511 511 511
511 511 511 275
33 -111 -125 -105
511 511 430 335
206 109 25 -36
-78 -90 -51 49
192 432 511 511
511 511 511 511
511 511 511 511
511 511 511 511
160 -131 -216 -172
138 125 58 14
-49 -28 15 91
207 341 511 511
511 511 511 511
511 511 511 511
511 511 511 511
511 511 511 -427
-512 -512 -512 -512
511 511 511 511
511 511 511 511
511 511 511 511
511 511 511 511
511 511 511 511
511 511 511 -137
-512 -512 -512 -512
-512 -512 -512 -512
-512 -512 -512 -512
-512 -512 -512 -512
-512 -512 -512 -512
-512 -512 -512 -207
136 410 498 378
57 -512 -512 -512
-512 -512 -512 -512
-512 -512 -512 -512
-512 -512 -512 -512
-512 -512 -512 -454
73 511 511 511
511 511 511 511
511 511 511 511
511 511 511 511
-512 -512 -512 -512
-512 -512 -512 -512
-512 -512 -512 -512
-512 -512 -512 -512
-337 193 511 511
511 511 511 511
511 511 511 511
511 511 511 511
511 511 511 511
511 511 492 272
-512 -512 -512 -512
-512 -512 -512 -512
-512 -512 -512 -512
-512 -512 -512 -512
-434 91 511 511
511 511 511 511
511 511 511 511
511 511 511 511
