15 -12 7 -14
16 -10 -39 -2
-18 28 18 39
-32 1 2 1
-8 12 29 -37
24 -15 7 -31
-11 -14 -7 38
13 4 -11 1
-21 -7 33 9
0 15 12 8
17 -9 -20 -48
27 -6 -7 2
-11 -20 -27 45
14 4 -3 15
4 23 17 -14
-31 -3 8 -14
8 -23 -35 7
-7 -10 -9 -1
-18 -6 40 -5
13 -10 40 17
2 14 -31 -1
-28 29 -8 -41
-12 -5 8 -3
14 -8 -9 41
-17 -6 38 16
33 6 -34 -4
1 53 -21 -4
-38 -10 -2 -16
-13 -10 16 13
27 -15 27 -7
23 -18 14 25
-22 16 -21 -25
-6 -20 17 -38
-5 -9 7 11
-8 -5 -8 7
13 1 23 23
11 -8 -34 -5
14 5 -12 -35
-6 16 13 11
-54 6 6 36
2 -34 -5 34
13 -1 -18 13
0 -1 31 -54
2 -18 37 8
-25 16 -22 16
-29 23 9 -1
15 10 -9 -20
11 -8 -14 15
-2 6 33 -4
-10 24 -37 -8
-13 48 11 -11
2 -25 -21 4
6 3 -6 18
14 -20 24 -18
-10 -19 39 18
-13 -3 1 -14
8 -21 23 -30
1 -37 -6 30
-9 -5 -7 28
-8 9 31 1
-14 7 4 -17
19 -3 -21 -47
12 20 -12 16
-33 24 -7 22
-9 -11 9 12
27 20 15 -8
0 2 1 -40
-3 -21 13 -10
-9 6 -20 23
-28 23 29 28
14 -6 -2 -2
-18 9 -18 -8
-2 8 -16 -6
-41 13 -17 -8
-26 19 23 4
34 -5 2 3
14 13 -15 19
-26 -11 5 -33
-16 -33 32 -6
18 8 11 4
12 -8 31 1
12 -12 12 48
-9 -25 -22 7
-18 6 8 -24
-40 7 27 -10
27 4 2 -10
34 28 -23 -5
-10 16 -14 -18
-7 -15 7 -57
9 32 22 -28
-14 -5 5 0
17 4 -3 19
18 8 -14 -25
-22 -10 26 36
-34 -16 -13 21
-28 15 19 2
7 14 -12 34
-31 -7 -7 17
-8 -4 19 -11
11 0 3 -24
-22 20 21 20
-28 -2 -1 -8
15 -6 0 -31
47 8 -1 -22
16 42 7 -2
-30 1 28 16
-14 -14 -5 23
0 -10 -24 -24
3 7 14 5
3 9 1 -15
7 8 21 -10
0 0 -3 -16
-23 -12 4 -46
14 -6 18 -38
9 7 -9 16
-7 29 12 6
15 3 17 -31
-31 -26 8 45
-19 -18 -35 16
-24 38 22 -3
20 23 -4 29
-8 2 24 23
-9 -26 10 -1
-25 -9 -10 -21
-21 13 26 -13
-2 25 11 7
14 23 -4 -24
25 -18 -10 -17
-14 26 -10 -2
-67 9 2 -6
-5 -1 12 2
36 18 -18 10
14 -5 3 11
-9 -22 -15 -12
-30 -2 32 -31
21 -9 43 -9
-15 -16 2 3
43 4 25 -20
10 -10 -2 -7
-45 14 12 -4
-16 -3 26 -35
-8 14 20 50
-6 11 -36 5
-5 4 -1 -13
-6 13 -5 -12
-6 -13 29 -9
-6 -13 -1 36
-25 15 3 -1
5 -10 16 -28
14 16 -11 -17
-21 17 8 6
-12 -4 7 6
-36 29 -3 40
-47 -6 -10 -18
13 24 2 -10
9 18 -11 -10
0 -21 15 41
-1 -13 -19 -16
-15 -4 44 -29
24 -3 25 -28
3 -6 -21 24
30 7 23 -21
-6 -13 35 -7
-49 -12 14 5
-9 4 6 -34
-10 51 19 14
-22 19 -4 3
11 -31 -14 9
-42 -20 26 -28
-7 -22 0 -15
21 9 -18 8
-10 45 15 24
0 -28 14 -21
25 -28 -26 1
-29 24 -5 3
-38 13 40 5
-3 24 11 37
-11 10 -1 5
-6 13 11 -6
-38 -14 -16 -4
-9 -11 14 -2
27 21 12 -18
-5 22 40 -12
3 -36 -2 -13
-21 -18 -37 27
-5 -12 -6 -28
2 11 40 -21
-14 7 42 17
2 5 -9 -8
-46 20 -1 -3
-20 -5 2 -20
19 -8 9 24
-34 2 38 -15
6 -3 29 -11
17 4 -30 -8
-16 10 3 3
3 -27 -6 7
19 3 -3 10
-5 26 16 1
-62 8 14 -5
12 6 10 6
-1 -17 -15 11
-21 16 19 35
-43 -5 7 -10
-15 9 30 -28
24 10 2 -48
-4 10 14 16
4 -4 -13 0
-25 -16 -1 17
-17 13 -21 -22
-1 22 30 -40
19 4 14 7
-10 6 -4 23
-34 -11 10 8
-21 -16 11 -16
20 7 19 -13
3 -1 22 -13
-3 22 45 19
-15 -36 -1 -22
11 -15 0 0
-10 0 -24 6
5 33 13 2
-4 32 14 -10
-36 -9 0 1
-5 -21 11 -19
-2 -29 -25 14
-20 21 0 37
-19 26 33 -13
-22 17 38 -26
-3 -27 0 -36
10 -16 -21 15
2 45 0 -4
-3 20 20 -10
-2 45 20 -13
-25 17 0 -14
3 -29 -20 -16
8 10 -11 18
-20 7 49 16
0 -25 29 6
-22 9 -7 -25
5 -17 -9 -2
-32 -20 27 35
-12 -42 16 -24
39 6 44 -6
-22 26 -17 16
-49 16 -15 -16
18 18 -18 -40
2 25 5 17
13 6 38 -30
-6 16 -10 8
-26 21 6 11
-5 -13 -14 -14
-9 25 22 -10
-2 -22 32 -2
2 -15 2 19
-12 24 -1 -25
