3 -34 -20 -10
-9 -8 -21 -17
-16 -8 0 -24
-17 -7 -10 -10
-8 -8 -16 -9
-4 -9 3 -9
-23 2 6 3
-19 -8 14 -2
-17 -1 17 3
-25 -20 19 5
-9 -19 0 15
-12 -8 -4 1
9 -15 -12 15
-2 -7 -13 3
15 -7 -11 -13
11 21 -8 -28
-13 -3 -5 6
-18 -13 -5 0
-2 -12 -12 0
-7 -3 0 -17
1 -9 3 -1
-14 -4 -1 1
0 -7 -8 1
-1 12 -11 -8
-2 -39 -39 -29
6 -15 -43 -33
-7 -10 -21 -34
-21 -7 -16 -17
-34 2 -7 -26
-24 -3 11 -21
-27 -6 13 1
-14 -30 14 19
20 14 5 9
20 29 -4 18
7 16 16 13
13 -3 20 16
6 4 17 -3
13 13 8 -2
-4 22 0 7
-3 -6 6 11
-35 1 -1 -21
-23 -30 3 -10
-11 -32 -19 9
-16 -21 -15 3
-20 -13 -9 0
-12 -7 -17 -11
20 -12 -14 -21
20 10 -15 -12
-19 1 -23 -2
-13 -12 -21 -4
-4 -8 -27 -9
-1 -9 0 -26
-10 -8 15 -17
-20 -2 -2 1
-7 -7 -9 4
-3 5 -16 9
37 16 16 10
48 24 18 13
24 29 24 12
21 24 13 28
0 30 14 7
14 16 18 3
1 9 24 0
4 -17 16 14
-31 -16 -19 -26
-41 -13 -14 -10
-51 -27 -2 -14
-17 -47 -17 2
-7 -35 -27 -13
17 -21 -33 -8
-4 13 -24 -12
-8 12 -5 -10
2 17 24 13
5 -10 38 11
8 4 8 15
10 16 -2 12
9 10 -1 20
6 -1 -4 14
19 -11 7 -11
13 14 -5 -14
23 12 -3 33
20 11 6 13
23 32 -3 -7
25 36 15 -24
18 20 27 1
-9 7 18 25
-14 -8 16 21
-14 3 -2 12
-1 -27 -17 -20
-2 -12 -11 -24
-16 -5 -1 -27
-12 -3 -20 -2
-14 0 -23 -7
1 -11 -3 -8
-13 -6 11 -4
-11 -14 13 3
22 23 30 19
10 34 26 26
2 20 36 21
18 2 17 29
29 1 -1 17
37 6 -4 10
10 23 -5 5
1 9 6 -6
3 8 10 8
9 -1 7 0
22 8 -8 5
6 21 3 -9
5 12 8 7
-11 6 9 6
7 -13 5 5
8 -3 -4 2
3 7 -5 10
8 7 -12 -3
26 9 -16 -3
6 21 6 -21
2 12 17 -4
-19 8 16 2
-1 -12 2 17
0 -7 -7 14
6 20 31 -2
5 29 14 15
5 3 25 28
4 -10 11 35
14 -4 -6 13
28 9 -7 -8
21 20 -14 -2
16 -2 4 -5
