-512 487 511 511
511 511 511 511
-512 439 511 511
511 511 511 511
-512 254 511 511
511 511 511 511
-512 -13 511 511
511 511 511 511
-512 -238 511 511
511 511 511 511
-512 -494 511 511
511 511 511 511
-512 -512 511 511
511 511 511 511
-512 -512 275 511
511 511 511 511
-512 -512 -512 511
511 511 511 511
-512 -512 -512 511
511 511 511 511
-512 -512 -512 221
511 511 511 511
-512 -512 -512 -455
511 511 511 511
-512 -512 -512 -512
511 511 511 511
-512 -512 -512 -512
325 511 511 511
-512 -512 -512 -512
-341 511 511 511
-512 -512 -512 -512
-512 511 511 511
-512 -512 -512 -512
-512 81 511 511
-512 -512 -512 -512
-512 -347 511 511
-512 -512 -512 -512
-512 -512 511 256
-512 -512 -512 -512
-512 -512 511 79
-512 -512 -512 -512
-512 -505 511 -46
-512 -512 -512 -512
-512 -191 511 -30
-512 -512 -512 -512
-512 256 511 208
-512 -512 -512 -512
-443 511 511 280
-512 -512 -512 -512
-100 511 511 511
-512 -512 -512 -512
230 511 511 511
-512 -512 -512 -512
400 511 511 511
-512 -512 -512 -512
479 511 511 511
-512 -512 -512 -512
483 511 511 511
-512 -512 -512 -512
334 511 511 511
50 -512 -512 -512
159 511 511 511
511 -512 -512 -512
-54 511 511 511
511 -207 -512 -512
-209 511 511 511
511 92 -252 -456
-373 511 511 511
511 270 238 -43
-397 367 511 511
511 325 511 416
-328 118 511 511
423 409 511 511
-108 -81 511 511
442 511 511 511
162 -336 511 511
387 511 511 511
511 -448 511 511
437 511 511 511
511 -335 511 511
399 511 511 511
511 -88 511 511
457 511 511 511
511 363 511 511
511 419 511 511
511 511 420 511
511 246 511 511
511 511 190 511
511 26 511 511
511 511 119 511
511 -80 511 511
511 511 200 -191
511 -161 -194 511
511 511 433 -512
511 -116 -512 511
511 511 511 -512
511 1 -512 511
511 511 511 -512
511 336 -512 -35
511 511 511 -512
511 511 -512 -512
511 511 511 -213
511 511 -512 -512
511 511 511 210
511 511 -512 -512
511 511 511 511
511 511 -512 -512
511 511 511 511
511 511 -512 -512
-128 511 511 511
511 511 -512 -512
-512 511 511 511
511 511 292 -512
-512 511 511 511
511 511 511 -512
-512 511 511 511
511 511 511 -512
-512 46 511 511
511 511 511 -512
-512 -512 511 511
511 511 511 -390
-512 -512 511 511
511 511 511 -143
-512 -512 511 511
511 511 511 138
-512 -512 511 511
511 511 511 268
-512 -512 511 511
