-1 -1 0 1
2 3 4 6
6 7 7 7
5 4 3 2
-1 -1 0 1
2 3 5 6
7 7 7 7
5 4 3 2
-1 0 0 1
2 4 5 6
6 7 7 6
5 4 3 3
0 0 1 2
3 4 5 6
6 6 6 6
5 5 4 4
0 0 1 2
3 4 5 6
6 6 6 6
6 5 5 5
0 0 1 2
3 4 5 5
6 6 6 6
6 6 6 6
0 0 1 2
2 3 4 5
5 5 6 7
7 7 7 7
0 0 1 1
2 3 3 4
5 6 6 7
8 8 8 8
0 0 0 1
1 2 3 4
5 6 7 8
9 9 9 9
0 0 0 1
1 2 3 4
5 6 8 9
10 10 10 9
0 -1 0 0
1 1 3 4
6 7 8 10
10 10 10 9
-1 -1 -1 0
1 2 3 5
7 8 10 11
11 10 9 8
-1 -1 -1 0
1 2 4 6
8 9 10 11
11 10 9 7
-1 -1 -1 0
1 3 5 7
9 10 11 11
11 9 8 6
-1 -1 0 1
2 4 6 8
9 10 11 11
10 8 6 5
-1 -1 0 1
3 5 7 9
10 10 10 10
9 7 5 3
-1 0 1 2
4 6 7 9
10 10 9 8
7 5 3 1
0 0 1 3
4 6 8 9
9 9 8 7
5 3 1 0
0 0 2 3
5 6 7 8
8 7 6 5
3 1 0 -1
0 1 2 4
5 6 7 7
7 5 4 3
1 0 -1 -2
0 1 2 4
5 6 7 6
5 4 2 1
0 -2 -3 -3
0 1 3 4
5 5 5 5
4 2 1 -1
-2 -3 -3 -4
1 2 3 4
4 4 4 3
2 1 -1 -2
-3 -3 -4 -4
1 2 3 3
4 3 3 2
1 -1 -2 -3
-3 -4 -4 -4
1 2 3 3
3 2 1 0
-1 -2 -3 -3
-4 -4 -4 -4
1 2 2 2
2 1 0 -1
-2 -3 -3 -4
-4 -4 -4 -4
1 1 2 1
1 0 -1 -2
-3 -3 -4 -4
-4 -4 -4 -4
1 1 1 1
0 -1 -1 -2
-3 -4 -4 -4
-4 -4 -4 -3
0 1 1 0
0 -1 -2 -2
-3 -3 -4 -4
-4 -4 -3 -3
0 0 0 0
-1 -1 -2 -2
-3 -3 -3 -3
-3 -3 -3 -2
0 0 0 0
-1 -1 -1 -2
-2 -2 -2 -2
-2 -2 -2 -2
0 0 0 0
0 -1 -1 -1
-1 -1 -1 -1
-1 -1 -1 -1
