0
0
0
0
0
0
0
0
0
0
0
0
0
0
0
0
0
0
0
224
0
0
0
0
0
0
0
0
0
0
0
0
0
0
0
0
0
-68
0
0
0
0
0
0
-207
0
157
0
0
0
0
0
0
0
0
0
0
0
0
0
0
0
0
0
0
0
0
0
0
0
0
0
0
0
0
0
0
0
0
0
0
0
0
0
0
0
0
0
0
0
0
0
0
0
0
0
224
0
0
0
0
0
0
0
0
0
0
0
0
0
0
0
0
0
0
0
0
0
0
0
0
250
0
0
210
0
0
0
0
0
0
0
0
221
158
0
0
0
0
0
0
0
0
0
0
0
0
0
0
0
0
0
0
0
0
0
0
0
0
-19
0
0
0
0
0
-225
0
0
0
0
0
0
0
0
0
0
0
0
0
0
0
0
0
0
0
0
0
0
0
0
0
0
0
0
69
-167
0
0
0
0
0
0
0
0
0
-186
0
0
0
0
0
-241
0
0
0
0
0
0
0
0
0
0
0
0
0
0
0
0
0
0
0
-89
0
0
0
0
0
0
0
0
0
0
0
0
0
0
0
0
0
0
0
0
0
0
0
0
