21 -9 7 32
19 16 21 0
-14 -7 29 3
-23 39 12 17
45 9 7 -27
-3 -28 10 25
16 49 12 15
-8 -32 -25 -42
-56 30 0 10
7 -36 15 -33
12 3 -58 20
-1 0 23 20
-7 16 -17 -25
-13 -60 -21 -21
29 55 -26 5
-28 -35 -5 -9
41 -15 -12 -33
-7 -4 21 10
-29 11 28 19
-18 -18 -20 -24
25 4 6 27
4 0 16 5
10 -10 21 4
-5 40 -11 -6
1 33 43 -1
-24 -41 -26 31
56 63 8 -10
-12 -47 -5 -5
-10 11 -27 -16
0 27 -4 -19
-7 -16 -18 9
23 -13 -3 7
39 -15 -46 -38
-37 20 -12 -10
-17 -31 40 1
5 -6 -45 -19
0 -39 39 9
-26 -4 -34 42
-2 -6 45 -46
-14 0 0 -1
-4 12 18 41
-1 18 -12 10
25 -17 8 -15
14 35 0 12
23 34 -14 -27
4 40 20 1
-2 2 1 31
31 -35 -15 -6
-13 -18 -14 -3
28 20 -5 -16
-15 -6 -19 -11
9 0 22 9
-26 -22 7 20
-26 -36 -9 -8
-8 -23 8 -15
-31 34 2 13
-17 -30 12 4
20 -9 11 14
-26 -6 -27 -5
4 16 15 -16
-12 32 -6 11
43 6 32 -28
5 19 -35 29
2 -1 29 21
