511 511 511 511
511 511 511 4
511 511 511 511
511 511 511 -36
511 511 511 511
511 511 511 -3
511 511 511 511
511 511 511 95
511 511 511 511
511 511 511 282
511 400 140 511
511 511 511 95
-506 -512 -512 -224
511 511 511 -13
-512 -512 -512 -296
511 511 511 -181
-512 -512 -512 373
511 511 511 -512
-67 -121 242 511
511 511 511 -512
511 511 511 511
511 511 511 -512
511 511 511 511
511 511 511 -512
511 511 511 511
511 511 -512 -512
511 511 511 511
511 511 -512 -512
-303 -512 -272 488
511 511 -512 -512
-512 -512 -512 -512
14 -512 -512 -512
-512 -512 -512 -512
-117 -512 -512 -512
-512 -512 -512 -512
403 13 -512 -512
-512 -512 -512 -512
511 511 -512 -512
-512 -512 -512 511
511 511 -512 -512
-512 -512 114 511
511 511 -512 -512
-512 -512 511 511
511 511 -512 -512
-512 -512 511 511
511 511 -272 -512
-512 -512 511 511
511 511 -166 -512
-512 -512 511 511
511 511 511 49
-512 -512 -512 511
511 511 511 511
-512 -512 -512 -512
279 511 511 511
-512 -512 -512 -512
-258 511 511 511
-512 -512 -512 -512
-163 511 511 511
6 -505 -512 -512
155 511 511 511
452 -25 -512 -512
402 511 511 511
399 101 -288 -253
269 511 511 511
