-512 -512 -512 -512
-512 -37 268 369
274 4 -479 -512
-512 -512 -512 -512
-512 -512 -512 -512
-512 -512 -512 -512
-512 -512 -512 -512
-286 193 310 261
-512 -512 -512 -512
-124 119 196 78
-225 -512 -512 -512
-512 -512 -512 -512
-512 -512 -512 -512
-512 -512 -512 -512
-512 -512 -512 -230
332 511 511 425
44 96 269 403
484 338 44 -424
-512 -512 -512 -512
-512 -512 -512 -512
-512 -512 -512 -512
-512 -512 -512 -512
-512 -512 146 511
511 511 511 511
511 511 511 511
511 437 -192 -512
-512 -512 -512 -512
-512 -512 -512 -512
-512 -512 -512 -512
-512 -512 -512 -512
-512 106 511 511
511 511 511 511
511 511 511 511
511 511 375 -465
-512 -512 -512 -512
-512 -512 -512 -512
-512 -512 -512 -512
-512 -512 -512 -512
-286 400 511 511
511 511 511 511
511 511 511 511
511 511 323 -445
-512 -512 -512 -512
-512 -512 -512 -512
-512 -512 -512 -512
-512 -265 355 511
511 511 511 511
511 511 511 511
511 511 511 511
511 511 511 -163
-512 -512 -512 -512
-512 -512 -512 -512
-512 -175 448 511
511 511 511 511
511 511 511 511
511 511 511 511
511 511 511 511
511 511 511 511
79 -278 -446 -435
-301 30 431 511
511 511 511 511
511 511 511 511
511 511 511 511
511 511 511 511
511 511 511 511
511 511 511 511
511 511 511 511
511 511 511 511
511 511 511 511
511 511 511 511
511 511 511 511
485 292 181 57
511 511 511 511
511 511 511 511
511 511 511 511
511 511 511 511
511 511 511 511
511 511 511 376
-136 -512 -512 -512
-512 -512 -512 -385
511 511 511 511
511 511 511 511
511 511 511 511
511 511 511 511
511 511 511 511
511 329 -428 -512
-512 -512 -512 -512
-512 -512 -512 -512
511 511 511 511
511 511 511 511
511 511 511 511
511 511 511 511
511 511 511 511
-126 -512 -512 -512
-512 -512 -512 -512
-512 -512 -512 -512
511 511 511 511
511 511 511 511
511 511 511 511
511 511 511 511
511 511 181 -469
-512 -512 -512 -512
-512 -512 -512 -512
-512 -512 -512 -512
511 511 511 511
511 511 511 511
511 511 511 511
511 511 511 509
25 -444 -512 -512
-512 -512 -512 -512
-512 -512 -512 -512
-512 -512 -512 -512
511 511 511 511
511 511 511 511
511 511 511 511
511 68 -417 -512
-512 -512 -512 -512
-512 -512 -512 -512
-512 -512 -512 -512
-512 -512 -512 -288
511 511 511 511
511 511 511 511
511 511 511 79
-386 -512 -512 -512
-512 -512 -512 -512
-512 -512 -512 -512
-512 -512 -341 -222
-133 -53 -29 -16
511 511 511 511
511 511 511 511
511 368 -8 -397
-512 -512 -512 -512
-512 -512 -512 -512
-512 -486 -141 184
471 511 511 511
511 511 511 272
489 511 511 511
511 511 511 511
436 239 -20 -294
-512 -512 -512 -512
-512 -512 -425 -65
328 511 511 511
511 511 511 511
511 511 511 511
-377 -279 -158 42
224 398 511 511
511 491 332 152
-61 -211 -306 -303
-153 100 461 511
511 511 511 511
511 511 511 511
511 511 511 511
-512 -498 -306 3
293 511 511 511
511 511 511 511
511 494 404 413
511 511 511 511
511 511 511 511
511 511 511 511
511 511 511 511
-227 -59 149 481
511 511 511 511
511 511 511 511
511 511 511 511
511 511 511 511
511 511 511 511
511 511 511 511
511 511 511 511
511 511 511 511
511 511 511 511
511 511 511 511
511 511 511 511
511 511 511 511
511 511 511 511
511 511 511 511
511 511 511 511
511 511 511 511
511 511 511 511
511 511 511 511
511 511 511 511
511 511 511 511
511 511 511 511
511 511 511 511
511 511 511 511
511 511 511 511
511 511 511 511
511 511 511 511
511 511 511 511
511 511 511 511
511 511 511 511
511 511 511 511
511 511 511 263
511 511 511 511
511 511 511 511
511 511 511 511
511 511 511 511
511 511 511 511
511 511 511 281
-232 -512 -512 -512
-512 -512 -494 -266
511 511 511 511
511 511 511 511
511 511 511 511
511 511 511 511
511 511 511 511
511 511 -286 -512
-512 -512 -512 -512
-512 -512 -512 -512
511 511 511 511
511 511 511 511
511 511 511 511
511 511 511 511
511 511 511 511
511 -414 -512 -512
-512 -512 -512 -512
-512 -512 -512 -512
511 511 511 511
511 511 511 511
511 511 511 511
511 511 511 511
511 511 511 511
-367 -512 -512 -512
-512 -512 -512 -512
-512 -512 -512 -512
511 511 511 511
511 511 511 511
511 511 511 511
511 511 511 511
511 511 -58 -512
-512 -512 -512 -512
-512 -512 -512 -512
-512 -512 -512 -509
511 511 511 511
511 511 511 511
511 511 511 511
511 511 511 511
93 -512 -512 -512
-512 -512 -512 -512
-512 -512 -512 -512
-512 -339 -161 -52
511 511 511 511
511 511 511 511
511 511 511 511
511 511 511 14
-512 -512 -512 -512
-512 -512 -512 -512
-512 -512 -94 435
511 511 511 414
511 511 511 511
511 511 511 511
511 511 511 511
511 511 511 -512
-512 -512 -512 -512
-512 -512 -512 -512
-512 -112 511 511
511 511 511 511
