-512 -512 338 511
511 511 444 -512
-512 -512 -512 -512
-512 -512 -512 -512
-512 18 511 511
511 511 -350 -512
-512 -512 -512 -512
-512 -512 -512 -512
511 511 511 511
511 -224 -512 -512
-512 -512 -512 -512
-512 -512 -512 -512
511 511 511 511
269 -512 -512 -512
-512 -512 -512 -512
-512 -512 -512 -486
511 511 511 511
470 -512 -512 -512
-512 -512 -512 -512
-512 -512 -512 59
511 511 511 511
-66 -512 -512 -512
-512 -512 -512 -512
-512 91 511 511
511 511 511 511
-325 -512 -512 -512
-512 -512 -483 357
511 511 511 511
511 511 511 511
-18 -512 -512 -512
13 511 511 511
511 511 511 511
511 511 511 511
463 361 511 511
511 511 511 511
511 511 511 511
511 511 511 511
511 511 511 511
511 511 511 511
511 511 511 366
511 511 511 511
511 511 511 511
511 511 511 511
511 385 -512 -512
511 511 511 511
511 511 511 511
511 511 511 511
511 -512 -512 -512
511 511 511 511
511 511 511 511
511 511 511 511
-140 -512 -512 -512
511 511 511 511
511 511 511 511
511 511 511 -98
-512 -512 -512 -512
511 511 511 511
511 511 511 511
511 106 -493 -512
-512 -512 -512 -512
511 511 511 511
511 511 511 94
-466 -512 -512 -512
-512 -512 -512 -512
511 511 511 511
511 511 -10 -512
-512 -512 -512 -512
-475 63 511 511
392 468 511 511
511 196 -339 -512
-512 -512 -512 -331
448 511 511 511
-512 -344 -9 275
324 102 -304 -512
-512 -512 -423 363
511 511 511 511
-512 -512 -156 289
468 347 28 -444
-512 -512 110 511
511 511 511 511
-512 -398 149 511
511 511 461 35
-122 18 511 511
511 511 511 511
-37 282 511 511
511 511 511 511
511 511 511 511
511 511 511 511
511 511 511 511
511 511 511 511
511 511 511 511
511 511 511 511
511 511 511 511
511 511 511 511
511 511 511 511
511 511 511 511
511 511 511 511
511 511 511 511
511 511 511 511
511 511 511 499
511 511 511 511
511 511 511 511
511 511 511 511
511 209 -512 -512
511 511 511 511
511 511 511 511
511 511 511 511
511 -512 -512 -512
511 511 511 511
511 511 511 511
511 511 511 511
143 -512 -512 -512
511 511 511 511
511 511 511 511
511 511 511 418
-512 -512 -512 -512
511 511 511 511
511 511 511 511
511 511 -8 -512
-512 -512 -512 -512
511 511 511 511
511 511 511 511
511 234 -512 -512
-512 -512 -128 511
511 511 511 511
511 511 511 511
511 -512 -512 -512
-512 -512 511 511
