511 511 511 511
511 511 511 511
511 511 511 511
511 511 511 511
511 511 511 511
511 511 511 511
511 511 511 511
511 511 511 511
511 511 511 511
511 511 454 358
230 122 -19 -126
-251 -335 -393 -403
-383 -310 -179 5
222 477 511 511
511 511 511 511
511 511 511 511
382 343 301 251
185 138 77 53
-3 -46 -113 -138
-185 -147 -72 48
177 361 511 511
511 511 511 511
511 511 511 511
511 511 511 511
511 511 511 511
511 511 511 511
511 511 511 511
511 511 511 511
511 511 511 511
511 511 511 511
511 511 511 511
511 -512 -512 -512
-512 -512 -512 -512
-512 -512 -512 -512
-512 -512 -512 -512
-512 -512 -512 -512
-453 -41 367 511
511 511 511 511
222 -512 -512 -512
-512 -512 -512 -512
-512 -512 -512 -512
-512 -512 -512 -512
-497 -395 -155 80
424 511 511 511
511 511 511 511
511 511 511 511
511 511 511 -135
-512 -512 -512 -512
-512 -512 -512 -512
-512 -512 -512 -512
-512 -512 -512 -317
210 511 511 511
511 511 511 511
511 511 511 511
511 511 511 270
-512 -512 -512 -512
-512 -512 -512 -512
-512 -512 -512 -512
-512 -512 -512 -512
-512 -512 -512 -512
-161 364 511 511
511 511 511 511
511 511 511 511
511 511 511 511
