-512 -512 -512 -512
-512 -292 172 511
511 511 511 511
511 511 511 511
511 511 511 511
511 511 511 511
511 511 511 511
511 511 511 511
-512 -512 -512 -512
-512 -512 -512 -512
-512 -512 -512 -512
-512 -512 -469 111
511 511 511 511
511 511 511 511
511 511 511 511
511 511 511 511
-512 -512 -512 -512
-512 -512 -512 -512
-512 -512 -512 -512
-512 -512 -512 -512
-512 -512 -512 -512
-512 -512 -393 28
383 511 511 511
443 176 -76 -258
-512 -512 -512 -512
-512 -512 -512 -512
-512 -512 -512 -512
-512 -512 -512 -512
-236 244 511 511
511 511 511 511
511 511 511 511
511 511 511 511
511 511 445 345
222 234 299 494
511 511 511 511
511 511 511 312
56 -167 -342 -397
-363 -103 461 511
511 511 511 511
511 511 511 511
511 511 511 428
214 102 172 358
511 511 511 511
511 511 511 511
511 511 511 511
511 511 511 511
478 252 182 335
511 511 511 511
511 511 511 511
511 511 511 -88
-512 -512 -512 -512
-512 -512 -512 -512
283 511 511 511
511 511 511 511
511 511 511 511
511 511 223 51
511 511 511 511
511 511 511 511
511 511 511 511
511 -103 -512 -512
-512 -512 -512 -512
-512 -512 -512 98
511 511 511 511
511 511 511 511
