0 0 0 0
0 0 0 1
0 0 0 0
0 0 1 1
0 0 0 0
0 1 1 2
0 0 0 0
0 1 2 2
0 0 0 -1
0 1 2 3
0 0 0 -1
0 1 2 3
0 0 0 -1
0 1 2 3
0 0 0 -1
0 1 2 3
0 0 0 -1
0 1 2 3
1 1 0 -1
-1 1 2 3
1 1 0 -1
-1 0 2 3
1 1 0 -1
-1 0 1 2
1 1 1 -1
-2 -1 0 1
1 2 1 -1
-2 -2 -1 0
1 2 1 -1
-2 -3 -2 -1
1 2 2 -1
-3 -4 -4 -2
2 3 2 0
-3 -5 -5 -4
2 3 2 0
-3 -6 -7 -6
2 3 3 1
-3 -7 -8 -8
2 4 4 1
-3 -7 -10 -9
1 4 4 2
-3 -8 -11 -10
1 4 5 3
-2 -8 -12 -11
1 4 5 3
-2 -8 -12 -13
1 4 5 4
-1 -7 -13 -13
1 4 6 5
0 -7 -13 -14
1 3 6 6
1 -6 -12 -14
0 3 6 6
2 -5 -12 -14
0 3 6 7
3 -4 -11 -14
0 3 6 7
3 -3 -10 -14
0 3 6 7
3 -3 -10 -13
0 3 6 7
4 -2 -9 -13
0 3 5 7
4 -2 -9 -12
