-512 -512 -512 -304
-512 -299 511 511
-512 -512 -512 -149
-512 -512 511 511
-512 -512 511 416
-512 -512 511 511
-512 -512 511 511
-512 -512 511 465
-512 -512 511 511
-512 -512 511 -512
-512 511 511 -512
-512 -512 -365 -512
-512 511 511 -512
-512 -512 -512 -512
-512 511 511 -512
-512 -512 -512 -512
-512 511 -512 -512
-512 45 -89 -512
-512 -89 -512 -512
-512 511 511 -512
-512 -512 -512 -512
-512 511 511 511
-512 -512 -512 -512
-512 55 511 511
-512 14 -512 -512
-512 -512 511 511
511 511 36 -512
-512 -343 511 511
511 511 511 -512
-512 411 511 511
511 511 511 -512
-512 511 511 511
