-512 68 -58 -512
-512 -512 -512 127
-512 169 -512 -512
-512 -512 -512 511
511 390 -512 -512
-512 -512 -512 511
511 511 -512 -512
-512 -512 -43 511
511 511 -512 -512
-512 -512 511 511
511 511 -512 -512
-512 511 511 511
511 511 2 -89
511 511 511 511
511 511 511 511
511 511 511 511
511 511 511 511
511 511 233 -512
511 511 511 511
511 511 -512 -512
511 511 511 511
511 -242 -512 -512
511 511 511 511
511 -512 -512 -512
511 511 511 511
430 -512 -512 -512
511 511 511 511
-512 -512 -512 -493
511 511 511 90
-512 -512 44 511
511 511 511 -192
-512 140 511 511
17 511 511 300
277 511 511 511
-512 511 511 511
511 511 511 511
-512 511 511 511
511 511 511 511
125 511 511 511
511 511 511 511
511 511 511 511
511 511 511 511
511 511 511 511
511 511 511 475
511 511 511 511
511 511 -512 -512
511 511 511 511
511 -301 -512 -512
511 511 511 511
511 -512 -512 -512
511 511 511 511
511 -512 -512 -512
511 511 511 511
-89 -512 -512 -512
511 511 511 511
-512 -512 -512 -512
511 511 511 511
-512 -512 -512 511
441 511 511 143
-512 -512 -235 511
200 511 511 -202
-512 -512 393 511
41 511 511 -216
-512 -512 434 511
