-512 -512 149 511
511 511 511 511
-512 -512 -423 511
511 511 511 511
-512 -512 -512 511
511 511 511 511
-512 -512 -512 269
511 511 511 511
-512 -512 -512 -512
511 511 511 511
-512 -512 -512 -512
428 511 511 511
-512 -512 -512 -512
-512 511 511 511
-512 -512 -512 -512
-512 -460 511 511
-512 -512 -512 -512
-512 -512 322 40
-512 -512 -512 -512
-512 -512 -252 -512
-512 -512 -512 -512
-512 -512 -200 -512
-512 -512 -512 -512
-512 -512 435 -356
-512 -512 -512 -512
-512 15 511 340
-512 -512 -512 -512
-512 511 511 511
89 -512 -512 -512
-512 511 511 511
511 -211 -512 -512
-512 253 511 511
511 171 -512 -512
-512 -419 511 511
378 -70 121 -259
-512 -512 511 511
-155 -487 511 511
-269 -512 511 511
-439 -512 511 511
511 -506 511 511
-512 -512 511 511
511 511 511 511
-177 -512 103 511
511 511 511 511
511 -512 -512 511
511 511 511 511
511 230 -512 266
511 511 511 -263
511 511 -512 -512
511 511 511 -352
511 511 -512 -512
511 511 511 511
511 511 271 -512
61 511 511 511
511 511 511 -512
-512 511 511 511
511 511 511 220
-512 511 511 511
511 511 511 511
-512 15 511 511
511 511 511 511
-512 -512 511 511
511 511 511 511
-512 -512 511 511
