-512 -512 -512 -512
-512 -347 511 511
511 511 511 511
511 511 511 511
-512 -512 -512 -512
-512 -512 -512 463
511 511 511 511
511 511 511 511
-214 -512 -512 -512
-512 -512 -512 -512
-512 511 511 511
511 511 511 511
-512 -512 -512 -512
-512 -512 -512 -512
-512 -512 -512 -43
511 511 511 511
-512 -512 -512 -512
-512 -512 -512 -512
-512 -512 -512 -512
-407 511 511 511
-512 -512 -512 -512
-512 -512 -512 -512
-512 -512 -512 -512
511 511 511 511
293 235 -328 -512
-512 -512 -512 -512
-512 -512 322 511
511 511 511 511
511 511 511 511
-127 -512 -512 -512
-512 -512 114 511
511 511 511 511
511 511 511 511
511 511 511 511
111 -512 -512 -512
511 511 511 511
511 511 511 511
511 511 511 511
511 511 511 -17
57 511 511 511
511 511 511 511
511 511 511 511
511 511 511 511
511 -464 -512 -512
511 511 511 511
511 511 105 355
511 511 511 511
511 -123 -512 -512
511 511 511 511
511 511 -512 -512
-512 -339 511 511
511 511 -368 -512
511 511 511 511
511 511 511 123
-512 -512 -512 127
511 511 511 110
-113 511 511 511
511 511 511 511
-156 -512 -512 -512
-512 412 511 511
-512 -512 324 511
511 511 511 511
511 -512 -512 -512
-512 -409 111 337
