511 511 511 511
511 511 511 511
511 511 511 511
511 511 511 511
511 511 511 511
511 511 511 511
511 511 511 511
511 511 511 410
511 511 511 511
511 511 511 511
511 511 511 511
511 511 511 493
439 448 511 511
511 511 511 511
511 511 511 511
511 511 511 511
511 511 511 511
511 511 511 511
511 511 511 511
511 511 511 511
511 511 511 511
511 511 511 511
511 511 511 511
511 511 511 511
511 511 511 511
511 511 511 511
511 511 511 511
511 511 511 511
511 511 511 511
511 511 511 511
511 511 511 511
511 511 511 232
511 511 511 254
-155 -512 -512 -512
-512 -512 -512 -512
-512 -512 -512 -512
-512 -512 -512 -479
-458 -512 -512 -512
-512 -512 -512 -512
-512 -512 -512 -512
284 266 298 326
391 511 511 511
511 511 511 511
511 511 511 511
511 511 511 511
511 511 511 108
-512 -512 -512 -512
-512 -512 -512 -512
-512 -512 -512 -512
-512 -512 -512 -396
56 511 511 511
511 511 511 511
511 511 511 511
511 511 511 511
-512 -512 -512 -512
-512 -512 -512 -512
-512 -512 -512 -512
-512 -512 -512 -512
-512 -512 -179 281
511 511 511 511
511 511 511 511
511 511 511 511
511 511 511 131
-336 -512 -512 -348
