1 3 4 3
2 2 1 0
1 3 4 3
2 2 1 1
0 3 4 4
2 2 1 1
-1 2 3 4
3 2 1 1
-2 1 3 4
3 3 2 1
-3 0 2 4
3 3 2 1
-4 -2 1 3
4 3 2 1
-4 -3 0 2
3 3 2 1
-5 -4 -1 1
3 3 2 1
-5 -5 -3 0
2 3 2 1
-5 -5 -4 -1
1 2 2 1
-5 -6 -5 -3
0 2 2 1
-4 -6 -6 -4
-1 1 1 1
-4 -6 -7 -5
-2 0 1 1
-3 -6 -7 -6
-4 -1 0 1
-3 -5 -7 -7
-5 -2 -1 0
-2 -5 -7 -8
-6 -4 -1 0
-2 -4 -7 -8
-7 -5 -2 -1
-2 -4 -6 -8
-8 -6 -3 -1
-1 -3 -6 -8
-9 -7 -5 -2
-1 -2 -5 -7
-9 -9 -6 -3
-1 -2 -4 -7
-9 -9 -7 -4
-1 -1 -3 -6
-9 -10 -8 -6
-1 -1 -2 -5
-9 -11 -9 -7
-2 -1 -1 -4
-8 -10 -10 -8
-2 -1 -1 -3
-7 -10 -11 -9
-1 -1 0 -2
-6 -9 -11 -10
-1 -1 0 -1
-5 -8 -11 -10
-1 -1 0 0
-3 -7 -11 -11
-1 -1 0 0
-2 -6 -10 -11
0 -1 0 0
-1 -5 -10 -11
0 -1 0 1
-1 -5 -9 -11
