1 4 12 9
9 -30 -24 38
21 -46 -9 20
-23 5 0 -14
11 -13 7 45
-10 -32 23 11
0 9 -8 -7
-5 16 8 -29
-8 -19 8 7
-25 -8 6 22
12 -7 13 18
9 -7 6 8
-8 -7 1 3
-18 -13 -8 -15
-5 9 -2 -9
6 17 29 -14
15 -12 1 15
-23 -2 22 -9
-15 5 5 9
-2 -36 11 22
-23 6 21 -18
-5 30 -6 -15
-3 2 22 -3
-19 5 17 -18
18 9 -7 -1
2 -1 21 -21
-29 12 -1 2
-10 -34 -6 23
-4 6 12 -22
22 34 -6 -7
-4 2 25 3
-22 -2 -14 -3
-6 8 -20 -22
14 -4 11 9
-19 16 24 10
12 -14 -24 27
23 -13 -27 -12
23 -9 -17 -11
-23 11 16 -6
9 8 -19 26
-9 23 -16 -15
14 -4 -9 17
-6 -6 17 0
6 -6 -21 7
31 -8 -33 16
17 -14 -10 2
-11 6 9 -12
18 1 -21 15
-7 29 18 -6
-10 8 -8 -9
7 -8 -14 -16
-8 7 -10 -25
19 14 -10 19
18 6 -12 7
30 -1 -17 1
13 -9 -14 -12
-18 -12 44 -8
-46 11 15 -10
20 15 -12 1
5 20 3 -20
-7 13 7 -12
-1 -2 -24 -19
34 6 -40 10
12 10 23 -19
