0 0 0 0
0 0 0 1
0 0 0 0
0 1 1 1
0 0 0 0
0 1 1 1
0 0 0 0
1 1 2 2
0 0 0 0
1 1 2 2
0 0 0 0
1 2 2 3
0 0 0 0
1 2 2 3
0 0 0 0
0 2 2 3
1 0 0 0
0 1 2 3
1 0 0 -1
0 1 2 3
1 1 0 -1
0 1 2 3
1 1 0 -1
-1 0 1 2
1 1 -1 -2
-2 -1 1 1
1 1 -1 -2
-2 -2 0 1
1 1 -1 -2
-3 -3 -2 -1
1 1 -1 -3
-4 -4 -3 -2
1 1 -1 -3
-5 -5 -5 -3
1 1 -1 -3
-5 -6 -6 -5
2 1 -1 -3
-6 -8 -8 -6
2 2 0 -3
-6 -9 -9 -8
2 2 0 -3
-6 -9 -10 -9
2 2 1 -2
-6 -10 -11 -10
2 2 1 -2
-6 -10 -12 -11
2 3 2 -1
-6 -10 -13 -12
2 3 3 0
-5 -10 -13 -13
2 3 3 1
-4 -9 -13 -14
2 4 4 1
-3 -8 -13 -14
2 4 4 2
-3 -8 -12 -14
2 4 4 2
-2 -7 -11 -13
2 4 4 3
-1 -6 -11 -13
2 4 4 3
-1 -6 -10 -12
2 4 4 3
-1 -5 -10 -12
