-512 -512 -417 -121
156 224 135 -141
-512 -512 -512 -512
-512 -512 -512 -512
-512 -512 -512 -512
-512 -512 -512 -512
-512 -512 -471 274
511 511 511 511
511 511 511 511
511 511 428 -322
-512 -512 -512 -512
-512 -512 -512 -512
-512 -512 -512 -221
344 511 511 511
511 511 511 511
511 511 511 511
511 511 511 511
511 511 511 511
511 511 511 511
511 511 511 511
511 511 511 511
511 511 292 -351
-512 -512 -512 -512
-512 -512 -512 -512
511 511 511 511
511 511 511 511
511 511 511 511
511 511 140 -267
-512 -512 -512 -512
-512 -512 -512 -512
-512 -512 -512 -512
-512 -512 -512 -411
9 71 144 272
383 477 511 511
449 310 102 -123
-365 -512 -512 -512
-512 -336 -6 405
511 511 511 511
511 511 511 511
511 511 511 511
511 511 511 511
511 511 511 511
511 511 511 511
511 511 511 511
511 511 511 511
511 511 511 511
511 511 511 511
511 511 511 511
511 511 511 511
511 511 511 511
511 511 511 511
511 511 511 511
511 511 511 511
511 62 -512 -512
-512 -512 -512 -512
-512 -512 -512 -512
511 511 511 511
511 511 511 511
511 511 511 511
511 511 511 508
-512 -512 -512 -512
-512 -512 -512 -512
-512 -512 -512 -285
72 305 302 192
