-493 -512 -512 -512
-512 -512 -512 -512
-512 -512 -432 -292
-210 -200 -227 -310
-382 -436 -435 -380
-255 -58 171 392
511 511 511 511
511 399 254 123
-512 -512 -512 -512
-512 -512 -512 -512
-512 -512 -512 -396
-293 -336 -447 -512
-512 -512 -512 -512
-512 -130 348 511
511 511 511 511
511 511 504 244
-512 -512 -512 -512
-512 -512 -512 -512
-512 -512 -512 -297
-203 -326 -512 -512
-512 -512 -512 -512
-512 -216 493 511
511 511 511 511
511 511 511 359
-512 -512 -512 -512
-512 -512 -512 -512
-512 -512 -138 138
121 -179 -512 -512
-512 -512 -512 -512
-512 -336 511 511
511 511 511 511
511 511 511 420
-512 -512 -512 -512
-512 -512 -512 -512
-512 -8 511 511
511 62 -512 -512
-512 -512 -512 -512
-512 -481 511 511
511 511 511 511
511 511 511 455
-512 -512 -512 -512
-512 -512 -512 -512
-3 511 511 511
511 291 -512 -512
-512 -512 -512 -512
-512 -512 511 511
511 511 511 511
511 511 511 425
-512 -512 -512 -512
-512 -512 -512 -512
511 511 511 511
511 499 -512 -512
-512 -512 -512 -512
-512 -512 511 511
511 511 511 511
511 511 432 173
-512 -512 -512 -512
-512 -512 -512 231
511 511 511 511
511 511 -512 -512
-512 -512 -512 -512
-512 -512 511 511
511 511 511 511
442 5 -236 -182
-512 -512 -512 -512
-512 -512 -512 511
511 511 511 511
511 493 -512 -512
-512 -512 -512 -512
-512 -512 386 511
511 511 511 -57
-512 -512 -512 -512
-512 -512 -512 -512
-512 -512 451 511
511 511 511 511
511 205 -512 -512
-512 -512 -512 -512
-512 -512 233 511
511 276 -456 -512
-512 -512 -512 -512
-512 -512 -512 -512
-512 -512 511 511
511 511 511 511
511 -314 -512 -512
-512 -512 -512 -512
-512 -512 87 363
134 -468 -512 -512
-512 -512 -512 -512
-512 -512 -512 -512
-512 358 511 511
511 511 511 511
511 -512 -512 -512
-512 -512 -512 -512
-512 -512 -69 109
-239 -512 -512 -512
-512 -512 -512 -512
-512 -512 -512 -512
-512 511 511 511
511 511 511 511
298 -512 -512 -512
-512 -512 -512 -512
-512 -512 -424 -220
-512 -512 -512 -512
-512 -512 -512 -512
-512 -512 -512 -512
-512 511 511 511
511 511 511 511
-512 -512 -512 -512
-512 -512 -512 -512
-512 -512 -512 -344
-512 -512 -512 -512
-512 -512 -512 -512
-512 -512 -512 -512
-466 511 511 511
511 511 511 85
-512 -512 -512 -512
-512 -512 -512 -512
-512 -512 -512 -311
-510 -512 -512 -512
-512 -512 -512 -512
-512 -512 -512 -512
-324 511 511 511
511 511 94 -512
-512 -512 -512 -512
-512 -512 -512 -512
-512 -512 -262 -131
-449 -512 -512 -512
-512 -512 -512 -512
-512 -512 -512 -512
-160 511 511 511
511 35 -512 -512
-512 -512 -512 -512
-512 -512 -512 -512
-512 -257 257 245
-205 -512 -512 -512
-512 -512 -512 -512
-512 -512 -512 -512
1 511 511 511
34 -512 -512 -512
-512 -512 -512 -512
-512 -512 -512 -512
-451 511 511 511
204 -512 -512 -512
-512 -512 -512 -512
-512 -512 -512 -512
-59 301 263 -205
-512 -512 -512 -512
-512 -512 -512 -512
-512 -512 -512 -512
34 511 511 511
511 -118 -512 -512
-512 -512 -512 -512
-512 -512 -512 -512
-291 -237 -512 -512
-512 -512 -512 -512
-512 -512 -512 -512
-512 -512 -512 -512
359 511 511 511
511 322 -159 -467
-512 -512 -459 -253
-512 -512 -512 -512
-512 -512 -512 -512
-512 -512 -512 -512
-512 -512 -512 -512
-512 -512 -512 -512
437 511 511 511
511 511 461 264
148 101 66 32
-512 -512 -512 -512
-512 -512 -512 -512
-512 -512 -512 -512
-512 -512 -512 -512
-512 -512 -512 -512
269 511 511 511
511 511 511 511
511 511 511 308
-512 -512 -512 -512
-512 -512 -512 -512
-512 -512 -512 -512
-512 -512 -512 -512
-512 -512 -512 -512
-104 511 511 511
511 511 511 511
511 511 511 511
-512 -512 -512 -512
-512 -512 -512 -512
-512 -512 -512 -512
-512 -512 -512 -512
-512 -512 -512 -512
-512 226 511 511
511 511 511 511
511 511 511 511
-512 -512 -512 -512
-507 -512 -512 -512
-512 -512 -512 -512
-512 -512 -512 -512
-512 -512 -512 -512
-512 -79 511 511
511 511 511 511
511 511 511 511
-398 -256 14 313
506 484 265 -186
-512 -512 -512 -512
-512 -512 -512 -512
-512 -512 -512 -512
-512 -132 511 511
511 511 511 511
511 511 511 511
511 511 511 511
511 511 511 511
354 -512 -512 -512
-512 -512 -512 -512
-512 -512 -512 -512
-512 -34 511 511
511 511 511 511
511 511 511 511
511 511 511 511
511 511 511 511
511 511 -512 -512
-512 -512 -512 -512
-512 -512 -512 -512
-512 229 511 511
511 511 511 511
511 511 511 511
511 511 511 511
511 511 511 511
511 511 284 -512
-512 -512 -512 -512
-512 -512 -512 -512
-439 511 511 511
511 511 511 511
511 511 511 511
511 511 511 511
511 511 511 511
511 511 511 -468
-512 -512 -512 -512
-512 -512 -512 -512
35 511 511 511
511 511 511 511
511 511 511 511
511 511 511 511
511 511 511 511
511 511 511 -96
-512 -512 -512 -512
-512 -512 -512 -512
427 511 511 511
511 511 511 511
511 511 511 486
511 511 511 511
511 511 511 511
511 511 511 105
-512 -512 -512 -512
-512 -512 -512 -443
511 511 511 511
511 511 511 511
511 511 511 429
