-451 192 511 511
511 511 511 511
-512 -512 511 511
511 511 511 511
-351 -512 -512 511
511 511 511 511
-512 -512 -512 -86
511 511 511 511
-512 -512 -512 -512
-315 511 511 -512
-512 -512 -512 -512
-512 -512 -512 -512
-512 -512 -512 -512
-512 511 511 -512
-512 -512 -512 -512
-512 511 511 511
-54 -512 -512 -512
-512 -512 511 511
-512 -512 50 475
-512 -512 511 511
-512 -512 -512 511
511 485 511 511
-429 -512 -512 511
511 511 511 511
511 358 -512 -512
511 511 511 511
511 511 -448 -512
145 511 511 511
511 511 511 429
-512 511 511 511
511 511 511 511
-512 -512 511 511
