-512 -512 -512 -512
-512 473 511 511
511 511 511 511
511 511 511 511
-512 -512 -512 -512
-512 -153 511 511
511 511 511 511
511 511 511 511
-512 -512 -512 -512
-512 -512 339 511
511 511 511 511
511 511 511 511
-512 -512 -512 -512
-512 -512 -512 511
511 511 511 511
511 511 511 511
-474 -512 -512 -512
-512 -512 -512 -512
511 511 511 511
511 511 511 511
-474 -512 -512 -512
-512 -512 -512 -512
-512 511 511 511
511 511 511 511
-512 -512 -512 -512
-512 -512 -512 -512
-512 -512 354 511
511 511 511 511
-512 -512 -512 -512
-512 -512 -512 -512
-512 -512 -512 -75
511 511 511 494
-512 -512 -512 -512
-512 -512 -512 -512
-512 -512 -512 -512
-142 452 249 -170
-512 -512 -512 -512
-512 -512 -512 -512
-512 -512 -512 -512
-512 -140 -372 -512
-512 -512 -512 -512
-512 -512 -512 -512
-512 -512 -512 -512
-512 -135 -472 -512
-512 -512 -512 -512
-512 -512 -512 -512
-512 -512 -512 -512
185 434 -59 -512
-512 -512 -512 -512
-512 -512 -512 -512
-512 -512 -512 294
511 511 511 85
-390 -512 -512 -512
-512 -512 -512 -512
-512 -512 -78 511
511 511 511 511
189 57 -512 -512
-512 -512 -512 -512
-512 -512 -28 511
511 511 511 511
511 511 284 -308
-512 -512 -512 -512
-512 -512 -460 511
511 511 511 511
511 511 476 116
-282 -512 -512 -512
-512 -512 -512 79
511 511 511 511
312 345 27 -83
-49 85 -31 -354
-512 -512 -512 -505
511 511 511 511
3 -200 -512 -464
5 511 511 511
314 -501 -512 -512
511 511 511 511
-147 -485 -512 -512
145 511 511 511
511 511 -200 -512
511 511 511 511
-157 -512 -512 -512
-239 511 511 511
511 511 511 371
511 511 511 511
112 -209 -512 -512
-512 336 511 511
511 511 511 511
511 511 511 511
511 511 45 -512
-512 -512 511 511
511 511 511 511
511 511 511 511
511 511 511 53
-512 -512 -512 511
511 511 511 511
511 511 35 -406
511 511 511 511
-457 -512 -512 -512
511 511 511 511
511 511 172 -512
511 511 511 511
511 -512 -512 -512
-88 511 511 511
511 511 511 358
511 511 511 511
511 -113 -512 -512
-512 511 511 511
511 511 511 511
511 511 511 511
511 511 -512 -512
-512 -354 511 511
511 511 511 511
511 511 511 511
511 511 511 -117
-512 -512 366 511
511 511 511 511
511 511 511 511
511 511 511 511
-189 -512 -512 511
511 511 511 511
511 511 511 511
511 511 511 511
293 -512 -512 -331
511 511 511 511
193 511 511 511
511 511 511 511
511 -512 -512 -512
511 511 511 511
