-415 -512 -512 -512
-512 -512 -512 -512
-512 -512 -512 -512
-280 497 511 511
511 511 511 511
511 511 511 511
511 511 511 511
511 511 511 511
-153 -333 -510 -512
-512 -512 -512 -512
-512 -512 -512 -512
-512 -512 -512 -512
-512 -512 -512 -385
317 511 511 511
511 511 511 511
511 511 511 511
-512 -512 -512 -512
-512 -512 -512 -512
-512 -512 -512 -512
-512 -512 -512 -512
-512 -512 -512 -512
-512 -512 -512 -512
-512 -111 408 511
511 511 511 511
362 511 511 511
511 359 -77 -486
-512 -512 -512 -512
-512 -512 -512 -512
-512 -512 -512 -369
161 511 511 511
511 511 511 511
511 511 511 511
511 511 511 511
511 511 511 511
511 511 511 511
511 511 511 511
511 494 67 -381
-512 -512 -512 -512
34 511 511 511
511 511 511 511
511 511 511 511
511 511 511 511
511 511 511 511
511 511 511 511
511 511 511 511
511 511 511 511
511 511 -122 -512
-512 -512 -512 -512
511 511 511 511
511 511 511 511
511 511 511 511
407 -512 -512 -512
-512 -512 -512 -497
411 511 511 511
511 511 511 511
304 -512 -512 -512
-173 -124 104 511
511 511 511 511
511 511 511 511
511 511 511 511
511 -355 -512 -512
-512 -512 -512 -512
-512 -512 12 476
511 511 511 511
