202 412 511 511
511 511 511 511
511 511 511 511
511 511 511 511
166 250 148 -45
-352 -512 -512 -512
-512 -242 511 511
511 511 511 511
-58 -210 -512 -512
-512 -512 -512 -512
-512 477 511 511
511 511 511 511
392 511 478 184
-147 -444 -302 438
511 511 511 511
511 511 -512 -512
-316 -512 -512 -512
-512 -512 -512 -512
-512 169 511 511
511 -512 -512 -512
-512 -512 -512 -512
-512 -512 -512 -512
511 511 511 511
511 511 -460 -512
-512 -512 -512 -512
-512 -512 -512 -512
-512 337 511 511
511 511 511 511
67 151 54 -159
-512 -512 -512 -512
-512 -512 -512 -512
-289 511 511 511
