451 511 511 511
511 511 511 511
511 511 511 511
511 511 511 511
511 511 511 511
511 511 511 511
271 153 -390 -512
-512 -512 511 511
12 -262 -512 -512
-512 -77 511 511
335 291 40 -96
511 511 511 511
511 511 511 511
511 511 511 511
511 511 511 511
511 511 511 -512
511 508 -512 -512
-85 511 -512 -512
-417 -512 -512 -512
70 511 -512 -512
-512 -512 -512 -512
511 511 511 -512
-512 -512 -512 -512
511 511 511 -512
-512 -512 -512 -512
511 511 511 -512
-512 -512 -512 -512
511 511 511 -512
-512 -512 -512 -512
-512 511 511 511
-257 -512 -512 -512
-512 511 511 511
