61 147 211 248
298 376 402 441
472 494 511 511
511 511 511 511
511 511 511 511
511 511 511 511
511 511 511 511
511 511 511 511
144 307 433 511
511 511 511 511
511 511 511 511
511 511 511 511
511 511 511 511
511 511 511 511
511 511 511 511
511 511 511 511
165 335 463 511
511 511 511 511
442 332 200 86
-24 -106 -103 -38
109 316 511 511
511 511 511 511
511 511 511 511
511 511 511 511
10 -2 -32 -139
-251 -384 -512 -512
-512 -512 -512 -512
-512 -512 -512 -512
-512 -512 -512 -512
-512 -132 498 511
511 511 511 511
511 511 511 511
-45 -114 -201 -374
-512 -512 -512 -512
-512 -512 -512 -512
-512 -512 -512 -512
-512 -512 -512 -267
351 511 511 511
511 511 511 511
511 511 511 511
75 127 142 52
-30 -96 -225 -316
-434 -512 -512 -512
-512 -512 -366 50
511 511 511 511
511 511 511 511
511 511 511 511
511 511 511 -74
228 403 511 511
511 487 410 303
164 8 -161 -229
-197 -77 333 511
511 511 511 511
511 511 511 511
511 511 511 511
444 -512 -512 -512
50 14 9 -86
-175 -312 -374 -485
-512 -512 -512 -512
-512 -512 -512 -280
171 511 511 511
511 511 511 511
511 511 476 -512
-512 -512 -512 -512
-95 -285 -408 -512
-512 -512 -512 -512
-512 -512 -512 -512
-512 -512 -512 -512
-512 -512 -199 461
511 511 511 511
511 511 -512 -512
-512 -512 -512 -512
-272 -512 -512 -512
-512 -512 -512 -512
-512 -512 -512 -512
-512 -512 -512 -512
-512 -512 -218 511
511 511 511 511
511 511 109 -512
-512 -512 -512 -512
-273 -512 -512 -512
-512 -512 -512 -512
-512 -512 -512 -512
-512 -512 -512 -512
-286 511 511 511
511 511 511 511
511 511 511 511
-91 -512 -512 -512
-512 -512 -512 -512
-512 -512 -512 -512
-512 -512 -512 -512
-512 -512 -512 -83
511 511 511 511
511 511 511 511
511 511 511 511
511 511 11 -372
-512 -512 -512 -512
-512 -512 -512 -512
-512 -512 -512 -512
-512 -512 -512 -512
-512 -100 464 511
511 511 511 511
511 511 511 511
511 511 511 511
-307 -512 -512 -512
-512 -512 -512 -512
-512 -512 -512 -512
-512 -512 -512 -512
-512 -512 -512 -512
-512 -512 -512 -512
-512 -469 259 511
511 511 511 511
17 67 95 99
88 51 -107 -252
-464 -512 -512 -512
-512 -512 -512 -512
-512 -512 -512 -512
-512 -512 -512 -512
-512 -41 511 511
511 511 511 511
127 280 397 477
511 511 469 375
221 20 -212 -466
-512 -512 -512 -512
-512 -512 -512 -512
-512 -512 -512 -512
54 511 511 511
511 511 511 511
