231 340 294 58
-329 -512 -512 -512
-512 -512 -512 -512
-512 -512 -512 -512
-512 -512 -512 -512
-512 -512 -512 -512
-512 -512 -402 -22
231 390 445 480
59 -59 -388 -512
-512 -512 -512 -512
-512 -512 -512 -512
-512 -512 -512 -512
-512 -512 -512 -512
-512 -512 -512 -512
-512 -512 -512 115
511 511 511 511
-512 -512 -512 -512
-512 -512 -512 -512
-512 -512 -512 -512
-61 457 467 50
-512 -512 -512 -512
-512 -512 -512 -512
-512 -512 -512 203
511 511 511 511
-512 -512 -512 -512
-512 -512 -512 -512
-512 -512 -512 184
511 511 511 511
-163 -512 -512 -512
-512 -512 -512 -512
-512 -512 -292 37
23 -198 -512 -512
-512 -512 -512 -512
-512 -512 -512 -512
-512 -512 414 511
511 511 511 511
235 -512 -512 -512
-512 -512 -512 -512
-512 -266 -136 -460
-512 -512 -512 -512
-512 -512 -512 -512
-512 -512 -512 -512
-512 511 511 511
511 511 511 511
142 -512 -512 -512
-512 -512 -512 -512
-193 5 -269 -512
-512 -512 -512 -512
-512 -512 -512 -512
-512 -512 -512 -512
363 511 511 511
511 511 511 511
-281 -512 -512 -512
-512 -512 -512 -512
-512 -512 -512 -512
-512 -512 -512 -512
-512 -512 -512 -512
-512 -512 -512 278
511 511 511 511
511 511 511 -474
-512 -512 -512 -512
-512 -512 -512 -512
-512 -512 -512 -512
-512 -512 -512 -512
-512 -512 -512 -512
-512 -512 511 511
511 511 511 511
511 511 -512 -512
-512 -512 -512 -512
-512 -512 -512 -512
-512 -512 -512 -512
-512 -512 -512 -512
-453 -512 -512 -354
261 511 511 511
511 511 511 511
101 -512 -512 -512
-512 -512 -512 -512
-512 -512 -512 -512
-512 -512 -512 -512
-512 -512 -512 -512
-125 -119 69 429
511 511 511 511
511 511 511 31
-512 -512 -512 -512
-512 -512 -512 -512
-512 -512 -512 -512
-512 -512 -512 -512
-512 -512 -512 -512
-94 -77 81 387
511 511 511 511
511 511 511 -16
-512 -512 -512 -512
-512 -512 -512 -512
-512 -512 -512 -512
-512 -512 -512 -512
-512 -433 -1 264
-162 -189 -78 238
511 511 511 511
511 511 511 511
511 -312 -512 -512
-512 -512 -512 -512
-512 -512 -512 -512
-512 -512 -512 -512
-141 511 511 511
-154 -129 38 472
511 511 511 511
511 511 511 511
511 511 511 -512
-512 -512 -512 -512
-512 -512 -512 -512
-512 -512 -476 351
511 511 511 511
-68 74 353 511
511 511 511 511
511 511 511 511
511 511 511 511
-485 -512 -512 -512
-512 -512 -512 -512
-102 511 511 511
511 511 511 511
24 276 511 511
511 511 511 511
511 511 511 511
511 511 511 511
236 -512 -512 -512
-512 -512 -186 511
511 511 511 511
511 511 511 511
