511 511 511 511
511 511 511 511
511 511 511 511
511 511 511 511
511 511 511 511
511 511 511 511
511 511 511 511
511 511 511 511
511 511 511 511
511 511 511 511
511 511 511 511
511 511 511 511
511 171 -311 -346
332 511 511 511
-253 -512 -512 -512
230 511 511 511
-336 -509 -512 -373
511 511 511 511
307 207 122 511
511 511 511 511
511 511 511 511
511 511 511 511
511 511 511 511
511 511 511 448
511 511 511 511
511 511 511 -512
511 511 511 511
511 511 511 -512
511 511 511 511
511 511 -458 -512
511 511 -222 -145
511 511 -512 -512
406 -512 -512 -512
-253 -414 -512 -512
-512 -512 -512 -512
-512 -512 -512 -512
-512 -512 -512 -512
-271 -512 -512 -512
-512 -512 -512 -512
489 -98 -512 -512
-512 -512 -512 426
511 511 -512 -512
-512 -512 362 511
511 511 -512 -512
-279 99 511 511
511 511 -512 -512
-165 203 511 511
511 511 -512 -512
-512 -260 511 511
511 511 -512 -512
-512 -512 511 511
511 511 -512 -512
-512 -512 311 511
511 511 -512 -512
-512 -512 -232 511
511 511 -512 -512
-512 -512 -512 511
511 511 511 -512
-512 -512 -512 511
511 511 511 266
-512 -512 -512 511
511 511 511 511
-512 -512 -512 492
511 511 511 511
