511 511 511 511
511 511 511 511
511 511 511 511
511 511 511 511
511 511 -23 -512
-512 -512 -512 -512
-512 -512 -512 -409
-153 39 103 80
511 511 511 511
511 511 511 511
511 511 511 511
511 511 511 511
511 511 511 511
-201 -512 -512 -512
-512 -512 -512 -512
-512 -512 -409 -181
511 511 511 511
511 511 511 511
511 511 511 511
511 511 511 511
511 511 511 511
511 511 430 -329
-512 -512 -512 -512
-512 -512 -512 -406
137 159 152 168
193 303 451 511
511 511 511 511
511 511 511 511
511 511 511 511
511 511 511 511
511 2 -452 -512
-512 -512 -512 -370
-512 -512 -512 -512
-512 -512 -512 -512
-350 -88 121 306
486 511 511 511
511 511 511 511
511 511 511 511
377 47 -335 -512
-512 -512 -512 -400
-512 -512 -512 -512
-512 -512 -512 -512
-512 -512 -512 -484
-310 -151 26 109
201 234 237 238
207 178 73 -111
-400 -512 -512 -512
-512 -512 -512 -512
-512 -512 -512 -512
-512 -512 -512 -512
-512 -512 -512 -512
-64 511 511 511
511 511 511 511
511 511 511 511
259 -406 -512 -512
-512 -512 -512 -512
-512 -512 -512 -512
-512 -512 -512 -512
-512 -512 -512 -512
-354 334 511 511
511 511 511 511
511 511 511 511
511 511 511 321
-158 -479 -499 -321
-143 -163 -307 -398
-512 -512 -512 -442
-395 -303 -210 -76
60 313 511 511
511 511 511 511
511 511 511 511
511 511 511 511
511 511 511 511
-264 -188 -184 -15
222 511 511 511
511 511 511 511
511 511 511 511
511 511 511 511
511 511 511 511
511 511 511 511
511 511 511 511
-512 -512 -512 -512
-421 228 511 511
511 511 511 511
511 511 511 511
511 511 511 511
511 511 511 511
511 511 511 511
511 511 511 511
266 149 -128 -393
-512 -466 -152 399
511 511 511 511
511 511 511 511
511 511 511 511
511 511 313 -167
-359 -295 -107 146
377 461 437 262
511 511 511 511
511 -362 -512 -512
-512 -512 -430 511
511 511 511 511
511 511 511 511
511 511 511 511
68 -512 -512 -512
-512 -512 -512 -407
511 511 511 511
511 511 292 -512
-512 -512 -512 -512
-512 -466 511 511
511 511 511 511
511 511 511 511
511 511 511 173
-170 -375 -332 -241
511 511 511 511
511 511 511 511
511 402 -486 -512
-512 -512 -512 -512
-512 210 511 511
511 511 511 511
511 511 511 511
511 470 229 40
511 511 511 511
511 511 511 511
511 511 511 99
-512 -512 -512 -512
-512 -512 -512 -512
-512 491 511 511
511 511 511 511
511 511 511 272
