12 5 16 14
-19 -24 11 11
1 -4 -19 -2
15 -1 -3 25
-31 -39 17 -6
2 7 14 0
-16 -9 14 29
-3 -8 -52 -11
7 42 0 -17
-12 -6 34 6
-18 1 4 25
-13 -37 24 36
-12 24 24 -9
-15 1 -8 2
-12 -27 7 6
-7 3 14 4
-38 -24 21 -22
24 -1 -2 7
8 0 -2 21
-23 23 -23 -40
9 38 -6 6
-20 -8 6 26
19 -3 -5 -10
7 -16 34 16
15 -19 19 -7
5 -3 -3 -20
-35 -23 3 27
-5 -2 -30 32
-13 -25 -15 8
10 -6 26 2
-2 20 -4 17
8 -22 -28 -7
25 11 -9 15
-18 -8 10 13
19 19 -10 -28
14 1 16 18
0 -25 37 -1
8 -12 -25 -28
-18 -11 -16 -7
-2 52 -18 -12
-16 7 -25 -7
8 15 13 6
14 25 11 -5
-8 -12 13 -26
19 16 -5 -25
5 17 1 4
5 2 17 3
-25 -4 17 17
-6 -1 4 -1
25 -6 -37 -31
-22 -24 -10 10
-2 18 6 -17
4 -1 -34 2
26 -8 0 23
48 35 -19 -14
-2 5 18 -27
23 -22 -3 13
-1 7 -27 9
29 0 -2 -32
10 27 -7 0
16 -19 -3 5
22 -9 -9 -50
-43 0 -12 12
4 7 -14 8
16 -2 -30 3
-7 16 27 12
24 44 11 -26
1 -12 7 1
5 -17 -1 3
2 14 -14 -17
3 14 6 -29
0 29 -2 -19
-6 13 7 2
26 -28 -21 -32
-13 6 -37 -6
-2 37 28 -30
13 8 -29 -5
-6 35 -12 34
48 8 29 -28
-7 -8 18 -4
-3 -19 -3 -17
33 6 -18 -12
-10 -15 5 30
-18 0 -18 -5
11 24 -19 14
11 -15 -17 -16
-14 -13 -16 7
13 -15 25 8
15 -14 -9 7
-10 10 0 32
47 20 4 -33
5 13 -3 -2
-22 -22 5 14
8 -13 2 -22
-14 13 -16 -5
13 17 -16 -32
21 20 6 5
-27 6 12 -19
-29 -2 10 -12
6 -9 12 33
2 -9 8 -11
-24 28 20 18
8 6 32 -9
-9 -8 -17 14
-36 3 -10 5
16 -9 3 -16
-20 -3 -7 23
6 -17 -1 -31
14 32 18 3
-14 -19 -20 23
19 -26 -17 -7
4 11 28 20
-13 1 -9 2
-5 14 -9 28
18 -23 18 10
3 -24 -6 -1
-30 -5 2 -9
16 -9 16 -5
-26 -14 0 49
-5 -31 -21 -3
29 26 18 5
-52 17 3 14
-8 -28 27 -17
8 -16 9 57
-30 -6 12 10
-13 -11 26 -2
-10 15 -7 -1
11 0 -11 -21
