-512 -512 -512 -512
-512 -512 -512 -512
-423 -218 12 260
496 511 511 511
511 511 511 511
511 511 511 511
511 511 511 511
511 511 511 511
511 511 511 511
511 511 511 511
511 511 511 511
511 511 511 511
511 511 511 511
511 511 511 511
511 511 511 511
511 511 511 511
-512 -512 -512 -512
-512 -512 -512 -512
-512 -512 -512 -512
-512 -405 -243 -32
145 365 511 511
511 511 511 511
511 511 511 511
511 511 511 511
511 511 511 511
511 511 511 511
511 511 511 511
511 511 511 511
511 511 511 511
511 511 511 511
511 511 511 511
511 511 511 511
-512 -512 -512 -512
-512 -512 -512 -512
-512 -512 -512 -512
-512 -512 -512 -512
-512 -512 -512 -512
-512 -512 -512 -512
-496 -166 121 419
511 511 511 511
511 511 511 511
511 511 511 511
511 511 511 511
511 511 511 511
511 511 511 511
511 511 511 511
511 511 511 511
511 511 511 511
-512 -512 -512 -512
-512 -512 -512 -512
-512 -512 -512 -512
-512 -512 -512 -512
-512 -512 -512 -512
-512 -512 -512 -512
-512 -512 -512 -512
-512 -512 -512 -512
-512 -512 -384 -177
77 280 490 511
511 511 511 511
511 511 511 511
511 511 511 511
511 511 511 511
511 511 511 511
511 511 511 511
-512 -512 -512 -512
-512 -512 -512 -512
-512 -512 -512 -512
-512 -512 -512 -512
-512 -512 -512 -512
-512 -512 -512 -512
-512 -512 -512 -512
-512 -512 -512 -512
-512 -512 -512 -512
-512 -512 -512 -512
-512 -512 -512 -512
-367 -126 93 302
502 511 511 511
511 511 511 511
511 511 511 462
370 246 157 142
-512 -512 -512 -512
-512 -512 -512 -512
-512 -512 -512 -512
-512 -512 -512 -512
-512 -512 -512 -512
-512 -512 -512 -512
-512 -512 -512 -512
-512 -512 -512 -512
-512 -512 -512 -512
-512 -512 -512 -512
-468 -337 -210 -53
128 303 452 511
511 511 511 511
511 511 511 511
511 417 224 60
-56 -204 -310 -326
-512 -512 -512 -512
-512 -512 -512 -512
-512 -512 -512 -512
-512 -512 -512 -512
-512 -512 -512 -512
-512 -512 -512 -512
-512 -512 -512 -512
-512 -512 -512 -512
-490 -244 -32 160
392 511 511 511
511 511 511 511
511 511 511 511
511 511 511 511
511 511 511 511
511 511 511 511
511 511 511 511
-7 2 -81 -196
-269 -396 -512 -512
-512 -512 -512 -512
-512 -512 -512 -512
-512 -512 -512 -512
-512 -512 -512 -512
-512 -512 -512 -512
-512 -512 -512 -512
-409 -204 -12 177
387 511 511 511
511 511 511 511
511 511 511 511
511 511 511 511
511 511 511 511
511 511 511 511
511 511 511 511
511 511 511 511
511 511 511 511
406 316 192 108
137 69 -1 21
45 25 -4 -19
23 2 -59 -121
-155 -214 -254 -300
-323 -376 -437 -424
-473 -491 -507 -486
-475 -437 -389 -275
-173 -20 154 416
511 511 511 511
511 511 511 511
511 511 511 511
511 511 511 511
511 511 511 511
485 511 477 406
420 407 358 370
399 467 508 511
511 511 511 511
511 511 511 511
511 511 511 511
511 511 511 511
511 511 511 511
511 511 511 482
248 70 -115 -255
-373 -445 -479 -407
-302 -109 141 492
511 511 511 511
511 511 511 511
511 511 511 511
511 511 511 511
511 511 511 484
435 391 320 309
302 345 386 482
511 511 511 511
511 511 511 511
511 511 511 511
511 511 511 511
511 511 511 511
511 511 511 511
511 511 511 511
511 511 511 511
498 309 166 98
103 161 268 456
511 511 511 511
511 511 511 511
511 511 511 511
511 511 511 511
511 511 511 511
511 376 160 -15
-189 -294 -338 -348
-335 -253 -110 82
269 503 511 511
511 511 511 511
511 511 511 511
511 511 511 511
511 511 511 511
511 511 511 511
511 511 511 511
511 511 511 453
234 24 -130 -270
-360 -428 -438 -454
-451 -441 -437 -420
511 511 511 511
511 511 511 511
511 511 511 511
334 -123 -506 -512
-512 -512 -512 -512
-512 -512 -512 -512
-512 -512 -512 -512
-124 256 511 511
511 511 511 511
511 511 511 511
511 511 511 511
511 511 511 511
511 511 511 511
511 511 511 511
245 10 -185 -366
-512 -512 -512 -512
511 511 511 511
511 511 511 511
511 511 511 511
511 511 511 490
-69 -512 -512 -512
-512 -512 -512 -512
-512 -512 -512 -512
-512 -512 -512 -512
-512 -512 -436 -11
447 511 511 511
511 511 511 511
511 511 511 511
511 511 511 511
511 511 511 511
511 511 511 511
511 511 511 511
511 511 511 511
511 511 511 511
511 511 511 511
511 511 511 511
511 511 511 511
511 511 511 230
-167 -512 -512 -512
-512 -512 -512 -512
-512 -512 -512 -512
-512 -512 -512 -512
-512 -349 11 311
511 511 511 511
511 511 511 511
511 511 511 511
511 511 511 511
511 511 511 511
511 511 511 511
511 511 511 511
511 511 511 511
511 511 511 511
511 511 511 511
511 511 511 511
511 511 511 238
-344 -512 -512 -512
-512 -512 -512 -512
-512 -512 -512 -512
-512 -512 -512 -512
-512 -512 -512 -172
190 511 511 511
511 511 511 511
511 511 511 511
511 511 511 511
