511 511 -512 511
511 511 -512 511
511 511 -512 511
511 511 -512 511
511 511 -512 511
285 -512 -512 511
-417 -512 -512 511
-512 -512 -512 511
-512 -512 -512 511
-512 -512 -512 511
-512 -512 -512 180
-512 -512 -512 -77
-512 -512 -512 -260
-512 -512 -512 -399
-512 -512 -512 -471
-512 -512 -512 -488
-512 -512 -512 -453
-512 -512 -512 -512
-512 -184 -512 -512
-512 511 -512 -512
-512 511 -512 -512
-512 511 -512 -512
-512 511 -512 -512
-512 511 -512 -512
-512 511 -512 -512
-476 511 -512 -512
-149 511 -512 -512
28 -90 -512 -512
199 -512 -512 -512
288 -512 -512 -512
346 -512 -512 -512
352 -512 -512 -512
