10 12 -23 -3
-6 17 -3 -14
-4 8 7 17
-16 -4 -15 14
-18 14 6 13
-12 -9 0 8
24 -7 -21 -5
-1 24 -3 -5
-17 13 -7 22
-15 -12 20 -16
33 -16 -15 -9
-8 29 -16 4
28 -7 -23 -23
18 22 13 -30
-14 4 33 8
-7 -33 -6 26
-9 -2 39 -22
4 -25 -21 32
10 -1 -12 -16
26 -7 25 -28
12 -5 -8 -12
8 11 1 -5
-12 5 11 3
-4 -17 2 10
-5 -21 32 9
-12 -9 -4 33
-14 20 -28 -27
26 5 9 -7
11 -19 13 -24
12 15 -24 31
-38 20 -2 -3
8 -30 22 -2
15 12 -25 -17
12 19 -13 -2
-12 -2 24 28
-26 -17 7 6
-13 0 19 25
-26 -34 8 11
22 -2 -20 -18
13 31 -6 -18
7 -17 2 11
-3 -9 25 -11
-1 0 4 -18
7 1 -6 9
2 8 -19 -12
22 7 6 -13
8 -25 22 11
-24 -11 13 6
6 7 -14 -12
10 2 -4 -6
1 -12 18 13
-17 -10 7 -1
-16 7 13 51
-47 -38 17 4
31 5 -29 -14
10 56 -25 -15
13 10 -50 22
-11 24 18 -35
-7 -1 15 24
-38 9 -29 28
-15 15 -2 -9
14 11 -22 24
2 -14 -8 15
-19 0 23 -8
