0
0
0
0
0
0
0
0
0
0
0
0
0
0
0
0
0
0
-122
0
0
0
0
0
0
0
0
0
0
0
0
0
0
0
0
0
0
0
0
0
182
0
0
0
0
0
0
0
0
0
0
0
0
0
0
0
0
0
0
0
0
0
0
0
0
0
0
0
0
0
0
0
0
0
0
0
0
0
0
0
0
0
0
0
-168
0
0
0
0
0
0
0
-120
110
0
0
0
0
0
144
0
0
0
0
0
0
0
0
0
0
0
0
0
0
-113
0
0
0
0
0
0
0
0
0
0
0
0
0
0
0
0
0
0
0
0
0
0
0
0
0
0
0
0
-101
0
0
1
0
0
229
0
0
0
0
0
0
0
0
0
0
0
-4
0
0
0
237
0
0
0
0
0
0
0
0
0
0
0
-53
0
0
0
0
0
0
0
0
0
0
0
0
0
0
0
0
0
0
0
0
0
0
0
0
0
-223
0
0
0
-103
0
0
0
0
0
0
0
0
0
0
0
0
0
0
0
0
0
4
0
0
0
0
0
0
0
0
0
0
0
0
0
0
0
0
0
0
0
0
0
0
0
0
0
0
0
0
0
0
