7 33 17 -23
-24 2 -10 -16
21 -5 -17 -9
2 -8 24 27
-20 -1 -11 7
-3 9 5 34
11 -34 16 -21
-37 -15 33 -17
4 -1 -36 -19
30 18 7 29
12 -24 -7 -10
-13 -11 -16 6
40 27 -18 -5
-12 0 13 -5
-22 -12 -5 -17
34 37 12 -11
-14 3 2 -3
-6 -18 -2 26
15 16 6 -14
-7 24 11 -6
-4 -33 -16 3
-3 -15 7 -2
5 32 -3 -9
1 6 4 35
20 -12 5 -5
-30 3 10 -22
-7 32 -5 19
27 -3 -8 6
-6 -30 3 -30
-7 6 18 16
13 9 -15 21
-13 0 -16 0
2 -19 8 8
-4 27 20 -17
-9 11 -34 -2
6 -29 -15 24
16 -5 45 4
-5 -6 7 -14
-27 -6 -10 18
-10 24 -1 -7
-22 21 20 4
12 -4 -22 -5
2 -1 -19 -17
0 9 -5 6
11 -21 21 48
9 -22 7 -15
-25 25 7 -20
-20 1 -9 9
11 24 -15 -17
24 1 -36 -21
-8 -12 19 30
32 8 -34 -22
16 5 -30 2
1 4 17 11
-1 8 10 -14
9 -11 -35 -37
-34 -12 9 12
5 12 8 -3
11 -4 13 10
-5 -14 12 -5
-38 17 11 12
-1 -6 -39 -7
5 -20 41 22
2 -6 30 -13
