-512 -512 -512 -512
-512 -512 -512 -512
193 511 511 372
-512 -512 -512 -512
-512 -512 -512 -512
-512 -86 511 511
511 511 511 511
511 511 291 74
-512 -512 -512 -512
-512 -512 -512 -220
511 511 511 511
-512 -512 -512 -512
-512 -512 -512 -512
-512 -179 511 511
511 511 511 511
511 82 -211 -184
-512 -512 -512 -512
-512 -512 -213 511
511 511 511 511
-415 -512 -512 -512
-512 -512 -512 -512
-512 -314 511 511
511 511 511 -69
-512 -512 -512 -512
-512 -512 -512 -512
-512 -34 511 511
511 511 511 511
-367 -512 -512 -512
-512 -512 -512 -512
-512 -446 389 511
511 19 -512 -512
-512 -512 -512 -512
-512 -512 -512 -512
-512 511 511 511
511 511 511 511
-512 -512 -512 -512
-512 -512 -512 -512
-512 -512 -306 -60
-267 -512 -512 -512
-512 -512 -512 -512
-512 -512 -512 -512
511 511 511 511
511 511 511 -231
-512 -512 -512 -512
-512 -512 -512 -512
-512 -512 -474 -375
-512 -512 -512 -512
-512 -512 -512 -512
-512 -512 -512 161
511 511 511 511
511 511 -512 -512
-512 -512 -512 -512
-512 -512 -512 -512
-512 -131 172 -7
-512 -512 -512 -512
-512 -512 -512 -512
-512 -512 -160 511
511 511 511 324
-512 -512 -512 -512
-512 -512 -512 -512
-512 -512 -512 -512
-218 497 511 400
-164 -512 -512 -512
-512 -512 -512 -512
-38 70 331 494
416 -27 -512 -512
-512 -512 -512 -512
-512 -512 -512 -512
-512 -512 -512 -512
286 511 511 511
218 -266 -512 -512
-512 -512 -363 -185
170 146 122 -62
-494 -512 -512 -512
-512 -512 -512 -512
-512 -512 -512 -512
-512 -512 -512 -185
471 511 511 511
511 325 263 321
409 445 391 226
166 92 -53 -360
-512 -512 -512 -512
-512 -512 -512 -512
-512 -512 -512 -512
-512 -512 -512 -409
139 511 511 511
511 511 511 511
511 511 511 511
511 511 511 307
-100 -512 -512 -512
-512 -512 -512 -512
-512 -512 -512 -512
-512 -512 -512 -512
-279 277 511 511
511 511 511 511
511 511 511 511
511 511 511 511
511 511 511 13
-512 -512 -512 -512
-512 -512 -512 -512
-512 -512 -512 -512
-512 103 511 511
511 511 511 511
511 511 511 511
511 511 511 511
511 511 511 511
511 511 -314 -512
-512 -512 -512 -512
-512 -512 -512 -512
-363 412 511 511
511 511 511 511
511 511 511 511
511 511 511 511
511 511 511 511
511 511 511 -170
-512 -512 -512 -512
-512 -512 -512 -377
414 511 511 511
511 511 511 511
511 511 511 511
511 511 511 511
511 511 511 511
511 511 511 -14
-512 -512 -512 -512
-512 -512 -512 -52
511 511 511 511
511 511 511 511
511 511 511 486
