-17 -14 -50 24
-43 -9 8 16
2 -44 -6 -45
-27 -8 7 -28
-29 -2 -5 -10
-11 26 -35 -15
-25 -28 -34 -39
40 -27 -4 -17
-30 27 -19 13
2 41 -11 -37
26 8 7 7
10 -21 -39 14
34 -10 15 21
0 -12 -8 30
-29 4 27 -19
-20 -25 41 6
16 8 -6 21
-10 -10 9 10
3 -4 14 13
-1 27 22 1
3 0 16 -18
11 17 -2 11
7 22 -8 10
24 -1 -6 -1
11 25 -1 6
-25 13 -15 15
7 0 5 -9
46 10 36 7
3 -4 -16 20
-12 12 6 19
10 0 21 9
17 7 1 -23
-17 -7 -13 10
-14 23 -43 -7
-26 5 31 -15
31 -54 8 -11
9 23 -26 26
-34 3 -12 -9
12 -9 19 -20
-25 -24 -7 7
-24 -28 -10 -32
-16 0 -14 19
-15 -3 -31 -33
2 -26 5 -17
-8 -5 -11 16
-3 -8 0 -24
-20 -37 -30 -8
-29 12 -21 -16
-3 -4 15 -17
18 12 17 23
14 23 -17 12
8 18 10 15
25 3 30 17
34 0 24 8
-7 3 -13 24
-18 33 1 3
4 -1 -7 27
8 -1 -2 -13
-5 13 41 38
0 12 8 12
29 21 29 -14
12 12 -3 13
14 39 4 3
-5 -20 -4 18
-19 32 -20 -30
-36 1 -17 -32
30 -7 -34 1
29 31 -9 21
13 -49 -2 4
0 -23 3 37
-37 -8 13 -4
-11 -12 9 -58
-7 -23 -14 -9
-5 -37 11 -11
-8 -7 -5 23
-34 33 0 3
3 -9 30 -39
22 -5 -7 -4
-12 15 -36 2
-8 -13 -29 -12
-28 -31 3 -28
27 -8 3 -21
-8 20 -7 27
-26 -5 -29 11
25 5 32 -5
24 -23 7 -9
-16 4 -22 1
-53 -5 -12 13
-10 11 17 -35
7 30 10 29
34 24 -26 -8
47 13 18 30
21 8 7 64
23 5 37 15
-7 -30 14 10
-10 36 18 -17
10 -23 2 7
-1 -10 -8 22
-19 5 35 3
22 -1 41 4
-1 46 -9 16
-8 27 5 -18
38 0 4 -6
8 -7 -25 5
-25 -13 -1 -48
-4 -13 -43 -48
-18 8 -12 9
20 -15 -23 12
7 -12 -27 3
-24 -39 2 -6
-6 -12 17 -13
-57 -24 -21 -31
-3 0 -9 -22
-19 -18 8 4
18 -9 -18 -3
10 35 14 15
-7 -8 1 8
9 5 8 6
-9 -17 -6 -7
13 -1 -7 -35
-25 13 -29 26
-9 28 9 -12
30 -6 29 -1
12 -3 -5 22
21 27 16 37
1 24 -9 20
-8 -9 24 -36
21 -37 33 3
