-512 -512 -512 -507
69 511 511 511
511 511 511 511
511 198 -507 -512
-512 -512 -512 -512
-512 -512 -512 -512
-512 -512 -512 -512
-512 -512 -512 -512
-512 -512 -196 213
511 511 511 511
511 511 511 483
11 -512 -512 -512
-512 -512 -512 -512
-512 -512 -512 -512
-512 -512 -512 -512
-512 -512 -512 -512
511 511 511 511
511 511 511 511
511 511 23 -512
-512 -512 -512 -512
-512 -512 -512 -512
-512 -512 -512 -512
-512 -512 -512 -512
-512 -512 -512 -512
511 511 511 511
511 511 511 511
511 -6 -512 -512
-512 -512 -512 -512
-512 -512 -512 -512
-512 -512 -512 -512
-512 -512 -512 -512
-512 -512 -512 -370
511 511 511 511
511 511 511 511
511 185 -512 -512
-512 -512 -512 -512
-512 -512 -512 -512
-512 -512 -512 -512
-512 -512 -512 -512
-512 -512 -105 155
511 511 511 511
511 511 511 511
261 -320 -512 -512
-512 -512 -512 -512
-512 -512 -512 -512
-512 -512 -512 -512
-512 -512 -180 380
511 511 511 511
511 511 511 511
511 511 511 511
-20 -512 -512 -512
-512 -512 -512 -512
-512 -512 -512 -512
-512 -294 188 511
511 511 511 511
511 511 511 511
511 511 511 511
511 511 511 511
201 -185 -512 -512
-512 -512 -512 -498
-169 215 511 511
511 511 511 511
511 511 511 511
511 511 511 511
511 511 511 511
511 511 511 511
511 415 364 402
511 511 511 511
511 511 511 511
511 511 511 511
511 511 511 511
511 511 511 511
511 511 511 511
511 511 511 511
511 511 511 511
511 511 511 511
511 511 511 511
511 511 511 511
511 511 511 511
511 511 443 324
511 511 511 511
511 511 511 511
511 511 511 511
511 511 511 511
511 511 511 511
511 511 511 511
511 511 511 128
-356 -512 -512 -512
511 511 511 511
511 511 511 511
511 511 511 511
511 511 511 511
511 511 511 511
511 511 511 511
511 287 -322 -512
-512 -512 -512 -512
511 511 511 511
511 511 511 511
511 511 511 511
511 511 511 511
511 511 511 511
511 511 511 511
106 -355 -512 -512
-512 -512 -512 -512
511 511 511 511
511 511 511 511
511 511 511 511
511 511 511 511
511 511 511 511
511 487 59 -298
-512 -512 -512 -512
-512 -512 -512 -512
511 511 511 511
511 511 511 511
511 511 511 511
511 511 511 511
511 511 211 -91
-333 -512 -512 -512
-512 -512 -512 -512
-512 -512 -512 -512
511 511 511 511
511 511 511 511
511 511 511 511
511 511 250 -69
-329 -512 -512 -512
-512 -512 -512 -512
-512 -512 -512 -512
-512 -512 -512 -512
511 511 511 511
511 511 511 511
511 511 511 501
177 -168 -498 -512
-512 -512 -512 -512
-512 -512 -512 -512
-512 -362 -65 188
425 511 511 511
380 407 448 506
511 511 511 511
511 500 298 79
-203 -488 -512 -512
-512 -512 -512 -512
-512 -512 -471 -148
244 511 511 511
511 511 511 511
-512 -512 -411 -249
-95 73 197 310
331 307 180 28
-213 -446 -512 -512
-512 -512 -512 -512
-512 -267 172 511
511 511 511 511
511 511 511 511
-512 -512 -512 -512
-286 -34 172 359
442 476 406 303
91 -111 -333 -500
-512 -512 -512 -385
-102 293 511 511
511 511 511 511
511 511 511 511
-512 -512 -512 -244
11 278 493 511
511 511 511 511
506 332 136 -9
-127 -137 -47 173
467 511 511 511
511 511 511 511
511 511 511 511
-70 12 185 413
511 511 511 511
511 511 511 511
511 511 511 511
511 511 511 511
511 511 511 511
511 511 511 511
511 511 511 511
511 511 511 511
511 511 511 511
511 511 511 511
511 511 511 511
511 511 511 511
511 511 511 511
511 511 511 511
511 511 511 511
511 511 511 511
511 511 511 511
511 511 511 511
511 511 511 511
511 511 511 511
511 511 511 511
511 511 511 511
511 511 511 511
511 511 511 511
511 511 511 511
511 511 511 511
511 511 511 511
511 511 511 511
511 511 511 511
511 511 511 511
511 511 511 480
511 511 511 511
511 511 511 511
511 511 511 511
511 511 511 511
511 511 511 511
511 511 511 511
511 511 511 -85
-512 -512 -512 -512
511 511 511 511
511 511 511 511
511 511 511 511
511 511 511 511
511 511 511 511
511 511 511 511
511 481 -388 -512
-512 -512 -512 -512
511 511 511 511
511 511 511 511
511 511 511 511
511 511 511 511
511 511 511 511
511 511 511 511
511 -199 -512 -512
-512 -512 -512 -512
511 511 511 511
511 511 511 511
511 511 511 511
511 511 511 511
511 511 511 511
511 511 511 77
-489 -512 -512 -512
-512 -512 -512 -512
511 511 511 511
511 511 511 511
511 511 511 511
511 511 511 511
511 511 511 511
382 -294 -512 -512
-512 -512 -512 -512
-512 -512 -512 -512
511 511 511 511
511 511 511 511
511 511 511 511
511 511 511 511
511 511 511 -293
-512 -512 -512 -512
-512 -512 -512 -512
-375 105 459 511
511 511 511 511
511 511 511 511
511 511 511 511
511 511 511 511
511 511 -132 -512
-512 -512 -512 -512
-512 -512 -512 -512
178 511 511 511
