511 511 511 511
511 203 -241 138
511 511 511 511
511 511 -216 263
511 511 511 511
511 511 -299 -71
511 511 511 511
511 511 0 -344
511 511 511 511
511 511 511 -239
409 233 511 511
511 511 511 238
202 -40 511 511
511 511 511 511
-512 -512 32 511
511 511 511 511
-512 -512 -461 511
511 511 511 309
-512 -512 -512 -170
437 511 511 -512
-512 -512 -512 -512
-277 114 33 -512
-512 -512 -512 -512
-275 169 -142 -512
-512 -512 -512 -512
249 511 333 -512
-512 -512 -512 -512
511 511 511 -512
-512 -512 -512 -512
511 511 511 -512
-512 -512 -512 -512
485 511 511 511
-512 -512 -512 -512
-173 511 511 511
-501 -512 -512 -512
-512 500 511 511
-512 -224 447 110
-512 -209 511 511
-512 -272 511 511
0 -434 511 511
-512 -512 511 511
511 102 511 511
-512 -512 511 511
511 511 511 511
-512 -512 511 511
511 511 511 511
-163 -512 -180 511
511 511 511 511
511 -512 -512 511
511 511 511 511
511 -501 -512 -117
511 511 511 511
511 511 -512 -512
511 511 511 511
511 511 -512 -512
511 511 511 511
511 511 -4 -512
-348 511 511 511
511 511 511 -512
-512 511 511 511
511 511 511 -282
-512 -512 511 511
511 511 511 133
-512 -512 511 511
