-512 -462 324 -512
-512 -512 -512 -512
-512 -47 -228 -512
-512 -512 -512 -487
511 511 -512 -512
-512 -512 -200 511
511 -512 -512 -512
-512 -512 245 511
511 233 -512 -512
-512 511 511 511
511 511 511 511
511 397 -512 -512
511 511 511 511
148 -512 -512 -512
511 511 511 -382
-512 -512 -512 -512
511 511 -23 -512
-512 -512 -512 -114
511 511 -39 -512
-512 218 511 511
511 511 511 -29
79 511 511 511
511 511 511 511
511 511 511 511
511 511 511 511
511 511 -254 -512
511 511 511 511
511 -230 -512 -512
511 511 511 511
231 -512 -512 -512
511 511 511 511
-512 -512 -512 511
