0
0
0
-28
0
0
0
0
0
0
0
-161
0
0
0
0
0
0
0
0
0
-28
0
0
0
0
0
-66
0
0
0
0
0
0
0
0
0
0
0
0
0
0
0
0
0
0
0
0
0
0
0
0
0
0
0
0
0
0
0
0
0
0
0
0
0
0
0
140
0
0
0
0
0
0
0
0
0
0
0
0
0
0
0
0
0
0
0
0
0
0
0
0
0
0
0
0
0
0
0
0
0
0
0
0
0
0
0
0
0
0
0
0
129
0
0
0
-219
0
0
-78
0
0
0
0
-216
0
0
0
0
0
0
0
0
0
0
0
0
0
0
0
-120
0
0
0
0
0
0
0
0
0
0
0
0
0
0
0
0
0
0
0
0
0
0
0
0
0
0
0
0
0
0
-64
0
0
0
0
0
0
0
0
0
0
0
0
0
0
184
0
0
0
0
0
0
-239
0
0
0
0
0
0
-185
0
0
0
0
0
0
0
0
0
0
0
0
0
0
-129
-90
0
0
0
0
0
0
0
0
0
0
0
0
0
0
0
0
0
0
0
0
0
0
0
0
0
0
0
0
0
0
0
0
0
0
0
0
0
0
0
