-29 10 -10 13
24 7 -36 6
10 -12 -7 -30
7 -30 12 -1
-34 7 -24 14
25 15 -18 7
23 -16 21 11
2 -3 -2 0
16 13 10 18
-12 11 17 -4
39 8 26 22
-27 20 -7 16
37 -3 11 -9
-5 0 6 -1
-10 14 -9 -17
-23 -33 -7 -2
-11 -30 -7 -10
3 -25 15 -24
-52 8 -11 -12
-12 9 -11 2
-13 -28 -6 -4
16 -6 31 -34
-36 31 14 25
5 30 -6 25
1 -35 22 5
-7 -15 -15 2
8 31 17 -4
-6 22 23 17
11 -4 -6 12
-10 -22 12 -37
-5 10 -10 -1
-26 15 -11 17
-18 14 -18 11
-9 -4 -21 -6
42 -5 15 10
1 18 16 16
7 5 2 -6
-2 -8 -34 7
0 -14 -5 -13
3 -15 15 3
-38 22 -48 -10
13 -1 -30 -14
-12 -32 -7 -12
19 -29 4 6
-32 4 -29 -9
29 20 -34 4
-4 -23 34 22
25 -3 18 18
16 -4 26 9
1 21 -19 17
31 19 31 1
-7 -11 19 21
22 16 -23 11
-3 5 5 -24
14 -6 4 -3
-45 -25 -21 10
-10 -15 7 20
8 -17 21 -16
-13 8 -14 -15
-29 19 -17 -7
-11 -29 16 3
15 -7 28 -4
-16 36 -2 2
3 14 -9 -3
