-512 -512 -512 -512
431 511 304 -512
-512 -512 -512 -512
-227 511 511 214
-512 -512 -512 511
511 511 511 -512
-512 -512 -512 -512
-118 -137 -512 -512
-512 -512 431 511
511 511 511 -512
-512 -512 -512 -512
-512 -512 -512 -512
-512 265 511 511
511 -59 -512 -512
-512 -512 -512 -512
-512 -512 -512 -512
511 511 511 -80
-512 -512 -512 -512
-512 -512 -512 -512
-512 -512 -512 -512
511 511 224 -512
-512 -512 -512 -512
-512 -512 -512 -512
-512 -460 511 511
511 511 511 511
511 102 -512 -512
-512 -512 -512 -512
-496 511 511 511
511 511 511 511
511 511 475 -512
-512 -512 -512 457
511 511 511 511
