511 511 511 511
511 511 511 511
511 511 511 511
121 -512 -512 -512
-512 -512 -512 -512
-71 511 511 511
511 511 511 511
511 511 511 511
-512 -512 -512 -512
-512 -512 -512 -512
-512 -512 -512 -512
-512 -512 -512 -512
-512 -41 511 511
511 511 511 511
511 511 511 511
511 511 511 511
-512 -512 -512 -512
-512 -512 -512 -98
511 511 511 511
511 72 -512 -512
-512 -512 -512 -512
-512 -512 -6 511
511 511 511 511
511 511 511 511
-512 -512 -512 -512
-512 -512 -512 -512
-512 -512 -512 -512
-512 -512 -512 -512
-512 -512 -512 -512
-512 -512 -512 -512
-512 -432 -222 -41
52 100 84 65
