-17 37 7 -6
23 12 -4 10
10 24 4 -17
5 19 -6 23
-20 27 14 5
17 17 -3 2
-4 34 6 -15
-2 19 29 -10
-6 20 28 -20
-6 16 16 1
-1 -2 15 2
25 8 3 -5
17 10 -15 0
18 -21 4 22
-9 15 1 5
14 5 -16 13
-18 27 5 -9
-6 35 -12 -3
-23 52 -6 -20
-14 11 -3 13
-16 16 -9 -4
24 10 -15 -6
6 -5 3 -21
23 -13 -21 20
6 -4 -3 -24
27 -24 -1 6
-9 -8 -2 -1
24 -15 2 -16
5 -3 -8 -6
-16 -7 -16 17
-4 -4 -26 21
-16 10 -18 -5
-27 19 -23 18
-17 0 -17 -2
-1 6 -16 -21
-15 1 -13 5
-10 -19 0 -14
34 -20 -29 0
8 -15 -20 -27
50 -53 -21 16
9 -17 -16 -26
29 -32 -18 7
-28 0 1 -8
1 5 -30 -6
-8 19 -35 0
-41 11 -5 -6
-17 5 -32 32
-24 -1 -26 2
9 -30 -24 23
-2 -8 -30 5
19 -25 -11 -12
7 -39 1 8
-12 -18 12 -20
40 -37 7 -18
10 -21 8 -34
16 -17 4 -6
-7 8 -7 -13
1 -6 -20 13
-21 21 -33 24
-6 19 -17 -12
-10 30 -24 9
-37 20 -21 18
-4 1 -9 14
-5 14 -21 5
9 -17 -3 10
26 -27 8 -2
19 -15 18 -25
22 -39 23 9
2 -24 41 -16
13 6 33 -31
-11 22 20 -11
-19 9 31 -11
4 22 -19 23
-26 24 15 -4
-2 7 -14 47
-10 30 -26 12
11 22 -13 11
-10 12 -6 25
-7 17 16 -4
16 3 27 -11
-12 10 49 -30
25 -1 23 -5
21 -3 33 -30
7 -1 40 -3
-11 13 19 16
11 3 26 -12
11 13 -1 23
-31 29 26 -6
13 7 -2 33
-40 33 12 4
-1 6 -5 44
-2 12 9 -4
24 -1 3 4
-5 -5 32 3
-10 3 47 -22
12 4 19 -6
-8 8 35 -23
8 8 40 -27
0 22 6 -13
-2 -9 20 8
7 -12 -8 32
7 13 -15 3
19 -6 -21 30
-18 7 -5 11
-1 12 -11 17
-23 0 18 -5
-1 -20 15 14
-15 12 29 -35
12 -17 19 -12
-17 -15 19 2
11 -28 -2 13
5 -23 26 -21
-2 -17 -1 12
1 -18 3 -7
14 -14 -10 -1
-20 -6 -8 10
-3 -16 -23 26
4 -8 -13 -10
0 -3 -26 7
-2 -22 -13 9
11 -23 -8 -6
-19 -1 2 -12
-21 -12 8 1
-7 -6 1 -23
15 -21 -20 4
-22 -27 21 -12
16 -48 -16 29
-2 -29 -13 0
